0.270000	1.870000	54.000
0.270000	1.870000	42.000
0.270000	1.090000	58.000
1.140000	1.650000	65.000
1.700000	1.870000	63.000
1.700000	1.870000	56.000
1.700000	1.870000	44.000
1.920000	3.040000	85.000
1.920000	3.040000	61.000
1.920000	3.040000	46.000
3.090000	3.470000	59.000
3.090000	3.470000	56.000
3.090000	3.470000	47.000
3.520000	4.980000	49.000
3.520000	4.280000	58.000
3.520000	4.280000	54.000
3.520000	4.280000	46.000
4.330000	4.980000	56.000
4.330000	4.980000	53.000
4.330000	4.980000	51.000
4.330000	4.980000	37.000
5.030000	5.750000	49.000
5.030000	5.120000	57.000
5.170000	5.750000	58.000
5.170000	5.750000	54.000
5.170000	5.750000	42.000
5.510000	5.700000	56.000
5.800000	6.710000	42.000
5.800000	6.500000	82.000
5.800000	6.500000	77.000
5.800000	6.500000	60.000
5.800000	6.500000	59.000
5.800000	6.500000	58.000
6.550000	6.900000	80.000
6.550000	6.900000	61.000
6.550000	6.710000	81.000
6.550000	6.710000	62.000
6.760000	7.630000	46.000
6.760000	7.210000	53.000
6.950000	7.500000	61.000
7.260000	7.500000	53.000
7.680000	8.350000	46.000
7.680000	8.130000	61.000
7.830000	8.130000	53.000
7.830000	8.130000	49.000
8.180000	8.570000	54.000
8.180000	8.350000	72.000
8.180000	8.350000	53.000
8.400000	8.680000	63.000
8.400000	8.680000	59.000
8.400000	8.680000	47.000
8.730000	9.160000	77.000
8.730000	9.160000	58.000
8.730000	9.160000	54.000
9.210000	9.510000	75.000
9.210000	9.510000	56.000
9.560000	9.800000	66.000
9.560000	9.800000	59.000
9.560000	9.800000	54.000
9.850000	9.960000	79.000
9.850000	9.960000	51.000
10.010000	11.170000	56.000
10.010000	10.770000	61.000
10.010000	10.770000	53.000
10.010000	10.270000	49.000
10.320000	11.170000	49.000
10.320000	10.770000	60.000
10.820000	11.570000	59.000
11.220000	12.220000	58.000
11.220000	11.570000	68.000
11.620000	13.010000	42.000
11.620000	11.970000	73.000
12.020000	12.220000	56.000
12.270000	12.780000	82.000
12.270000	12.780000	77.000
12.270000	12.780000	58.000
12.830000	13.210000	44.000
12.830000	13.080000	56.000
12.830000	13.010000	59.000
13.060000	13.210000	42.000
13.130000	13.450000	61.000
13.260000	14.450000	58.000
13.260000	14.380000	46.000
13.260000	13.840000	53.000
13.500000	13.840000	61.000
13.890000	14.610000	53.000
13.890000	14.450000	61.000
14.430000	14.450000	46.000
14.500000	15.100000	46.000
14.500000	14.840000	58.000
14.660000	14.840000	66.000
14.660000	14.840000	54.000
14.890000	15.890000	47.000
14.890000	15.220000	63.000
14.890000	15.220000	58.000
15.270000	15.590000	77.000
15.270000	15.590000	58.000
15.700000	16.450000	59.000
15.700000	16.250000	61.000
15.700000	15.890000	80.000
15.700000	15.890000	75.000
15.700000	15.890000	56.000
15.700000	15.890000	54.000
15.940000	16.630000	47.000
15.940000	16.250000	54.000
15.940000	16.250000	53.000
16.300000	16.450000	54.000
16.500000	17.000000	56.000
16.500000	16.830000	65.000
16.500000	16.630000	61.000
16.680000	16.830000	61.000
16.880000	17.000000	61.000
17.050000	17.250000	80.000
17.050000	17.250000	61.000
17.300000	18.070000	56.000
17.300000	17.660000	61.000
17.710000	19.700000	47.000
17.710000	17.890000	59.000
18.120000	19.280000	35.000
18.120000	18.870000	66.000
18.120000	18.480000	82.000
18.120000	18.480000	63.000
18.120000	18.430000	71.000
18.530000	18.870000	61.000
18.920000	20.500000	61.000
18.920000	19.700000	59.000
18.920000	19.280000	75.000
18.920000	19.280000	63.000
19.330000	19.700000	66.000
19.330000	19.700000	64.000
19.330000	19.700000	42.000
19.750000	21.290000	37.000
19.750000	20.820000	68.000
19.750000	20.500000	66.000
19.750000	20.500000	65.000
19.750000	20.500000	53.000
20.550000	21.290000	61.000
20.550000	21.140000	56.000
20.550000	20.820000	63.000
20.980000	21.290000	80.000
20.980000	21.290000	42.000
21.190000	21.290000	56.000
21.190000	21.290000	54.000
21.190000	21.290000	53.000
21.340000	22.130000	77.000
21.340000	22.130000	74.000
21.340000	22.130000	57.000
21.340000	22.130000	56.000
21.340000	22.130000	39.000
22.180000	22.390000	77.000
22.180000	22.390000	58.000
22.440000	22.490000	70.000
22.540000	23.740000	54.000
22.540000	23.020000	42.000
22.540000	22.780000	59.000
22.540000	22.780000	58.000
22.830000	23.020000	83.000
22.830000	23.020000	78.000
22.830000	23.020000	59.000
23.070000	24.520000	39.000
23.070000	23.740000	80.000
23.070000	23.740000	70.000
23.070000	23.740000	61.000
23.070000	23.740000	60.000
23.790000	25.170000	54.000
23.790000	24.520000	37.000
23.790000	24.420000	75.000
23.790000	24.420000	70.000
24.470000	24.520000	58.000
24.570000	25.370000	35.000
24.570000	25.170000	78.000
24.570000	25.170000	77.000
24.570000	25.170000	71.000
24.570000	25.170000	66.000
24.570000	25.170000	58.000
25.220000	26.070000	47.000
25.220000	25.780000	54.000
25.220000	25.370000	77.000
25.220000	25.370000	58.000
25.420000	26.070000	66.000
25.420000	26.070000	63.000
25.420000	25.780000	59.000
25.830000	26.180000	59.000
25.830000	26.070000	54.000
26.120000	26.180000	63.000
26.120000	26.180000	47.000
26.230000	27.800000	42.000
26.230000	27.350000	49.000
26.230000	26.980000	58.000
26.230000	26.800000	61.000
26.230000	26.640000	54.000
26.850000	28.500000	54.000
27.030000	27.800000	61.000
27.030000	27.800000	58.000
27.400000	27.800000	70.000
27.400000	27.800000	56.000
27.400000	27.800000	51.000
27.400000	27.800000	49.000
27.400000	27.800000	44.000
27.850000	29.280000	35.000
27.850000	28.860000	66.000
27.850000	28.860000	59.000
27.850000	28.500000	82.000
27.850000	28.500000	51.000
28.550000	29.380000	54.000
28.550000	29.380000	47.000
28.550000	28.860000	63.000
28.910000	29.280000	77.000
28.910000	29.280000	58.000
29.330000	29.380000	35.000
29.430000	30.700000	73.000
29.430000	30.700000	37.000
29.430000	30.420000	89.000
29.430000	30.420000	80.000
29.430000	30.420000	78.000
29.430000	30.420000	53.000
29.430000	30.420000	44.000
30.470000	30.700000	80.000
30.470000	30.700000	79.000
30.880000	31.270000	37.000
30.880000	30.970000	44.000
31.170000	31.400000	63.000
31.320000	31.700000	49.000
31.320000	31.400000	53.000
31.450000	31.700000	44.000
31.450000	31.700000	37.000
31.750000	32.550000	49.000
31.750000	32.260000	82.000
31.750000	32.260000	42.000
31.750000	31.980000	78.000
32.030000	32.260000	78.000
32.310000	32.710000	78.000
32.310000	32.550000	73.000
32.310000	32.550000	25.000
32.760000	33.410000	70.000
32.760000	33.280000	77.000
32.760000	32.990000	56.000
32.760000	32.990000	34.000
33.040000	33.410000	58.000
33.330000	33.410000	82.000
33.330000	33.410000	77.000
33.330000	33.410000	53.000
33.460000	33.860000	77.000
33.460000	33.680000	70.000
33.460000	33.550000	58.000
33.600000	33.860000	44.000
33.600000	33.680000	51.000
33.730000	33.860000	70.000
33.730000	33.860000	34.000
34.030000	34.550000	71.000
34.030000	34.250000	78.000
34.030000	34.250000	35.000
34.300000	34.550000	78.000
34.300000	34.550000	59.000
34.600000	34.980000	71.000
34.600000	34.690000	78.000
34.600000	34.690000	59.000
34.740000	35.290000	78.000
34.740000	34.980000	59.000
34.740000	34.980000	54.000
35.160000	37.060000	73.000
35.160000	35.840000	66.000
35.160000	35.290000	59.000
35.160000	35.290000	37.000
35.340000	35.390000	54.000
35.440000	36.730000	61.000
35.440000	35.840000	37.000
35.890000	36.250000	37.000
35.890000	35.970000	66.000
36.020000	36.250000	44.000
36.300000	36.730000	49.000
36.300000	36.730000	42.000
36.300000	36.540000	80.000
36.300000	36.540000	58.000
36.590000	37.120000	68.000
36.590000	36.730000	54.000
36.780000	37.120000	70.000
36.780000	37.060000	66.000
36.780000	37.060000	61.000
36.780000	37.060000	25.000
37.170000	37.260000	61.000
37.170000	37.260000	30.000
37.480000	37.990000	77.000
37.640000	37.840000	70.000
37.750000	38.130000	58.000
37.890000	38.540000	70.000
37.890000	38.130000	34.000
38.040000	38.130000	56.000
38.040000	38.130000	46.000
38.180000	38.410000	54.000
38.460000	38.540000	58.000
38.460000	38.540000	54.000
38.590000	39.020000	59.000
38.590000	39.020000	54.000
38.590000	39.020000	47.000
38.770000	39.280000	71.000
38.770000	39.020000	66.000
38.770000	39.020000	58.000
38.770000	39.020000	35.000
39.070000	39.280000	78.000
39.070000	39.280000	66.000
39.070000	39.280000	59.000
39.070000	39.280000	34.000
39.330000	39.430000	73.000
39.330000	39.430000	61.000
39.330000	39.430000	35.000
39.480000	39.560000	75.000
39.720000	39.840000	37.000
39.790000	40.680000	56.000
39.790000	40.530000	49.000
39.790000	40.240000	66.000
39.790000	39.920000	61.000
39.890000	40.240000	37.000
39.970000	40.830000	25.000
39.970000	40.530000	61.000
39.970000	40.240000	60.000
40.290000	40.680000	66.000
40.290000	40.680000	37.000
40.580000	40.680000	63.000
40.580000	40.680000	51.000
40.730000	40.830000	78.000
40.730000	40.830000	66.000
40.880000	41.330000	78.000
40.880000	41.330000	35.000
40.880000	41.160000	77.000
40.880000	41.160000	65.000
41.210000	41.980000	47.000
41.210000	41.330000	54.000
41.210000	41.270000	63.000
41.380000	42.190000	78.000
41.380000	41.980000	66.000
41.380000	41.910000	65.000
42.030000	43.120000	49.000
42.030000	43.120000	42.000
42.030000	42.190000	66.000
42.030000	42.190000	58.000
42.240000	42.560000	77.000
42.240000	42.400000	68.000
42.240000	42.400000	61.000
42.610000	42.740000	79.000
42.610000	42.740000	61.000
42.610000	42.740000	60.000
42.790000	43.120000	30.000
42.860000	43.120000	61.000
43.170000	43.280000	49.000
43.330000	44.170000	66.000
43.330000	43.550000	23.000
43.330000	43.490000	63.000
43.600000	43.650000	61.000
43.700000	44.120000	59.000
43.700000	44.120000	35.000
43.700000	44.000000	78.000
43.700000	44.000000	42.000
44.050000	44.170000	68.000
44.220000	45.120000	73.000
44.220000	44.550000	42.000
44.220000	44.340000	60.000
44.390000	44.830000	61.000
44.390000	44.550000	30.000
44.600000	45.120000	49.000
44.600000	45.120000	42.000
44.880000	45.400000	61.000
44.880000	45.400000	30.000
44.880000	45.120000	70.000
45.170000	45.400000	49.000
45.170000	45.400000	42.000
45.320000	45.400000	46.000
45.450000	45.840000	47.000
45.620000	45.840000	78.000
45.620000	45.840000	71.000
45.620000	45.840000	58.000
45.620000	45.840000	35.000
45.890000	46.430000	47.000
46.030000	46.550000	35.000
46.030000	46.210000	73.000
46.030000	46.210000	66.000
46.260000	46.430000	73.000
46.260000	46.430000	68.000
46.260000	46.430000	66.000
46.480000	46.550000	57.000
46.600000	46.830000	59.000
46.600000	46.830000	28.000
46.880000	47.130000	77.000
46.880000	46.980000	82.000
46.880000	46.980000	58.000
47.030000	47.280000	47.000
47.030000	47.130000	58.000
47.180000	47.280000	55.000
47.180000	47.280000	28.000
47.330000	47.570000	47.000
47.330000	47.440000	54.000
47.490000	47.570000	73.000
47.490000	47.570000	66.000
47.490000	47.570000	54.000
47.620000	47.700000	49.000
47.750000	48.170000	54.000
47.750000	48.170000	47.000
47.940000	48.170000	35.000
48.220000	48.710000	54.000
48.220000	48.420000	47.000
48.470000	48.710000	77.000
48.470000	48.710000	58.000
48.760000	48.850000	59.000
48.760000	48.850000	36.000
48.900000	49.400000	37.000
48.900000	49.270000	78.000
48.900000	49.270000	73.000
48.900000	49.270000	60.000
49.370000	49.520000	56.000
49.450000	49.690000	37.000
49.570000	49.830000	61.000
49.570000	49.830000	25.000
49.570000	49.690000	56.000
49.740000	49.980000	44.000
49.740000	49.980000	37.000
49.880000	49.980000	25.000
50.030000	51.160000	66.000
50.030000	51.160000	35.000
50.030000	50.260000	71.000
50.030000	50.260000	37.000
50.310000	50.420000	71.000
50.310000	50.420000	42.000
50.470000	51.160000	47.000
50.470000	51.000000	63.000
50.470000	51.000000	54.000
51.210000	51.420000	65.000
51.210000	51.280000	77.000
51.330000	51.710000	37.000
51.330000	51.420000	77.000
51.470000	51.850000	65.000
51.470000	51.590000	77.000
51.470000	51.590000	44.000
51.640000	52.030000	77.000
51.760000	52.300000	41.000
51.900000	52.030000	65.000
52.160000	52.300000	61.000
52.350000	52.860000	42.000
52.350000	52.710000	66.000
52.610000	52.710000	78.000
52.760000	53.270000	85.000
52.760000	52.900000	78.000
52.760000	52.900000	66.000
52.950000	53.440000	41.000
52.950000	53.010000	78.000
52.950000	53.010000	66.000
53.060000	53.440000	29.000
53.170000	53.440000	68.000
53.320000	53.440000	80.000
53.620000	53.980000	82.000
53.620000	53.980000	70.000
53.620000	53.980000	27.000
54.030000	54.260000	61.000
54.180000	54.560000	73.000
54.180000	54.560000	44.000
54.180000	54.560000	37.000
54.310000	54.560000	80.000
54.310000	54.560000	61.000
54.310000	54.400000	68.000
54.450000	55.030000	66.000
54.450000	54.560000	25.000
54.610000	55.560000	35.000
54.610000	55.400000	42.000
54.880000	55.030000	71.000
54.880000	55.030000	23.000
55.080000	55.290000	80.000
55.080000	55.290000	68.000
55.450000	55.970000	66.000
55.610000	55.840000	61.000
55.760000	55.840000	42.000
55.890000	56.020000	42.000
56.070000	56.840000	42.000
56.070000	56.310000	61.000
56.070000	56.310000	58.000
56.070000	56.310000	49.000
56.360000	56.540000	57.000
56.590000	56.840000	66.000
56.590000	56.840000	61.000
56.590000	56.840000	54.000
56.590000	56.840000	49.000
56.890000	57.640000	47.000
56.890000	57.110000	78.000
57.070000	57.330000	42.000
57.160000	57.330000	61.000
57.380000	57.840000	35.000
57.380000	57.640000	78.000
57.380000	57.640000	59.000
57.380000	57.640000	42.000
57.690000	57.840000	70.000
57.690000	57.840000	58.000
58.050000	58.130000	78.000
58.050000	58.130000	59.000
58.180000	58.700000	42.000
58.310000	58.590000	85.000
58.310000	58.590000	49.000
58.640000	58.910000	30.000
58.750000	59.400000	42.000
58.750000	58.830000	58.000
58.750000	58.830000	49.000
58.960000	59.130000	80.000
58.960000	59.130000	73.000
58.960000	59.130000	61.000
59.180000	60.100000	35.000
59.180000	59.560000	78.000
59.180000	59.400000	71.000
59.450000	60.100000	71.000
59.610000	59.970000	59.000
59.610000	59.860000	83.000
59.610000	59.860000	78.000
60.020000	60.100000	47.000
60.200000	60.280000	64.000
60.200000	60.280000	47.000
60.330000	60.430000	37.000
60.580000	60.990000	37.000
60.720000	61.410000	73.000
60.720000	61.100000	65.000
61.040000	61.410000	37.000
61.150000	61.350000	85.000
61.460000	61.680000	59.000
61.600000	61.810000	42.000
61.600000	61.680000	58.000
61.730000	61.970000	59.000
61.730000	61.970000	54.000
61.860000	61.970000	35.000
62.020000	62.260000	60.000
62.020000	62.120000	79.000
62.170000	62.260000	79.000
62.170000	62.260000	55.000
62.310000	62.550000	60.000
62.310000	62.420000	79.000
62.310000	62.420000	36.000
62.600000	62.840000	73.000
62.750000	63.060000	61.000
62.890000	63.140000	73.000
62.890000	63.060000	80.000
62.890000	63.060000	37.000
63.190000	64.410000	37.000
63.190000	63.270000	83.000
63.190000	63.270000	64.000
63.320000	66.990000	78.000
63.320000	63.690000	80.000
63.320000	63.690000	77.000
63.740000	65.560000	66.000
63.740000	64.410000	30.000
64.750000	64.990000	46.000
65.170000	65.430000	34.000
65.320000	65.430000	46.000
65.610000	65.980000	66.000
65.750000	65.980000	34.000
65.910000	65.980000	46.000
66.030000	66.410000	35.000
66.030000	66.260000	66.000
66.310000	66.410000	66.000
66.460000	66.700000	66.000
66.460000	66.700000	34.000
66.750000	66.990000	66.000
66.750000	66.990000	47.000
67.040000	67.850000	37.000
67.040000	67.280000	56.000
67.040000	67.280000	49.000
67.460000	68.260000	49.000
67.620000	67.980000	83.000
67.620000	67.980000	78.000
67.900000	68.260000	37.000
68.030000	69.680000	73.000
68.030000	68.260000	89.000
68.030000	68.260000	25.000
68.310000	69.000000	49.000
68.310000	68.710000	42.000
68.310000	68.550000	85.000
68.310000	68.550000	80.000
68.310000	68.550000	78.000
68.600000	69.680000	78.000
68.600000	69.120000	85.000
68.600000	69.000000	68.000
68.600000	68.710000	30.000
68.760000	69.270000	66.000
68.760000	69.120000	61.000
68.760000	69.000000	25.000
69.050000	69.270000	49.000
69.050000	69.270000	42.000
69.170000	69.270000	30.000
69.320000	69.850000	66.000
69.320000	69.680000	61.000
69.320000	69.550000	46.000
69.730000	70.140000	34.000
69.900000	70.980000	78.000
69.900000	70.270000	89.000
69.900000	70.270000	82.000
69.900000	70.140000	46.000
70.190000	70.270000	46.000
70.320000	70.420000	56.000
70.470000	70.550000	58.000
70.470000	70.550000	32.000
70.600000	70.980000	35.000
70.600000	70.830000	71.000
71.030000	71.260000	53.000
71.030000	71.260000	46.000
71.030000	71.260000	34.000
71.310000	71.410000	54.000
71.310000	71.410000	47.000
71.610000	72.550000	78.000
71.610000	71.980000	71.000
71.610000	71.850000	56.000
71.610000	71.850000	49.000
71.610000	71.850000	42.000
71.900000	72.410000	49.000
72.030000	72.550000	37.000
72.030000	72.410000	44.000
72.180000	72.850000	25.000
72.180000	72.550000	71.000
72.600000	72.850000	37.000
72.600000	72.790000	89.000
72.900000	73.280000	49.000
72.900000	73.040000	58.000
73.330000	73.680000	58.000
73.330000	73.430000	70.000
73.480000	73.850000	42.000
73.480000	73.680000	61.000
73.730000	73.890000	78.000
73.940000	73.990000	49.000
74.040000	74.260000	61.000
74.310000	74.400000	63.000
74.310000	74.400000	58.000
74.450000	74.580000	73.000
74.450000	74.580000	61.000
74.730000	75.110000	53.000
74.870000	75.370000	54.000
74.870000	75.110000	77.000
74.870000	75.110000	72.000
74.870000	75.110000	34.000
75.160000	75.700000	47.000
75.160000	75.370000	59.000
75.420000	75.570000	70.000
75.420000	75.570000	58.000
75.420000	75.570000	35.000
75.750000	75.980000	47.000
75.750000	75.850000	59.000
75.750000	75.850000	54.000
76.030000	76.170000	59.000
76.030000	76.170000	47.000
76.030000	76.110000	54.000
76.220000	76.340000	56.000
76.220000	76.340000	47.000
76.390000	76.420000	49.000
76.470000	76.840000	59.000
76.470000	76.840000	49.000
76.470000	76.610000	56.000
76.660000	77.890000	61.000
76.890000	77.410000	56.000
76.890000	77.110000	49.000
77.020000	77.410000	68.000
77.020000	77.410000	59.000
77.020000	77.410000	37.000
77.160000	77.410000	49.000
77.460000	77.680000	58.000
77.460000	77.680000	42.000
77.730000	78.150000	54.000
77.730000	78.150000	42.000
77.730000	77.890000	49.000
77.940000	78.150000	70.000
77.940000	78.150000	61.000
77.940000	78.150000	58.000
78.200000	78.420000	78.000
78.200000	78.420000	59.000
78.340000	78.700000	42.000
78.340000	78.420000	49.000
78.620000	79.000000	66.000
78.620000	79.000000	54.000
78.620000	78.700000	61.000
78.750000	78.830000	63.000
78.880000	79.000000	42.000
78.880000	79.000000	34.000
79.050000	79.130000	66.000
79.180000	79.280000	54.000
79.330000	79.680000	46.000
79.330000	79.430000	61.000
79.330000	79.430000	54.000
79.480000	79.680000	54.000
79.730000	80.010000	47.000
79.920000	79.970000	75.000
79.920000	79.970000	59.000
80.060000	80.150000	54.000
80.060000	80.150000	47.000
80.200000	80.450000	68.000
80.200000	80.450000	59.000
80.200000	80.280000	75.000
80.330000	80.450000	75.000
80.500000	80.700000	54.000
80.750000	80.990000	49.000
80.890000	81.280000	61.000
81.040000	81.280000	56.000
81.040000	81.280000	49.000
81.040000	81.130000	59.000
81.180000	81.280000	68.000
81.180000	81.280000	37.000
81.330000	81.560000	66.000
81.330000	81.490000	61.000
81.330000	81.490000	32.000
81.610000	81.850000	37.000
81.730000	81.850000	66.000
81.730000	81.850000	51.000
81.730000	81.850000	44.000
81.900000	81.960000	61.000
82.010000	82.180000	42.000
82.310000	82.420000	54.000
82.310000	82.420000	47.000
82.470000	82.700000	82.000
82.470000	82.700000	75.000
82.470000	82.700000	63.000
82.610000	82.700000	59.000
82.610000	82.700000	54.000
82.610000	82.700000	47.000
82.890000	83.000000	78.000
82.890000	83.000000	66.000
83.050000	83.130000	77.000
83.050000	83.130000	37.000
83.370000	83.540000	68.000
83.370000	83.540000	64.000
83.370000	83.540000	37.000
83.590000	83.860000	44.000
83.590000	83.700000	61.000
83.750000	84.160000	71.000
83.750000	83.970000	37.000
83.750000	83.860000	59.000
83.910000	84.160000	59.000
83.910000	84.160000	56.000
84.020000	84.270000	37.000
84.210000	84.480000	58.000
84.320000	84.480000	49.000
84.610000	84.770000	49.000
84.610000	84.770000	42.000
84.610000	84.710000	56.000
84.900000	84.980000	58.000
85.170000	85.280000	41.000
85.170000	85.280000	29.000
85.330000	85.500000	83.000
85.330000	85.500000	78.000
85.740000	86.000000	81.000
85.740000	86.000000	62.000
85.740000	86.000000	27.000
86.050000	86.410000	51.000
86.170000	86.560000	27.000
86.300000	86.410000	63.000
86.610000	86.830000	66.000
86.610000	86.830000	59.000
86.880000	87.570000	59.000
87.060000	87.170000	55.000
87.220000	87.400000	73.000
87.220000	87.400000	66.000
87.220000	87.400000	35.000
87.450000	87.780000	54.000
87.450000	87.570000	25.000
87.620000	87.850000	51.000
87.830000	88.160000	61.000
87.830000	87.850000	63.000
88.010000	88.400000	70.000
88.010000	88.130000	49.000
88.210000	88.400000	48.000
88.210000	88.400000	42.000
88.210000	88.400000	27.000
88.450000	88.590000	42.000
88.450000	88.550000	49.000
88.640000	88.770000	70.000
88.640000	88.770000	32.000
88.820000	88.870000	46.000
88.920000	89.060000	54.000
88.920000	89.060000	47.000
89.190000	89.560000	63.000
89.190000	89.410000	66.000
89.190000	89.410000	51.000
89.190000	89.410000	35.000
89.460000	89.690000	47.000
89.610000	89.850000	42.000
89.740000	89.850000	58.000
89.900000	89.990000	63.000
89.900000	89.990000	58.000
89.900000	89.990000	49.000
90.040000	90.410000	66.000
90.040000	90.140000	83.000
90.040000	90.140000	59.000
90.460000	90.700000	66.000
90.460000	90.560000	85.000
90.460000	90.560000	80.000
91.040000	91.130000	66.000
91.040000	91.130000	61.000
91.180000	91.560000	66.000
91.450000	91.670000	37.000
91.610000	92.540000	61.000
91.610000	92.250000	56.000
91.610000	91.670000	66.000
91.720000	91.940000	66.000
91.720000	91.840000	64.000
91.720000	91.840000	32.000
91.890000	92.250000	73.000
91.890000	92.200000	37.000
91.990000	92.820000	66.000
91.990000	92.200000	44.000
92.300000	92.350000	49.000
92.400000	92.990000	49.000
92.400000	92.820000	78.000
92.400000	92.820000	42.000
92.870000	93.210000	61.000
92.870000	92.990000	68.000
92.870000	92.990000	66.000
92.870000	92.990000	25.000
93.040000	93.280000	49.000
93.170000	93.280000	42.000
93.260000	93.520000	61.000
93.330000	93.420000	46.000
93.470000	93.570000	68.000
93.620000	93.990000	58.000
93.870000	94.230000	77.000
93.870000	93.990000	82.000
93.870000	93.990000	70.000
94.040000	94.270000	32.000
94.040000	94.230000	70.000
94.040000	94.230000	68.000
94.320000	94.580000	34.000
94.320000	94.410000	70.000
94.460000	94.830000	59.000
94.460000	94.580000	53.000
94.460000	94.580000	46.000
94.630000	94.700000	35.000
94.750000	95.120000	35.000
94.750000	94.830000	78.000
94.880000	95.120000	78.000
94.880000	95.120000	71.000
95.170000	95.690000	71.000
95.170000	95.410000	59.000
95.170000	95.260000	78.000
95.310000	95.690000	78.000
95.310000	95.510000	47.000
95.310000	95.410000	54.000
95.460000	95.560000	59.000
95.610000	95.980000	61.000
95.610000	95.690000	59.000
95.740000	96.990000	49.000
95.740000	95.930000	56.000
95.740000	95.870000	59.000
96.030000	96.820000	68.000
96.030000	96.700000	37.000
96.030000	96.260000	61.000
96.310000	96.540000	61.000
96.590000	97.280000	61.000
96.590000	96.820000	56.000
96.590000	96.820000	25.000
96.750000	97.110000	37.000
96.870000	97.280000	68.000
96.870000	97.280000	42.000
97.040000	97.280000	49.000
97.330000	97.780000	68.000
97.330000	97.780000	61.000
97.330000	97.680000	66.000
97.600000	97.850000	49.000
97.600000	97.850000	42.000
97.900000	98.120000	58.000
98.170000	98.980000	70.000
98.320000	98.830000	58.000
98.420000	98.830000	34.000
98.420000	98.520000	61.000
98.570000	98.830000	56.000
98.570000	98.830000	54.000
98.570000	98.830000	46.000
98.880000	98.980000	66.000
98.880000	98.980000	58.000
99.150000	99.820000	71.000
99.150000	99.580000	35.000
99.340000	99.580000	75.000
99.340000	99.580000	66.000
99.340000	99.580000	58.000
99.630000	99.820000	78.000
99.630000	99.820000	75.000
99.630000	99.820000	59.000
99.630000	99.820000	34.000
99.870000	99.980000	54.000
100.030000	100.130000	75.000
100.180000	100.550000	56.000
100.340000	101.270000	37.000
100.340000	101.120000	73.000
100.340000	100.850000	68.000
100.340000	100.850000	66.000
100.600000	101.270000	25.000
100.600000	101.120000	61.000
100.600000	101.120000	56.000
100.600000	100.850000	60.000
100.900000	101.120000	68.000
100.900000	101.120000	66.000
101.170000	101.270000	56.000
101.320000	101.430000	66.000
101.480000	101.980000	78.000
101.480000	101.890000	35.000
101.480000	101.770000	77.000
101.480000	101.770000	65.000
101.820000	102.520000	47.000
101.820000	101.890000	63.000
101.940000	102.810000	66.000
101.940000	101.980000	54.000
102.030000	102.520000	85.000
102.030000	102.520000	78.000
102.030000	102.520000	65.000
102.030000	102.520000	35.000
102.570000	102.970000	49.000
102.570000	102.970000	42.000
102.570000	102.810000	78.000
102.570000	102.810000	58.000
103.020000	103.320000	49.000
103.020000	103.320000	42.000
103.370000	103.660000	49.000
103.370000	103.660000	42.000
103.440000	103.660000	78.000
103.440000	103.660000	61.000
103.710000	104.030000	42.000
103.880000	104.550000	23.000
103.880000	104.130000	68.000
103.880000	104.130000	54.000
103.880000	104.030000	75.000
104.080000	104.690000	35.000
104.080000	104.490000	42.000
104.180000	104.550000	59.000
104.310000	104.690000	78.000
104.600000	104.690000	59.000
104.600000	104.690000	23.000
104.740000	104.860000	59.000
104.910000	105.120000	73.000
104.910000	105.120000	70.000
104.910000	105.120000	61.000
104.910000	105.120000	30.000
105.170000	105.700000	49.000
105.290000	106.140000	42.000
105.290000	105.390000	62.000
105.540000	105.840000	30.000
105.540000	105.700000	68.000
105.750000	105.980000	49.000
105.890000	106.400000	66.000
105.890000	105.980000	46.000
105.890000	105.980000	30.000
106.030000	106.400000	54.000
106.030000	106.400000	47.000
106.190000	106.400000	78.000
106.190000	106.400000	58.000
106.190000	106.400000	35.000
106.450000	107.380000	47.000
106.600000	106.870000	54.000
106.850000	107.380000	66.000
106.920000	107.380000	54.000
107.170000	107.380000	59.000
107.430000	107.550000	77.000
107.430000	107.550000	58.000
107.430000	107.550000	54.000
107.430000	107.550000	47.000
107.600000	107.690000	58.000
107.740000	108.150000	35.000
107.740000	107.990000	68.000
107.740000	107.990000	55.000
107.740000	107.990000	28.000
108.040000	108.270000	66.000
108.040000	108.270000	54.000
108.200000	108.270000	49.000
108.320000	108.430000	54.000
108.480000	108.700000	35.000
108.480000	108.570000	53.000
108.620000	108.980000	47.000
108.750000	108.980000	54.000
108.890000	109.270000	35.000
108.890000	108.980000	42.000
108.890000	108.980000	28.000
109.030000	109.270000	77.000
109.030000	109.270000	58.000
109.030000	109.270000	54.000
109.030000	109.270000	47.000
109.320000	109.420000	78.000
109.320000	109.420000	71.000
109.320000	109.420000	59.000
109.470000	109.850000	73.000
109.470000	109.850000	37.000
109.900000	110.550000	37.000
110.020000	110.550000	61.000
110.020000	110.550000	25.000
110.020000	110.260000	77.000
110.020000	110.260000	56.000
110.600000	111.280000	66.000
110.600000	111.280000	23.000
110.600000	110.990000	59.000
110.600000	110.830000	61.000
110.880000	111.400000	35.000
110.880000	110.990000	78.000
110.880000	110.990000	42.000
111.040000	111.690000	59.000
111.040000	111.280000	63.000
111.330000	111.400000	63.000
111.450000	111.690000	75.000
111.450000	111.570000	42.000
111.450000	111.570000	35.000
111.620000	111.970000	61.000
111.740000	112.150000	37.000
111.740000	111.970000	44.000
111.740000	111.840000	77.000
111.890000	112.850000	68.000
111.890000	112.550000	77.000
111.890000	111.970000	65.000
112.020000	112.550000	61.000
112.020000	112.150000	65.000
112.200000	113.120000	73.000
112.200000	112.790000	41.000
112.200000	112.550000	65.000
112.600000	112.690000	63.000
112.600000	112.690000	61.000
112.740000	112.850000	61.000
112.900000	113.430000	42.000
112.900000	113.300000	82.000
112.900000	113.120000	78.000
112.900000	113.120000	66.000
113.170000	113.430000	66.000
113.170000	113.300000	78.000
113.350000	113.430000	85.000
113.350000	113.430000	78.000
113.480000	113.830000	85.000
113.480000	113.680000	78.000
113.480000	113.680000	66.000
113.610000	113.830000	29.000
113.730000	114.010000	68.000
113.880000	114.010000	80.000
114.230000	114.650000	27.000
114.230000	114.540000	82.000
114.230000	114.540000	70.000
114.590000	114.700000	61.000
114.590000	114.650000	46.000
114.750000	114.970000	61.000
114.880000	114.970000	80.000
114.880000	114.970000	68.000
115.020000	115.130000	66.000
115.020000	115.130000	61.000
115.020000	115.130000	25.000
115.180000	116.110000	42.000
115.180000	116.110000	35.000
115.180000	115.400000	82.000
115.450000	115.820000	66.000
115.450000	115.600000	83.000
115.450000	115.600000	71.000
115.450000	115.600000	70.000
115.450000	115.600000	23.000
115.650000	115.820000	80.000
115.650000	115.820000	68.000
115.870000	116.860000	66.000
116.160000	116.860000	42.000
116.460000	116.550000	63.000
116.600000	117.020000	70.000
116.600000	117.020000	30.000
116.600000	116.860000	61.000
116.910000	117.410000	42.000
116.910000	117.020000	58.000
117.160000	117.410000	66.000
117.160000	117.410000	62.000
117.160000	117.410000	61.000
117.160000	117.410000	30.000
117.460000	118.410000	42.000
117.630000	118.410000	35.000
117.930000	118.190000	83.000
117.930000	118.190000	78.000
118.310000	118.570000	23.000
118.460000	118.820000	58.000
118.620000	118.820000	66.000
118.620000	118.710000	30.000
118.760000	119.400000	42.000
118.870000	119.700000	30.000
118.870000	119.400000	66.000
118.870000	119.400000	61.000
118.870000	119.140000	62.000
119.450000	119.970000	42.000
119.520000	119.700000	80.000
119.520000	119.700000	49.000
119.750000	120.550000	35.000
119.750000	120.420000	71.000
119.750000	120.130000	78.000
120.020000	120.850000	47.000
120.020000	120.420000	59.000
120.020000	120.420000	54.000
120.180000	120.420000	83.000
120.180000	120.420000	78.000
120.470000	120.710000	59.000
120.600000	120.710000	63.000
120.960000	121.840000	49.000
121.060000	121.240000	65.000
121.290000	121.560000	56.000
121.290000	121.460000	65.000
121.510000	121.560000	37.000
121.610000	121.990000	37.000
121.890000	121.990000	49.000
122.040000	122.540000	59.000
122.170000	122.540000	23.000
122.170000	122.390000	54.000
122.310000	122.540000	47.000
122.440000	122.540000	35.000
122.590000	122.980000	60.000
122.780000	122.980000	84.000
122.780000	122.980000	79.000
122.780000	122.980000	36.000
122.780000	122.980000	26.000
123.030000	123.120000	60.000
123.380000	124.270000	25.000
123.460000	123.880000	73.000
123.460000	123.690000	37.000
123.740000	124.980000	37.000
123.740000	123.970000	44.000
124.020000	124.270000	90.000
124.020000	124.270000	73.000
124.320000	124.980000	85.000
124.320000	124.980000	42.000
124.590000	125.690000	66.000
125.610000	128.560000	78.000
125.740000	126.430000	66.000
125.900000	126.270000	89.000
125.900000	126.270000	82.000
125.900000	126.270000	44.000
126.320000	126.580000	46.000
126.480000	126.980000	66.000
126.630000	126.980000	35.000
126.750000	126.980000	47.000
126.750000	126.840000	54.000
127.030000	127.420000	75.000
127.030000	127.280000	66.000
127.030000	127.280000	46.000
127.330000	127.560000	47.000
127.470000	127.560000	66.000
127.470000	127.560000	35.000
127.610000	127.980000	49.000
127.610000	127.710000	66.000
127.760000	127.850000	56.000
128.030000	128.840000	49.000
128.030000	128.560000	66.000
128.460000	128.840000	37.000
128.610000	129.840000	61.000
128.610000	128.840000	56.000
128.610000	128.840000	25.000
128.890000	130.130000	85.000
128.890000	129.840000	49.000
128.890000	129.690000	78.000
128.890000	129.550000	80.000
128.890000	129.550000	42.000
129.170000	130.130000	73.000
129.170000	129.690000	25.000
129.170000	129.550000	68.000
129.600000	129.840000	54.000
129.740000	130.580000	78.000
129.740000	129.840000	42.000
129.740000	129.840000	37.000
129.890000	130.130000	58.000
130.030000	130.410000	46.000
130.030000	130.130000	53.000
130.180000	130.850000	58.000
130.180000	130.260000	32.000
130.310000	130.580000	34.000
130.460000	131.000000	82.000
130.460000	130.850000	46.000
130.460000	130.580000	53.000
130.630000	131.000000	78.000
130.630000	130.850000	89.000
130.630000	130.850000	32.000
130.900000	131.140000	46.000
131.050000	131.140000	53.000
131.190000	131.390000	35.000
131.340000	131.840000	47.000
131.340000	131.550000	54.000
131.440000	132.550000	71.000
131.440000	131.550000	35.000
131.600000	131.980000	75.000
131.600000	131.980000	66.000
131.600000	131.840000	34.000
131.890000	132.130000	47.000
132.030000	132.420000	66.000
132.030000	132.130000	35.000
132.180000	133.420000	49.000
132.180000	132.420000	56.000
132.180000	132.420000	47.000
132.470000	132.550000	47.000
132.470000	132.550000	42.000
132.600000	133.420000	37.000
132.760000	133.130000	85.000
132.760000	133.130000	78.000
132.760000	133.130000	71.000
133.180000	133.420000	66.000
133.180000	133.420000	61.000
133.180000	133.420000	56.000
133.180000	133.420000	25.000
133.470000	134.170000	78.000
133.470000	134.170000	73.000
133.470000	134.170000	70.000
133.470000	134.170000	66.000
133.470000	134.170000	59.000
133.470000	134.170000	58.000
133.470000	134.170000	57.000
134.220000	136.510000	73.000
134.220000	134.960000	68.000
134.220000	134.960000	42.000
134.220000	134.830000	65.000
134.880000	134.960000	30.000
135.010000	137.320000	66.000
135.010000	136.510000	63.000
135.010000	136.510000	61.000
135.010000	136.510000	59.000
135.010000	136.510000	57.000
135.010000	136.510000	46.000
136.560000	137.540000	56.000
136.560000	137.320000	85.000
136.560000	137.320000	83.000
136.560000	137.320000	78.000
136.560000	137.320000	67.000
136.560000	137.320000	63.000
136.560000	137.320000	59.000
136.560000	137.320000	54.000
136.560000	137.320000	47.000
137.370000	137.540000	61.000
137.590000	137.950000	58.000
137.590000	137.810000	82.000
137.590000	137.810000	66.000
137.590000	137.810000	63.000
137.860000	137.950000	66.000
137.860000	137.950000	63.000
138.000000	138.520000	56.000
138.000000	138.140000	68.000
138.000000	138.140000	65.000
138.000000	138.140000	61.000
138.190000	138.650000	68.000
138.190000	138.650000	65.000
138.190000	138.520000	61.000
138.190000	138.250000	73.000
138.300000	139.250000	80.000
138.300000	138.520000	73.000
138.570000	139.250000	73.000
138.570000	138.650000	61.000
138.700000	139.250000	68.000
138.700000	139.250000	61.000
138.700000	139.250000	37.000
139.300000	139.450000	63.000
139.500000	139.690000	49.000
139.500000	139.630000	61.000
139.740000	140.710000	35.000
139.740000	140.320000	75.000
139.740000	140.090000	90.000
139.740000	140.090000	59.000
140.140000	140.320000	59.000
140.140000	140.320000	47.000
140.370000	140.710000	59.000
140.760000	141.200000	64.000
140.760000	141.200000	63.000
141.290000	141.410000	80.000
141.290000	141.410000	73.000
141.290000	141.410000	61.000
141.460000	141.620000	75.000
141.460000	141.620000	63.000
141.670000	142.060000	80.000
141.670000	142.060000	61.000
142.110000	142.800000	58.000
142.110000	142.800000	46.000
142.110000	142.700000	78.000
142.110000	142.700000	77.000
142.110000	142.700000	59.000
142.850000	145.780000	37.000
142.850000	145.080000	80.000
142.850000	144.280000	81.000
142.850000	144.280000	79.000
142.850000	144.280000	78.000
142.850000	144.280000	77.000
142.850000	144.280000	74.000
142.850000	144.280000	62.000
142.850000	144.280000	61.000
142.850000	144.280000	60.000
142.850000	144.280000	59.000
144.330000	145.780000	61.000
144.330000	145.780000	49.000
144.330000	145.080000	56.000
145.130000	146.660000	85.000
145.130000	145.780000	92.000
145.130000	145.780000	80.000
145.830000	146.660000	73.000
145.830000	146.660000	70.000
145.830000	146.660000	66.000
145.830000	146.660000	59.000
145.830000	146.660000	58.000
145.830000	146.660000	42.000
146.710000	147.470000	84.000
146.710000	147.470000	80.000
146.710000	147.470000	77.000
146.710000	147.470000	73.000
146.710000	147.470000	68.000
146.710000	147.470000	65.000
147.520000	148.280000	73.000
147.520000	148.280000	71.000
147.520000	148.280000	66.000
147.520000	148.280000	63.000
147.520000	148.280000	59.000
148.330000	149.020000	70.000
148.330000	149.020000	65.000
148.330000	149.020000	61.000
148.330000	149.020000	58.000
148.330000	149.020000	46.000
149.070000	150.460000	66.000
149.070000	149.790000	59.000
149.070000	149.790000	56.000
149.070000	149.790000	35.000
149.840000	150.460000	82.000
149.840000	150.460000	75.000
149.840000	150.460000	73.000
149.840000	150.460000	64.000
149.840000	150.460000	63.000
149.840000	150.460000	61.000
149.840000	150.460000	58.000
149.840000	150.460000	57.000
150.700000	152.130000	37.000
150.700000	152.040000	80.000
150.700000	152.040000	77.000
150.700000	152.040000	68.000
150.700000	152.040000	64.000
150.700000	152.040000	62.000
150.700000	152.040000	61.000
150.700000	152.040000	60.000
150.700000	152.040000	55.000
152.180000	152.500000	75.000
152.180000	152.500000	35.000
152.180000	152.440000	58.000
152.550000	153.510000	75.000
152.550000	153.290000	35.000
152.750000	153.290000	56.000
152.750000	153.290000	47.000
152.750000	153.240000	87.000
153.340000	153.690000	47.000
153.340000	153.510000	87.000
153.340000	153.510000	83.000
153.340000	153.510000	56.000
153.560000	153.690000	76.000
153.560000	153.690000	57.000
153.740000	154.080000	78.000
153.740000	154.080000	59.000
153.740000	154.080000	34.000
154.130000	154.340000	70.000
154.130000	154.340000	58.000
154.130000	154.340000	46.000
154.390000	154.770000	60.000
154.390000	154.770000	59.000
154.820000	157.590000	61.000
154.820000	156.760000	80.000
154.820000	156.760000	79.000
154.820000	156.760000	78.000
154.820000	156.760000	73.000
154.820000	156.760000	44.000
154.820000	156.760000	34.000
156.810000	159.620000	73.000
156.810000	158.990000	37.000
156.810000	157.590000	81.000
156.810000	157.590000	80.000
157.640000	159.050000	68.000
157.640000	159.050000	61.000
157.640000	158.440000	62.000
157.640000	158.440000	60.000
158.490000	159.230000	85.000
158.490000	159.230000	49.000
159.100000	159.230000	61.000
159.100000	159.230000	37.000
159.280000	159.910000	61.000
159.430000	159.620000	80.000
159.670000	159.910000	89.000
159.670000	159.910000	81.000
159.670000	159.910000	74.000
159.670000	159.910000	73.000
159.670000	159.910000	37.000
160.050000	161.320000	82.000
160.050000	161.320000	75.000
160.050000	161.320000	39.000
160.050000	161.210000	46.000
160.050000	160.190000	91.000
160.240000	161.320000	91.000
160.240000	161.210000	58.000
161.370000	161.910000	82.000
161.370000	161.910000	75.000
161.370000	161.490000	46.000
161.370000	161.490000	39.000
161.540000	162.210000	46.000
161.540000	162.210000	39.000
161.670000	162.630000	51.000
161.670000	162.480000	87.000
161.960000	162.050000	27.000
162.100000	162.210000	27.000
162.260000	162.920000	68.000
162.260000	162.630000	32.000
162.260000	162.480000	39.000
162.530000	162.920000	75.000
162.530000	162.630000	56.000
162.680000	163.050000	51.000
162.680000	163.050000	44.000
162.820000	163.200000	56.000
162.820000	163.050000	27.000
162.970000	163.200000	75.000
162.970000	163.200000	68.000
163.100000	163.200000	51.000
163.100000	163.200000	44.000
163.320000	163.490000	36.000
163.320000	163.450000	57.000
163.680000	164.050000	36.000
163.830000	164.050000	48.000
163.830000	163.920000	79.000
163.830000	163.920000	55.000
164.100000	164.490000	60.000
164.100000	164.190000	53.000
164.100000	164.190000	46.000
164.240000	164.490000	36.000
164.540000	164.650000	37.000
164.700000	164.920000	37.000
164.810000	165.070000	80.000
164.810000	164.920000	56.000
164.810000	164.920000	49.000
164.970000	165.790000	73.000
164.970000	165.200000	36.000
165.120000	165.490000	68.000
165.120000	165.340000	61.000
165.120000	165.200000	80.000
165.250000	165.490000	80.000
165.250000	165.490000	56.000
165.250000	165.490000	49.000
165.390000	165.790000	61.000
165.540000	166.070000	51.000
165.540000	165.790000	62.000
165.540000	165.790000	58.000
165.960000	166.070000	63.000
166.120000	167.220000	51.000
166.120000	166.480000	92.000
166.120000	166.480000	58.000
166.390000	166.760000	39.000
166.530000	167.040000	63.000
166.530000	166.760000	58.000
166.530000	166.760000	27.000
166.810000	167.040000	39.000
166.950000	167.220000	32.000
167.090000	167.620000	56.000
167.270000	167.770000	63.000
167.270000	167.550000	27.000
167.670000	167.770000	56.000
167.670000	167.770000	51.000
167.990000	168.930000	60.000
167.990000	168.190000	79.000
168.240000	168.630000	48.000
168.240000	168.330000	79.000
168.380000	168.630000	36.000
168.530000	168.630000	76.000
168.680000	168.930000	56.000
168.680000	168.930000	48.000
169.100000	169.230000	37.000
169.280000	169.520000	56.000
169.380000	169.520000	49.000
169.570000	169.760000	80.000
169.570000	169.760000	73.000
169.570000	169.760000	68.000
169.570000	169.760000	61.000
169.570000	169.760000	36.000
169.810000	170.060000	56.000
169.810000	169.910000	75.000
169.810000	169.910000	63.000
169.960000	170.060000	84.000
169.960000	170.060000	77.000
170.110000	170.640000	51.000
170.110000	170.470000	58.000
170.280000	170.640000	39.000
170.520000	170.760000	27.000
170.520000	170.640000	58.000
170.690000	171.210000	63.000
170.810000	171.210000	27.000
170.810000	171.040000	85.000
170.810000	171.040000	70.000
170.960000	171.210000	39.000
170.960000	171.040000	46.000
171.090000	171.210000	46.000
171.260000	171.340000	68.000
171.260000	171.340000	36.000
171.390000	172.490000	37.000
171.390000	171.830000	77.000
171.390000	171.830000	72.000
171.390000	171.660000	68.000
171.390000	171.660000	67.000
171.710000	172.700000	68.000
171.880000	172.490000	80.000
171.880000	172.490000	56.000
171.880000	172.490000	49.000
171.880000	172.380000	67.000
172.540000	172.920000	51.000
172.540000	172.920000	44.000
172.540000	172.700000	80.000
172.750000	172.870000	79.000
172.970000	173.260000	51.000
172.970000	173.260000	44.000
172.970000	173.180000	82.000
173.310000	173.580000	51.000
173.310000	173.580000	44.000
173.380000	173.720000	63.000
173.630000	173.720000	51.000
173.630000	173.720000	44.000
173.770000	174.110000	25.000
173.770000	174.060000	68.000
173.770000	173.970000	77.000
173.770000	173.970000	73.000
173.770000	173.970000	65.000
174.020000	174.060000	44.000
174.020000	174.060000	37.000
174.160000	174.490000	25.000
174.160000	174.420000	80.000
174.160000	174.420000	61.000
174.160000	174.420000	60.000
174.540000	174.630000	25.000
174.680000	174.830000	73.000
174.680000	174.830000	63.000
174.880000	175.630000	75.000
174.880000	175.320000	63.000
174.880000	175.060000	32.000
175.110000	175.910000	32.000
175.110000	175.630000	70.000
175.370000	175.910000	63.000
175.470000	175.630000	72.000
175.680000	175.910000	75.000
175.680000	175.910000	68.000
175.820000	175.910000	60.000
175.820000	175.910000	51.000
175.820000	175.910000	44.000
175.960000	176.340000	72.000
175.960000	176.220000	49.000
176.140000	176.340000	37.000
176.140000	176.220000	61.000
176.270000	176.480000	49.000
176.270000	176.340000	60.000
176.390000	177.060000	37.000
176.630000	176.970000	49.000
176.630000	176.770000	56.000
176.820000	176.970000	56.000
177.020000	177.060000	64.000
177.110000	177.640000	56.000
177.110000	177.490000	60.000
177.110000	177.340000	65.000
177.110000	177.340000	61.000
177.110000	177.340000	49.000
177.390000	177.490000	79.000
177.390000	177.490000	75.000
177.390000	177.490000	63.000
177.390000	177.490000	37.000
177.540000	177.640000	63.000
177.540000	177.640000	60.000
177.690000	178.080000	37.000
177.690000	177.930000	77.000
177.980000	178.200000	60.000
177.980000	178.080000	55.000
178.130000	178.200000	51.000
178.130000	178.200000	44.000
178.250000	178.440000	60.000
178.250000	178.440000	56.000
178.250000	178.360000	49.000
178.410000	178.630000	37.000
178.680000	179.190000	37.000
178.680000	178.900000	60.000
178.680000	178.900000	49.000
178.950000	179.190000	63.000
178.950000	179.190000	60.000
178.950000	179.190000	59.000
178.950000	179.190000	56.000
179.240000	179.350000	77.000
179.240000	179.350000	65.000
179.240000	179.350000	61.000
179.400000	180.190000	39.000
179.400000	179.770000	79.000
179.400000	179.770000	78.000
179.400000	179.770000	75.000
179.400000	179.770000	66.000
179.820000	180.490000	51.000
179.820000	180.190000	46.000
179.950000	180.420000	63.000
179.950000	180.330000	79.000
179.950000	180.330000	27.000
179.950000	180.190000	34.000
180.240000	180.490000	46.000
180.240000	180.490000	39.000
180.380000	180.490000	27.000
180.470000	180.490000	63.000
180.540000	181.220000	44.000
180.540000	180.930000	80.000
180.540000	180.930000	73.000
180.540000	180.930000	37.000
180.810000	181.510000	61.000
180.810000	181.510000	56.000
180.810000	181.220000	25.000
180.980000	181.650000	37.000
180.980000	181.330000	84.000
180.980000	181.330000	77.000
181.270000	181.330000	65.000
181.380000	181.650000	49.000
181.380000	181.510000	44.000
181.560000	181.650000	78.000
181.560000	181.650000	25.000
181.700000	181.920000	39.000
181.830000	182.470000	79.000
181.830000	182.080000	67.000
181.970000	182.590000	70.000
181.970000	182.210000	39.000
182.130000	182.470000	63.000
182.130000	182.350000	67.000
182.260000	182.470000	43.000
182.400000	182.790000	31.000
182.400000	182.470000	67.000
182.520000	182.730000	43.000
182.520000	182.590000	65.000
182.520000	182.590000	63.000
182.640000	182.900000	63.000
182.950000	183.550000	68.000
182.950000	183.310000	32.000
183.140000	183.310000	51.000
183.360000	183.920000	43.000
183.360000	183.770000	75.000
183.360000	183.550000	80.000
183.670000	183.840000	70.000
183.970000	184.490000	41.000
184.130000	184.190000	72.000
184.240000	184.490000	72.000
184.620000	185.270000	63.000
184.620000	185.060000	27.000
184.800000	185.530000	68.000
184.800000	185.060000	82.000
184.800000	185.060000	75.000
184.800000	185.060000	39.000
185.110000	186.200000	44.000
185.110000	185.530000	37.000
185.110000	185.270000	70.000
185.380000	185.830000	25.000
185.380000	185.530000	73.000
185.380000	185.530000	56.000
185.580000	186.060000	37.000
185.580000	185.760000	82.000
185.580000	185.760000	70.000
185.880000	186.060000	68.000
186.110000	186.340000	75.000
186.250000	186.810000	44.000
186.390000	186.470000	65.000
186.520000	187.030000	32.000
186.520000	186.810000	63.000
186.860000	187.380000	44.000
187.080000	188.190000	68.000
187.080000	187.330000	63.000
187.080000	187.330000	51.000
187.430000	187.870000	80.000
187.430000	187.870000	73.000
187.430000	187.870000	44.000
187.430000	187.870000	37.000
187.670000	188.190000	61.000
187.670000	187.870000	77.000
187.670000	187.870000	63.000
187.920000	188.350000	44.000
187.920000	188.350000	37.000
187.920000	188.190000	80.000
187.920000	188.190000	73.000
188.240000	188.420000	60.000
188.470000	188.500000	37.000
188.550000	188.620000	68.000
188.550000	188.620000	61.000
188.550000	188.620000	32.000
188.670000	189.210000	44.000
188.810000	189.210000	80.000
188.810000	189.210000	60.000
188.810000	189.210000	51.000
188.810000	189.140000	63.000
188.810000	189.140000	62.000
189.190000	189.390000	32.000
189.260000	189.640000	51.000
189.260000	189.640000	44.000
189.490000	189.640000	75.000
189.490000	189.640000	63.000
189.690000	190.780000	37.000
189.690000	190.400000	73.000
189.690000	190.070000	80.000
190.120000	190.360000	85.000
190.120000	190.270000	89.000
190.120000	190.270000	80.000
190.320000	190.650000	49.000
190.320000	190.360000	80.000
190.450000	190.480000	65.000
190.530000	190.650000	65.000
190.700000	190.780000	65.000
190.700000	190.780000	49.000
190.830000	190.920000	39.000
190.970000	191.910000	39.000
191.090000	191.800000	67.000
191.090000	191.620000	51.000
192.100000	192.330000	44.000
192.100000	192.180000	37.000
192.230000	192.470000	49.000
192.230000	192.470000	37.000
192.230000	192.330000	56.000
192.520000	192.760000	74.000
192.680000	193.010000	62.000
192.680000	192.760000	28.000
192.810000	192.920000	74.000
192.810000	192.920000	38.000
192.970000	193.120000	38.000
193.170000	193.210000	63.000
193.260000	193.330000	63.000
193.380000	193.620000	63.000
193.380000	193.620000	27.000
193.670000	194.230000	39.000
193.670000	193.780000	78.000
193.830000	194.480000	79.000
193.830000	194.230000	46.000
194.280000	194.480000	68.000
194.280000	194.480000	32.000
194.530000	195.200000	68.000
194.690000	194.910000	39.000
194.960000	197.350000	80.000
194.960000	195.200000	44.000
195.250000	195.620000	84.000
195.250000	195.490000	68.000
195.250000	195.490000	36.000
195.540000	195.620000	68.000
195.670000	195.920000	68.000
195.830000	195.920000	48.000
195.970000	197.200000	68.000
196.260000	196.500000	36.000
196.550000	196.920000	37.000
196.970000	197.200000	36.000
197.250000	197.490000	56.000
197.250000	197.350000	68.000
197.400000	197.910000	68.000
197.540000	197.780000	39.000
197.830000	197.910000	56.000
197.830000	197.910000	51.000
197.830000	197.910000	49.000
197.960000	199.040000	51.000
197.960000	198.070000	68.000
198.120000	198.480000	92.000
198.120000	198.480000	85.000
198.120000	198.350000	39.000
198.400000	198.770000	39.000
198.530000	199.620000	63.000
198.530000	198.770000	58.000
198.530000	198.770000	27.000
198.820000	199.770000	68.000
198.820000	199.220000	75.000
198.820000	199.220000	32.000
198.820000	199.040000	82.000
199.090000	199.620000	80.000
199.090000	199.500000	51.000
199.090000	199.500000	44.000
199.270000	200.060000	75.000
199.270000	199.770000	82.000
199.270000	199.500000	27.000
199.550000	199.770000	44.000
199.550000	199.620000	51.000
199.670000	200.190000	80.000
199.820000	200.060000	68.000
199.820000	200.060000	36.000
200.110000	200.930000	48.000
200.240000	200.630000	36.000
200.400000	200.770000	72.000
200.400000	200.770000	67.000
200.680000	200.770000	36.000
200.820000	201.050000	34.000
200.820000	200.930000	72.000
200.980000	201.050000	36.000
201.100000	202.060000	77.000
201.100000	202.060000	73.000
201.100000	202.060000	68.000
201.100000	201.480000	37.000
201.380000	201.780000	49.000
201.380000	201.480000	56.000
201.530000	202.060000	80.000
201.530000	201.910000	85.000
201.530000	201.780000	87.000
201.530000	201.780000	36.000
201.830000	202.060000	49.000
201.960000	202.060000	56.000
202.110000	202.600000	82.000
202.110000	202.600000	75.000
202.110000	202.350000	46.000
202.110000	202.350000	39.000
202.400000	203.940000	51.000
202.400000	202.600000	58.000
202.650000	203.050000	85.000
202.650000	203.050000	27.000
202.650000	202.920000	72.000
202.650000	202.920000	70.000
203.100000	203.170000	27.000
203.220000	203.380000	82.000
203.220000	203.380000	70.000
203.540000	203.780000	44.000
203.630000	203.940000	68.000
203.630000	203.780000	32.000
203.830000	204.060000	39.000
203.830000	203.940000	75.000
203.830000	203.940000	44.000
203.990000	204.060000	68.000
204.110000	204.490000	68.000
204.110000	204.350000	44.000
204.540000	204.630000	68.000
204.680000	205.900000	68.000
204.820000	205.070000	36.000
204.980000	205.070000	48.000
205.120000	205.900000	75.000
205.120000	205.350000	34.000
205.550000	205.650000	48.000
205.700000	206.070000	37.000
205.950000	206.630000	68.000
206.120000	206.480000	73.000
206.120000	206.340000	36.000
206.390000	206.630000	49.000
206.530000	206.630000	37.000
206.680000	208.180000	63.000
206.680000	206.780000	68.000
206.830000	207.470000	51.000
206.830000	206.930000	68.000
206.980000	207.210000	37.000
206.980000	207.050000	68.000
207.260000	207.630000	92.000
207.260000	207.630000	85.000
207.260000	207.630000	58.000
207.520000	207.910000	51.000
207.830000	208.180000	68.000
207.830000	208.060000	39.000
207.960000	208.920000	87.000
207.960000	208.760000	80.000
207.960000	208.630000	44.000
208.230000	209.050000	63.000
208.230000	208.920000	92.000
208.230000	208.360000	32.000
208.410000	209.050000	75.000
208.410000	208.920000	68.000
208.410000	208.760000	82.000
208.410000	208.630000	27.000
208.680000	208.920000	56.000
208.810000	208.920000	82.000
208.810000	208.920000	80.000
208.810000	208.920000	51.000
208.810000	208.920000	44.000
208.970000	209.050000	36.000
209.100000	209.910000	48.000
209.100000	209.330000	80.000
209.100000	209.200000	55.000
209.250000	209.330000	34.000
209.380000	209.910000	36.000
209.380000	209.490000	67.000
209.540000	210.200000	72.000
209.540000	209.910000	80.000
209.540000	209.910000	75.000
209.960000	210.200000	84.000
209.960000	210.070000	48.000
209.960000	210.070000	46.000
210.120000	210.200000	53.000
210.250000	210.340000	49.000
210.390000	210.910000	49.000
210.390000	210.620000	56.000
210.670000	211.200000	85.000
210.670000	211.200000	80.000
210.670000	211.050000	87.000
210.670000	210.910000	36.000
210.960000	211.200000	49.000
210.960000	211.050000	56.000
211.100000	211.200000	73.000
211.100000	211.200000	68.000
211.100000	211.200000	37.000
211.250000	214.550000	70.000
211.250000	213.180000	75.000
211.250000	211.480000	44.000
211.250000	211.480000	39.000
211.530000	213.450000	51.000
211.530000	211.630000	58.000
211.680000	214.550000	63.000
211.680000	214.550000	27.000
211.680000	213.180000	73.000
211.680000	213.180000	68.000
213.230000	216.440000	39.000
213.230000	214.780000	46.000
213.230000	213.840000	75.000
213.230000	213.450000	82.000
213.500000	214.550000	82.000
213.890000	214.780000	75.000
213.890000	214.550000	73.000
214.600000	214.780000	73.000
214.830000	224.740000	75.000
214.830000	216.440000	80.000
214.830000	216.440000	73.000
216.490000	224.740000	92.000
216.490000	224.740000	87.000
