4.630000	5.110000	52.000
4.860000	5.110000	57.000
4.860000	5.110000	41.000
5.220000	5.880000	62.000
5.220000	5.390000	52.000
5.220000	5.390000	36.000
5.440000	5.880000	81.000
5.440000	5.730000	57.000
5.440000	5.730000	50.000
5.780000	5.880000	53.000
5.930000	6.580000	43.000
6.030000	6.310000	53.000
6.440000	6.920000	36.000
6.440000	6.580000	52.000
6.630000	6.920000	72.000
6.970000	7.480000	52.000
7.210000	7.480000	57.000
7.530000	7.630000	62.000
7.680000	8.070000	52.000
7.680000	7.750000	36.000
7.800000	8.070000	57.000
7.800000	8.070000	50.000
8.120000	8.650000	43.000
8.120000	8.340000	53.000
8.390000	8.920000	60.000
8.390000	8.650000	58.000
8.390000	8.650000	53.000
8.700000	9.240000	52.000
8.700000	9.240000	36.000
8.970000	9.240000	55.000
9.290000	9.810000	41.000
9.290000	9.500000	74.000
9.290000	9.500000	52.000
9.550000	10.100000	57.000
9.550000	9.810000	60.000
9.860000	10.100000	62.000
9.860000	10.100000	36.000
10.150000	10.990000	72.000
10.150000	10.420000	57.000
10.150000	10.420000	50.000
10.470000	10.680000	65.000
10.620000	10.680000	53.000
10.730000	10.990000	58.000
10.730000	10.990000	43.000
11.200000	11.280000	52.000
11.200000	11.280000	36.000
11.330000	11.570000	60.000
11.330000	11.570000	58.000
11.330000	11.570000	55.000
11.620000	11.860000	60.000
11.810000	12.160000	41.000
11.910000	12.160000	57.000
12.210000	12.440000	36.000
12.210000	12.370000	50.000
12.210000	12.370000	43.000
12.490000	12.740000	60.000
12.490000	12.740000	57.000
12.490000	12.740000	50.000
12.790000	13.010000	53.000
12.790000	13.010000	43.000
13.210000	13.320000	43.000
13.370000	13.610000	73.000
13.370000	13.610000	72.000
13.370000	13.610000	61.000
13.370000	13.610000	36.000
13.660000	13.920000	72.000
13.660000	13.920000	60.000
13.970000	14.190000	72.000
13.970000	14.190000	60.000
14.240000	14.510000	62.000
14.240000	14.400000	81.000
14.240000	14.400000	74.000
14.450000	14.510000	41.000
14.560000	14.660000	60.000
14.830000	15.070000	65.000
14.830000	15.070000	53.000
15.120000	15.370000	74.000
15.120000	15.370000	43.000
15.420000	15.830000	57.000
15.720000	15.930000	36.000
15.720000	15.830000	67.000
15.980000	16.220000	63.000
15.980000	16.220000	51.000
16.270000	17.080000	48.000
16.270000	17.080000	41.000
16.270000	16.500000	49.000
16.550000	17.680000	67.000
16.550000	17.080000	74.000
16.550000	17.080000	60.000
16.550000	17.080000	43.000
16.550000	17.080000	36.000
17.130000	17.990000	53.000
17.130000	17.680000	65.000
17.130000	17.400000	60.000
17.130000	17.400000	57.000
17.130000	17.400000	48.000
17.450000	17.680000	43.000
17.730000	17.990000	78.000
17.730000	17.990000	50.000
18.040000	18.290000	52.000
18.040000	18.290000	36.000
18.340000	18.570000	52.000
18.340000	18.540000	74.000
18.340000	18.540000	67.000
18.480000	18.570000	55.000
18.620000	18.870000	78.000
18.620000	18.870000	71.000
18.620000	18.870000	59.000
18.620000	18.870000	43.000
18.920000	19.150000	62.000
19.350000	19.430000	62.000
19.480000	19.540000	55.000
19.790000	20.200000	74.000
19.790000	20.200000	67.000
19.790000	20.200000	36.000
19.790000	20.000000	83.000
20.050000	20.470000	79.000
20.050000	20.200000	55.000
20.250000	20.470000	67.000
20.360000	20.600000	74.000
20.520000	20.600000	36.000
20.650000	20.880000	70.000
20.650000	20.880000	58.000
20.650000	20.880000	53.000
20.650000	20.880000	51.000
20.930000	21.500000	41.000
20.930000	21.200000	72.000
20.930000	21.200000	65.000
21.250000	21.500000	65.000
21.250000	21.500000	53.000
21.550000	22.060000	50.000
21.550000	21.760000	65.000
21.550000	21.760000	53.000
21.810000	22.180000	69.000
21.810000	22.060000	65.000
21.810000	22.060000	60.000
21.810000	22.060000	57.000
22.110000	22.180000	65.000
22.230000	22.340000	53.000
22.230000	22.340000	43.000
22.390000	22.500000	61.000
22.550000	23.510000	60.000
22.550000	22.640000	53.000
22.690000	22.920000	84.000
22.690000	22.920000	79.000
22.690000	22.920000	72.000
22.690000	22.920000	36.000
22.970000	23.230000	79.000
22.970000	23.230000	72.000
23.280000	23.620000	72.000
23.280000	23.510000	80.000
23.560000	23.620000	74.000
23.560000	23.620000	62.000
23.670000	23.810000	72.000
24.150000	24.390000	54.000
24.150000	24.390000	41.000
24.440000	24.690000	55.000
24.580000	24.990000	43.000
24.740000	24.990000	76.000
24.740000	24.990000	57.000
24.740000	24.990000	53.000
25.040000	25.120000	74.000
25.170000	25.250000	36.000
25.300000	25.570000	64.000
25.300000	25.570000	62.000
25.300000	25.570000	50.000
25.620000	26.440000	48.000
25.620000	26.190000	41.000
25.620000	25.860000	61.000
25.620000	25.860000	52.000
25.620000	25.860000	49.000
25.910000	27.060000	67.000
25.910000	26.740000	60.000
25.910000	26.190000	74.000
26.240000	27.060000	72.000
26.240000	26.740000	36.000
26.240000	26.440000	57.000
26.240000	26.440000	43.000
26.490000	27.060000	65.000
26.490000	26.740000	57.000
26.490000	26.740000	53.000
26.490000	26.740000	48.000
26.790000	27.330000	43.000
26.790000	27.060000	79.000
26.790000	27.060000	53.000
27.110000	27.330000	84.000
27.110000	27.330000	78.000
27.110000	27.330000	51.000
27.110000	27.330000	50.000
27.380000	27.620000	77.000
27.380000	27.620000	53.000
27.380000	27.620000	52.000
27.380000	27.620000	36.000
27.670000	27.900000	74.000
27.670000	27.900000	52.000
27.950000	28.200000	72.000
27.950000	28.200000	60.000
27.950000	28.200000	52.000
27.950000	28.200000	43.000
28.250000	28.480000	62.000
28.530000	28.630000	60.000
28.680000	28.770000	58.000
28.820000	29.000000	72.000
28.820000	29.000000	53.000
29.120000	29.640000	74.000
29.120000	29.370000	79.000
29.120000	29.370000	55.000
29.120000	29.370000	48.000
29.420000	29.810000	79.000
29.420000	29.540000	55.000
29.590000	29.810000	67.000
29.590000	29.640000	57.000
29.690000	29.810000	74.000
29.690000	29.810000	56.000
29.990000	30.210000	63.000
29.990000	30.210000	51.000
29.990000	30.210000	36.000
30.260000	30.840000	41.000
30.260000	30.530000	54.000
30.580000	30.840000	65.000
30.580000	30.840000	54.000
30.890000	31.120000	65.000
30.890000	31.010000	62.000
31.060000	31.120000	36.000
31.170000	31.710000	69.000
31.170000	31.610000	60.000
31.170000	31.410000	65.000
31.170000	31.410000	57.000
31.170000	31.410000	53.000
31.460000	31.840000	36.000
31.460000	31.710000	65.000
31.460000	31.610000	53.000
31.760000	32.010000	57.000
31.760000	31.840000	65.000
31.890000	32.010000	65.000
31.890000	32.010000	53.000
31.890000	32.010000	41.000
32.060000	32.310000	65.000
32.060000	32.310000	53.000
32.060000	32.310000	42.000
32.360000	32.620000	53.000
32.360000	32.430000	65.000
32.480000	32.770000	65.000
32.670000	32.770000	77.000
32.860000	32.970000	35.000
33.840000	34.080000	47.000
33.840000	33.970000	56.000
34.410000	35.540000	52.000
34.410000	35.250000	56.000
34.410000	34.790000	68.000
34.840000	35.410000	57.000
34.840000	35.250000	69.000
34.840000	35.250000	68.000
34.840000	35.250000	64.000
35.460000	35.680000	57.000
36.000000	36.100000	56.000
36.150000	36.980000	66.000
36.150000	36.690000	73.000
36.150000	36.690000	54.000
36.740000	37.110000	54.000
36.740000	36.980000	57.000
37.030000	37.520000	66.000
37.320000	37.520000	83.000
37.320000	37.520000	78.000
37.320000	37.520000	47.000
37.570000	37.840000	85.000
37.570000	37.840000	76.000
37.570000	37.840000	70.000
37.570000	37.840000	69.000
37.570000	37.840000	58.000
37.890000	38.010000	80.000
37.890000	38.010000	56.000
38.450000	38.680000	54.000
38.450000	38.680000	36.000
38.730000	39.000000	69.000
38.730000	38.970000	76.000
39.050000	39.260000	80.000
39.050000	39.260000	69.000
39.050000	39.260000	56.000
39.050000	39.260000	52.000
39.310000	39.830000	78.000
39.310000	39.830000	71.000
39.310000	39.600000	66.000
39.650000	40.110000	52.000
39.880000	40.960000	64.000
39.880000	40.110000	72.000
39.880000	40.110000	71.000
39.880000	40.110000	65.000
39.880000	40.110000	56.000
40.160000	40.960000	52.000
40.160000	40.400000	68.000
40.160000	40.400000	53.000
40.450000	41.270000	80.000
40.450000	41.270000	71.000
40.450000	40.960000	73.000
40.450000	40.960000	57.000
40.450000	40.960000	54.000
41.010000	41.270000	64.000
41.010000	41.270000	56.000
41.010000	41.270000	52.000
41.320000	41.580000	81.000
41.320000	41.580000	52.000
41.320000	41.580000	41.000
41.320000	41.580000	40.000
41.320000	41.580000	38.000
41.630000	41.830000	49.000
41.880000	42.120000	55.000
41.880000	42.010000	79.000
42.060000	42.120000	43.000
42.170000	42.190000	52.000
42.480000	42.760000	52.000
42.480000	42.690000	55.000
43.020000	43.410000	43.000
43.020000	43.250000	78.000
43.460000	43.510000	43.000
43.560000	43.600000	69.000
43.650000	44.190000	78.000
43.650000	43.840000	54.000
43.650000	43.840000	38.000
43.890000	44.400000	57.000
43.890000	44.190000	54.000
44.240000	44.680000	43.000
44.240000	44.400000	54.000
44.730000	44.830000	73.000
45.000000	45.250000	48.000
45.000000	45.250000	46.000
45.300000	46.100000	43.000
45.300000	45.520000	52.000
45.570000	46.670000	76.000
45.570000	46.670000	52.000
45.570000	46.100000	83.000
46.150000	46.600000	64.000
46.450000	46.970000	43.000
46.720000	47.170000	60.000
46.720000	47.170000	53.000
46.720000	46.970000	72.000
47.020000	47.270000	79.000
47.020000	47.270000	72.000
47.020000	47.170000	36.000
47.220000	47.990000	53.000
47.220000	47.270000	60.000
47.320000	47.570000	79.000
47.320000	47.570000	72.000
47.320000	47.570000	60.000
47.320000	47.570000	55.000
47.620000	47.880000	43.000
47.620000	47.820000	84.000
47.930000	48.430000	43.000
48.040000	48.140000	53.000
48.190000	48.700000	84.000
48.190000	48.430000	53.000
48.190000	48.430000	36.000
48.480000	48.960000	55.000
48.480000	48.550000	60.000
49.010000	49.530000	60.000
49.010000	49.250000	82.000
49.010000	49.250000	52.000
49.300000	49.530000	84.000
49.300000	49.530000	79.000
49.300000	49.530000	53.000
49.300000	49.530000	43.000
49.580000	49.820000	60.000
49.580000	49.820000	58.000
49.580000	49.820000	53.000
49.870000	50.350000	36.000
49.870000	50.090000	52.000
49.870000	50.090000	47.000
50.140000	50.350000	84.000
50.140000	50.350000	79.000
50.140000	50.350000	60.000
50.470000	50.570000	60.000
50.720000	51.270000	60.000
50.720000	50.960000	84.000
50.720000	50.960000	79.000
51.010000	51.270000	84.000
51.010000	51.270000	79.000
51.220000	51.270000	53.000
51.320000	51.560000	62.000
51.610000	51.850000	72.000
51.610000	51.760000	60.000
51.900000	52.170000	65.000
51.900000	52.170000	54.000
51.900000	52.170000	53.000
52.220000	52.730000	43.000
52.220000	52.450000	74.000
52.500000	52.730000	57.000
52.780000	53.010000	67.000
52.780000	53.010000	55.000
52.950000	53.010000	36.000
53.060000	53.310000	78.000
53.060000	53.310000	74.000
53.060000	53.310000	69.000
53.060000	53.310000	50.000
53.360000	54.190000	41.000
53.360000	53.610000	60.000
53.360000	53.610000	48.000
53.660000	53.920000	62.000
53.970000	54.090000	60.000
54.140000	54.490000	69.000
54.240000	54.490000	65.000
54.240000	54.490000	60.000
54.240000	54.490000	57.000
54.240000	54.490000	53.000
54.540000	55.360000	43.000
54.540000	54.770000	53.000
54.820000	55.060000	62.000
54.820000	55.060000	50.000
54.980000	55.060000	57.000
55.110000	55.650000	52.000
55.110000	55.360000	36.000
55.410000	55.650000	68.000
55.410000	55.650000	56.000
55.410000	55.650000	50.000
55.700000	55.810000	73.000
55.700000	55.810000	61.000
55.860000	55.920000	41.000
55.970000	56.220000	75.000
55.970000	56.220000	62.000
56.420000	56.490000	36.000
56.540000	56.670000	54.000
56.540000	56.670000	50.000
56.720000	56.800000	54.000
56.850000	57.230000	67.000
56.850000	57.230000	43.000
56.850000	57.080000	74.000
56.850000	57.080000	55.000
56.850000	57.080000	48.000
57.130000	57.520000	55.000
57.130000	57.230000	74.000
57.280000	57.370000	57.000
57.420000	57.520000	74.000
57.420000	57.520000	67.000
57.740000	58.800000	53.000
57.740000	57.960000	70.000
57.740000	57.960000	51.000
57.740000	57.960000	50.000
57.740000	57.960000	43.000
58.010000	59.100000	41.000
58.010000	58.550000	72.000
58.280000	58.800000	65.000
58.280000	58.550000	46.000
58.600000	58.800000	77.000
58.600000	58.800000	72.000
58.600000	58.800000	50.000
58.600000	58.800000	43.000
58.600000	58.800000	36.000
58.850000	59.100000	65.000
58.850000	59.100000	62.000
58.850000	59.100000	60.000
58.850000	59.100000	57.000
59.150000	59.680000	53.000
59.150000	59.380000	60.000
59.580000	60.550000	60.000
59.730000	60.130000	36.000
59.730000	59.960000	72.000
59.730000	59.960000	52.000
59.730000	59.960000	43.000
60.010000	60.260000	79.000
60.010000	60.260000	72.000
60.310000	60.840000	72.000
60.310000	60.840000	41.000
60.310000	60.550000	79.000
60.600000	60.840000	62.000
60.600000	60.840000	53.000
60.600000	60.840000	43.000
61.000000	61.170000	36.000
61.000000	61.110000	57.000
61.220000	61.430000	57.000
61.480000	61.640000	74.000
61.480000	61.640000	43.000
61.690000	62.030000	43.000
61.760000	61.880000	76.000
62.200000	62.330000	71.000
62.200000	62.330000	36.000
62.200000	62.240000	76.000
62.380000	62.600000	50.000
62.650000	63.180000	41.000
62.650000	62.870000	52.000
62.650000	62.870000	48.000
62.920000	63.310000	72.000
62.920000	63.180000	74.000
62.920000	63.180000	43.000
63.360000	63.450000	57.000
63.360000	63.450000	50.000
63.360000	63.450000	36.000
63.500000	64.040000	53.000
63.500000	63.770000	65.000
63.500000	63.770000	57.000
63.820000	64.040000	43.000
64.090000	64.320000	77.000
64.090000	64.320000	57.000
64.090000	64.320000	50.000
64.090000	64.320000	49.000
64.370000	64.900000	52.000
64.370000	64.620000	76.000
64.370000	64.620000	36.000
64.820000	65.200000	55.000
64.950000	65.200000	79.000
64.950000	65.200000	60.000
65.250000	65.480000	62.000
65.250000	65.480000	41.000
65.690000	65.760000	58.000
65.810000	65.950000	54.000
66.110000	66.520000	55.000
66.110000	66.520000	43.000
66.110000	66.330000	48.000
66.380000	66.620000	79.000
66.380000	66.520000	75.000
66.380000	66.520000	74.000
66.670000	66.790000	75.000
66.980000	67.180000	50.000
67.230000	67.710000	41.000
67.230000	67.510000	72.000
67.560000	68.080000	77.000
67.560000	67.710000	57.000
67.560000	67.710000	48.000
67.760000	67.950000	65.000
67.860000	68.080000	41.000
68.000000	68.970000	65.000
68.000000	68.080000	36.000
68.130000	68.970000	72.000
68.130000	68.370000	57.000
68.420000	69.160000	53.000
68.420000	68.660000	57.000
68.420000	68.660000	36.000
68.710000	68.970000	57.000
69.020000	69.270000	65.000
69.020000	69.270000	41.000
69.020000	69.160000	57.000
69.210000	69.270000	77.000
69.320000	69.450000	71.000
69.320000	69.450000	52.000
69.500000	69.570000	65.000
69.620000	70.180000	41.000
69.620000	69.870000	74.000
69.620000	69.870000	67.000
69.620000	69.870000	54.000
69.920000	70.180000	74.000
69.920000	70.180000	67.000
69.920000	70.180000	55.000
70.230000	70.740000	79.000
70.230000	70.740000	36.000
70.230000	70.460000	74.000
70.230000	70.390000	75.000
70.510000	70.740000	76.000
70.510000	70.740000	67.000
70.510000	70.740000	55.000
70.940000	71.040000	41.000
71.090000	71.340000	79.000
71.090000	71.340000	55.000
71.390000	71.920000	79.000
71.390000	71.920000	36.000
71.390000	71.630000	75.000
71.390000	71.630000	56.000
71.680000	72.210000	72.000
71.680000	71.920000	67.000
71.970000	73.110000	84.000
71.970000	72.800000	79.000
71.970000	72.210000	88.000
71.970000	72.210000	41.000
72.260000	73.110000	72.000
72.260000	72.800000	88.000
72.260000	72.800000	36.000
72.900000	73.110000	79.000
72.900000	73.110000	65.000
72.900000	73.110000	53.000
72.900000	73.110000	48.000
73.160000	73.370000	72.000
73.160000	73.370000	64.000
73.160000	73.370000	53.000
73.420000	73.700000	52.000
73.420000	73.600000	64.000
73.750000	74.130000	36.000
74.320000	74.750000	64.000
74.320000	74.750000	52.000
74.590000	76.000000	76.000
74.590000	74.680000	71.000
74.800000	75.130000	64.000
74.800000	74.850000	41.000
74.900000	75.290000	52.000
74.900000	75.130000	88.000
74.900000	75.130000	72.000
74.900000	75.130000	71.000
74.900000	75.130000	36.000
75.180000	75.900000	72.000
75.180000	75.700000	64.000
75.180000	75.290000	71.000
75.470000	75.900000	52.000
75.470000	75.900000	41.000
75.750000	76.000000	53.000
75.750000	75.900000	64.000
75.750000	75.900000	57.000
76.050000	76.560000	36.000
76.320000	76.560000	76.000
76.320000	76.560000	72.000
76.320000	76.560000	64.000
76.320000	76.560000	57.000
76.610000	77.730000	76.000
76.610000	77.730000	69.000
76.610000	77.730000	57.000
76.610000	77.130000	41.000
77.180000	77.460000	36.000
77.510000	77.730000	64.000
77.780000	78.300000	50.000
77.780000	78.300000	41.000
77.780000	78.010000	69.000
78.060000	78.300000	57.000
78.060000	78.300000	53.000
78.060000	78.300000	46.000
78.350000	78.580000	43.000
78.510000	78.900000	36.000
79.090000	79.310000	42.000
79.360000	79.750000	57.000
79.360000	79.450000	42.000
79.500000	79.920000	42.000
79.500000	79.750000	45.000
79.800000	79.920000	57.000
80.080000	80.180000	74.000
80.080000	80.180000	65.000
80.370000	80.470000	65.000
80.370000	80.470000	58.000
80.370000	80.470000	53.000
80.370000	80.470000	43.000
80.520000	80.610000	65.000
80.520000	80.610000	58.000
80.660000	81.170000	59.000
80.660000	80.890000	64.000
80.660000	80.890000	52.000
80.940000	81.170000	69.000
80.940000	81.170000	50.000
80.940000	81.170000	43.000
81.220000	81.580000	48.000
81.630000	81.790000	60.000
81.840000	82.350000	57.000
81.840000	82.260000	61.000
81.840000	82.030000	45.000
82.080000	82.180000	55.000
82.310000	82.350000	61.000
82.400000	83.180000	62.000
82.400000	82.920000	81.000
82.400000	82.590000	53.000
82.640000	82.870000	46.000
82.640000	82.870000	39.000
82.970000	83.460000	43.000
82.970000	83.330000	81.000
82.970000	83.180000	35.000
83.230000	83.460000	62.000
83.230000	83.330000	50.000
83.380000	83.460000	57.000
83.510000	83.770000	52.000
83.660000	84.050000	64.000
83.660000	83.770000	78.000
83.660000	83.770000	74.000
83.820000	84.330000	49.000
84.100000	84.390000	52.000
84.100000	84.330000	73.000
84.100000	84.330000	68.000
84.100000	84.330000	64.000
84.100000	84.330000	62.000
84.440000	84.610000	70.000
84.440000	84.610000	51.000
84.840000	85.130000	64.000
84.840000	84.920000	47.000
84.970000	85.320000	62.000
84.970000	85.220000	76.000
84.970000	85.130000	74.000
85.180000	85.220000	64.000
85.370000	85.480000	66.000
85.370000	85.480000	52.000
85.530000	85.640000	59.000
85.690000	85.760000	56.000
85.810000	85.980000	85.000
85.810000	85.980000	81.000
85.810000	85.980000	76.000
86.100000	86.360000	57.000
86.410000	86.950000	81.000
86.410000	86.950000	69.000
87.000000	87.250000	36.000
87.450000	87.550000	43.000
87.600000	87.850000	58.000
87.600000	87.850000	48.000
87.900000	88.010000	71.000
87.900000	88.010000	52.000
88.060000	88.160000	53.000
88.210000	88.750000	41.000
88.210000	88.450000	83.000
88.210000	88.450000	55.000
88.500000	88.750000	55.000
88.500000	88.750000	43.000
88.800000	89.340000	55.000
88.990000	89.340000	36.000
88.990000	89.030000	67.000
89.080000	89.620000	76.000
89.080000	89.620000	67.000
89.390000	89.620000	74.000
89.390000	89.620000	55.000
89.540000	89.620000	41.000
89.670000	90.500000	67.000
89.670000	90.200000	76.000
89.670000	90.200000	55.000
89.960000	90.200000	74.000
89.960000	90.200000	36.000
90.250000	90.500000	74.000
90.250000	90.500000	55.000
90.550000	91.360000	72.000
90.550000	90.790000	79.000
90.550000	90.790000	73.000
90.550000	90.790000	61.000
90.840000	91.670000	65.000
90.840000	91.430000	36.000
90.840000	91.360000	88.000
91.410000	91.670000	72.000
91.480000	91.670000	53.000
91.480000	91.670000	36.000
91.720000	92.260000	80.000
91.720000	92.200000	52.000
91.990000	92.200000	76.000
92.310000	92.650000	36.000
92.310000	92.530000	41.000
92.860000	93.690000	80.000
92.860000	93.100000	52.000
93.150000	93.690000	64.000
93.150000	93.690000	52.000
93.150000	93.380000	71.000
93.430000	93.690000	83.000
93.430000	93.690000	36.000
93.740000	93.970000	76.000
93.880000	94.280000	72.000
93.880000	93.970000	64.000
93.880000	93.970000	57.000
94.020000	94.840000	76.000
94.020000	94.280000	64.000
94.020000	94.280000	53.000
94.330000	94.840000	72.000
94.330000	94.560000	64.000
94.610000	94.840000	53.000
94.610000	94.840000	36.000
94.890000	95.470000	76.000
94.890000	95.070000	57.000
95.190000	95.470000	57.000
95.190000	95.470000	41.000
95.520000	96.310000	57.000
95.520000	96.040000	36.000
96.240000	96.310000	52.000
96.360000	96.910000	81.000
96.360000	96.910000	50.000
96.360000	96.840000	41.000
96.360000	96.580000	64.000
96.630000	97.180000	62.000
96.630000	96.910000	74.000
96.630000	96.840000	78.000
96.890000	96.910000	41.000
96.960000	97.180000	81.000
96.960000	97.180000	78.000
96.960000	97.180000	65.000
96.960000	97.180000	36.000
97.520000	97.640000	48.000
97.690000	98.050000	42.000
97.690000	97.760000	58.000
97.810000	98.120000	45.000
97.960000	98.120000	64.000
97.960000	98.120000	57.000
97.960000	98.050000	69.000
98.170000	98.610000	57.000
98.170000	98.610000	42.000
98.370000	98.610000	48.000
98.940000	99.170000	71.000
98.940000	99.170000	58.000
98.940000	99.170000	52.000
98.940000	99.170000	43.000
99.220000	99.450000	71.000
99.220000	99.310000	64.000
99.360000	99.450000	59.000
99.360000	99.450000	52.000
99.500000	99.760000	50.000
99.500000	99.690000	44.000
99.500000	99.690000	43.000
99.740000	99.760000	59.000
99.810000	100.040000	48.000
100.190000	100.330000	67.000
100.190000	100.330000	60.000
100.190000	100.330000	58.000
100.380000	100.910000	69.000
100.380000	100.620000	76.000
100.380000	100.620000	61.000
100.380000	100.620000	57.000
100.670000	100.810000	80.000
100.670000	100.810000	56.000
100.860000	100.910000	75.000
100.960000	101.470000	81.000
100.960000	101.470000	53.000
100.960000	101.190000	84.000
101.240000	102.310000	62.000
101.240000	101.910000	72.000
101.240000	101.760000	65.000
101.240000	101.470000	77.000
101.520000	102.050000	53.000
101.810000	102.100000	65.000
101.810000	102.100000	43.000
101.960000	102.100000	69.000
102.150000	102.760000	72.000
102.150000	102.600000	36.000
102.150000	102.310000	69.000
102.150000	102.310000	65.000
102.150000	102.310000	43.000
102.360000	102.760000	65.000
102.360000	102.600000	62.000
102.360000	102.600000	60.000
102.650000	104.080000	79.000
102.650000	102.760000	60.000
102.810000	103.500000	48.000
102.810000	102.940000	72.000
102.990000	103.660000	60.000
102.990000	103.190000	72.000
102.990000	103.190000	55.000
103.240000	103.660000	72.000
103.240000	103.660000	36.000
103.240000	103.500000	67.000
103.240000	103.500000	65.000
103.550000	103.790000	48.000
103.710000	104.220000	72.000
103.710000	103.790000	76.000
103.710000	103.790000	60.000
103.840000	104.220000	60.000
103.840000	104.220000	48.000
103.840000	104.220000	43.000
103.840000	104.080000	65.000
104.130000	104.220000	67.000
104.130000	104.220000	55.000
104.560000	105.510000	60.000
104.560000	105.180000	72.000
104.690000	104.930000	79.000
104.690000	104.930000	65.000
104.690000	104.930000	36.000
104.980000	105.510000	48.000
105.260000	105.510000	84.000
105.260000	105.510000	79.000
105.260000	105.510000	72.000
105.560000	106.060000	79.000
105.560000	106.060000	76.000
105.840000	106.060000	82.000
105.840000	106.060000	64.000
106.110000	106.370000	84.000
106.420000	106.670000	73.000
106.420000	106.670000	60.000
106.420000	106.670000	55.000
106.720000	107.400000	73.000
106.720000	107.250000	37.000
106.720000	106.950000	52.000
107.000000	107.250000	83.000
107.000000	107.250000	80.000
107.300000	108.100000	80.000
107.300000	107.400000	61.000
107.450000	107.510000	73.000
107.450000	107.510000	61.000
107.560000	108.100000	61.000
107.560000	107.820000	73.000
107.560000	107.820000	56.000
107.870000	108.400000	37.000
107.870000	108.100000	73.000
107.870000	108.100000	68.000
108.150000	108.400000	61.000
108.150000	108.270000	77.000
108.320000	108.400000	49.000
108.450000	108.820000	50.000
108.450000	108.660000	61.000
108.450000	108.660000	56.000
108.710000	108.820000	61.000
108.870000	108.950000	62.000
108.870000	108.950000	50.000
109.150000	109.780000	73.000
109.280000	109.780000	80.000
109.280000	109.520000	85.000
109.280000	109.520000	56.000
109.570000	110.060000	61.000
109.570000	109.780000	49.000
109.830000	110.010000	85.000
109.830000	110.010000	80.000
109.830000	110.010000	73.000
109.830000	110.010000	56.000
110.180000	110.570000	37.000
110.620000	110.710000	37.000
110.760000	110.970000	74.000
110.760000	110.970000	62.000
110.760000	110.970000	61.000
111.020000	111.270000	73.000
111.170000	111.570000	61.000
111.320000	111.570000	73.000
111.420000	111.570000	42.000
111.620000	111.750000	82.000
111.620000	111.750000	75.000
111.620000	111.750000	63.000
111.800000	111.870000	65.000
112.200000	112.740000	63.000
112.200000	112.740000	51.000
112.200000	112.420000	55.000
112.200000	112.420000	54.000
112.470000	113.050000	66.000
112.470000	112.740000	68.000
112.470000	112.740000	37.000
112.790000	113.050000	54.000
112.790000	112.990000	58.000
112.790000	112.990000	47.000
113.100000	113.210000	65.000
113.100000	113.210000	56.000
113.260000	113.630000	37.000
113.370000	113.630000	51.000
113.370000	113.570000	63.000
113.680000	114.480000	49.000
113.680000	113.900000	53.000
113.680000	113.900000	42.000
113.950000	114.220000	65.000
113.950000	114.220000	63.000
114.270000	114.790000	73.000
114.270000	114.790000	37.000
114.270000	114.480000	68.000
114.270000	114.480000	53.000
114.530000	114.790000	58.000
114.530000	114.790000	54.000
114.530000	114.790000	51.000
114.530000	114.790000	49.000
114.840000	115.820000	56.000
114.840000	115.380000	63.000
114.840000	115.090000	54.000
115.140000	115.670000	85.000
115.140000	115.380000	75.000
115.430000	115.960000	37.000
115.430000	115.670000	78.000
115.430000	115.670000	73.000
115.430000	115.670000	66.000
115.430000	115.670000	53.000
115.720000	116.250000	51.000
115.720000	115.820000	53.000
115.870000	116.540000	56.000
115.870000	115.960000	63.000
115.870000	115.960000	53.000
116.010000	116.250000	73.000
116.010000	116.250000	65.000
116.010000	116.250000	61.000
116.300000	116.540000	63.000
116.300000	116.540000	61.000
116.590000	116.690000	53.000
116.740000	116.820000	59.000
116.740000	116.820000	37.000
116.870000	117.120000	56.000
117.170000	117.210000	76.000
117.260000	117.400000	75.000
117.260000	117.400000	56.000
117.260000	117.400000	49.000
117.450000	117.970000	56.000
117.450000	117.680000	75.000
117.450000	117.570000	80.000
117.620000	117.680000	59.000
117.730000	117.850000	75.000
117.900000	118.250000	37.000
118.020000	118.250000	54.000
118.020000	118.250000	51.000
118.020000	118.250000	50.000
118.020000	118.250000	47.000
118.300000	118.610000	73.000
118.300000	118.610000	42.000
118.660000	119.480000	61.000
118.660000	119.120000	63.000
118.660000	118.890000	53.000
118.940000	119.480000	51.000
118.940000	119.430000	37.000
118.940000	119.120000	54.000
119.170000	119.480000	54.000
119.170000	119.430000	63.000
119.530000	119.930000	56.000
119.530000	119.660000	63.000
119.530000	119.660000	54.000
119.710000	119.930000	54.000
119.980000	120.020000	56.000
119.980000	120.020000	54.000
120.070000	120.890000	53.000
120.070000	120.590000	80.000
120.070000	120.590000	37.000
120.070000	120.300000	73.000
120.350000	120.890000	61.000
120.350000	120.590000	73.000
120.350000	120.590000	65.000
120.640000	120.890000	73.000
120.640000	120.890000	42.000
120.940000	121.190000	75.000
120.940000	121.190000	63.000
120.940000	121.190000	61.000
121.070000	121.350000	53.000
121.070000	121.190000	56.000
121.400000	121.770000	37.000
121.520000	121.770000	63.000
121.520000	121.770000	54.000
121.820000	121.900000	57.000
121.950000	122.070000	61.000
121.950000	122.070000	54.000
122.120000	122.350000	77.000
122.120000	122.350000	63.000
122.120000	122.350000	58.000
122.120000	122.350000	54.000
122.520000	122.550000	61.000
122.520000	122.550000	54.000
122.600000	122.630000	65.000
122.600000	122.630000	61.000
122.680000	123.240000	74.000
122.680000	122.930000	73.000
122.980000	123.240000	42.000
123.610000	124.030000	37.000
123.610000	123.820000	73.000
123.610000	123.820000	63.000
123.870000	124.030000	54.000
123.870000	124.030000	50.000
124.080000	124.140000	75.000
124.190000	124.710000	63.000
124.190000	124.410000	61.000
124.190000	124.410000	54.000
124.460000	124.710000	85.000
124.460000	124.710000	75.000
124.460000	124.710000	54.000
124.460000	124.710000	51.000
124.760000	125.280000	37.000
124.760000	124.990000	84.000
124.760000	124.990000	77.000
125.260000	125.280000	65.000
125.330000	125.800000	73.000
125.330000	125.460000	42.000
125.510000	125.590000	42.000
125.640000	125.800000	63.000
125.850000	125.930000	53.000
125.850000	125.880000	63.000
125.980000	126.030000	73.000
126.080000	126.360000	37.000
126.220000	126.360000	73.000
126.220000	126.360000	66.000
126.410000	126.750000	51.000
126.410000	126.480000	37.000
126.530000	126.750000	73.000
126.530000	126.750000	68.000
126.530000	126.750000	63.000
126.530000	126.680000	57.000
126.730000	126.940000	56.000
126.800000	127.220000	80.000
126.800000	127.050000	75.000
126.800000	127.050000	68.000
126.800000	126.940000	63.000
126.990000	127.220000	63.000
126.990000	127.050000	56.000
127.100000	127.630000	61.000
127.100000	127.220000	56.000
127.270000	127.630000	37.000
127.270000	127.360000	54.000
127.410000	127.840000	63.000
127.410000	127.630000	54.000
127.410000	127.630000	51.000
127.410000	127.630000	49.000
127.410000	127.630000	47.000
127.680000	127.950000	42.000
127.890000	127.950000	54.000
128.000000	128.220000	66.000
128.000000	128.220000	46.000
128.000000	128.220000	43.000
128.270000	128.510000	42.000
128.660000	128.800000	71.000
128.660000	128.800000	37.000
128.850000	129.080000	71.000
128.850000	129.080000	54.000
129.130000	129.380000	54.000
129.130000	129.380000	49.000
129.130000	129.380000	46.000
129.430000	129.670000	42.000
129.720000	129.790000	65.000
129.840000	129.990000	65.000
129.840000	129.990000	53.000
130.040000	130.270000	36.000
130.040000	130.200000	58.000
130.040000	130.200000	53.000
130.370000	130.570000	36.000
130.370000	130.450000	47.000
130.500000	130.570000	55.000
130.620000	130.760000	58.000
130.810000	130.860000	58.000
130.810000	130.860000	48.000
130.810000	130.860000	41.000
131.170000	131.420000	58.000
131.170000	131.340000	36.000
131.650000	131.730000	36.000
131.860000	132.590000	57.000
131.860000	131.990000	69.000
131.860000	131.990000	41.000
132.040000	132.870000	43.000
132.040000	132.730000	46.000
132.040000	132.590000	77.000
132.040000	132.590000	70.000
132.040000	132.590000	69.000
132.780000	133.140000	46.000
133.190000	134.320000	62.000
133.190000	133.450000	41.000
133.500000	134.560000	67.000
133.500000	134.320000	74.000
133.500000	133.740000	43.000
133.790000	134.620000	55.000
134.670000	134.920000	36.000
134.670000	134.860000	72.000
134.670000	134.860000	67.000
134.670000	134.860000	65.000
134.970000	135.170000	70.000
134.970000	135.170000	58.000
135.810000	136.300000	36.000
135.810000	136.020000	56.000
136.070000	136.300000	77.000
136.070000	136.300000	70.000
136.070000	136.300000	58.000
136.350000	136.670000	57.000
136.350000	136.670000	41.000
136.350000	136.600000	81.000
136.720000	137.190000	72.000
136.720000	137.190000	67.000
136.720000	136.990000	60.000
137.040000	137.750000	53.000
137.040000	137.190000	57.000
137.300000	137.750000	88.000
137.300000	137.750000	79.000
137.300000	137.750000	72.000
137.300000	137.750000	41.000
137.800000	138.070000	57.000
137.800000	138.070000	55.000
138.120000	138.920000	65.000
138.120000	138.920000	53.000
138.120000	138.310000	43.000
138.360000	139.030000	46.000
138.360000	138.890000	84.000
138.360000	138.890000	72.000
138.650000	139.030000	41.000
138.650000	138.890000	58.000
138.970000	139.460000	65.000
138.970000	139.210000	53.000
139.080000	139.210000	49.000
139.080000	139.210000	41.000
139.260000	139.460000	56.000
139.260000	139.360000	46.000
139.410000	139.460000	46.000
139.670000	139.750000	43.000
139.800000	139.900000	56.000
139.950000	140.040000	39.000
140.390000	140.510000	56.000
140.560000	140.610000	65.000
140.660000	140.940000	70.000
140.810000	140.940000	46.000
140.990000	141.190000	83.000
140.990000	141.190000	79.000
140.990000	141.190000	74.000
140.990000	141.190000	39.000
141.240000	141.760000	65.000
141.240000	141.490000	55.000
141.540000	141.760000	80.000
141.540000	141.760000	44.000
142.100000	142.160000	55.000
142.380000	142.630000	51.000
142.380000	142.630000	49.000
142.680000	143.770000	77.000
142.680000	143.630000	53.000
142.680000	143.210000	84.000
142.680000	143.210000	44.000
143.260000	144.060000	56.000
143.510000	143.630000	65.000
143.680000	144.060000	53.000
143.820000	144.060000	61.000
144.110000	144.630000	61.000
144.110000	144.340000	56.000
144.390000	144.950000	89.000
144.390000	144.950000	37.000
144.390000	144.630000	80.000
144.390000	144.630000	73.000
144.680000	144.950000	80.000
144.680000	144.950000	73.000
144.680000	144.950000	62.000
144.680000	144.950000	61.000
144.680000	144.950000	54.000
145.000000	145.140000	61.000
145.190000	145.240000	61.000
145.290000	145.370000	54.000
145.290000	145.370000	49.000
145.420000	145.760000	56.000
145.420000	145.530000	61.000
145.580000	145.920000	85.000
145.580000	145.820000	37.000
145.580000	145.760000	78.000
145.580000	145.760000	62.000
145.870000	146.070000	37.000
145.870000	145.920000	54.000
146.270000	146.340000	61.000
146.390000	146.630000	56.000
146.390000	146.530000	61.000
146.580000	146.900000	61.000
146.680000	147.120000	73.000
146.950000	147.230000	65.000
146.950000	147.120000	61.000
146.950000	147.120000	56.000
146.950000	147.120000	54.000
147.170000	147.840000	56.000
147.280000	147.840000	68.000
147.280000	147.840000	61.000
147.280000	147.840000	53.000
147.280000	147.840000	50.000
147.280000	147.840000	37.000
147.890000	148.510000	49.000
147.890000	148.350000	61.000
148.610000	148.670000	42.000
148.720000	148.950000	63.000
149.000000	149.140000	61.000
149.300000	149.560000	65.000
149.300000	149.560000	54.000
149.610000	149.690000	76.000
149.740000	149.840000	56.000
149.890000	150.070000	58.000
149.890000	150.070000	54.000
150.170000	150.300000	75.000
150.170000	150.300000	68.000
150.460000	150.720000	78.000
150.460000	150.720000	75.000
150.460000	150.720000	74.000
150.460000	150.720000	70.000
150.460000	150.720000	51.000
150.460000	150.720000	50.000
150.770000	151.140000	42.000
150.770000	151.030000	49.000
150.770000	150.980000	50.000
151.080000	151.140000	49.000
151.190000	151.580000	88.000
151.190000	151.580000	78.000
151.380000	151.880000	37.000
151.380000	151.580000	50.000
151.630000	152.460000	78.000
151.630000	152.170000	88.000
151.930000	152.170000	54.000
152.220000	152.460000	51.000
152.220000	152.340000	63.000
152.510000	152.760000	77.000
152.510000	152.760000	72.000
152.510000	152.760000	53.000
152.510000	152.760000	37.000
152.810000	153.060000	69.000
152.810000	153.060000	68.000
152.810000	153.060000	57.000
152.810000	153.060000	53.000
153.110000	153.240000	74.000
153.110000	153.240000	62.000
153.410000	153.650000	64.000
153.410000	153.650000	63.000
153.700000	153.800000	73.000
153.960000	154.230000	74.000
153.960000	154.110000	37.000
154.160000	154.230000	67.000
154.160000	154.230000	55.000
154.280000	154.670000	56.000
154.280000	154.510000	67.000
154.560000	154.670000	75.000
154.720000	154.790000	58.000
154.840000	154.970000	75.000
155.130000	155.400000	54.000
155.130000	155.400000	51.000
155.450000	155.570000	55.000
155.700000	155.990000	54.000
155.700000	155.990000	42.000
156.040000	156.550000	37.000
156.040000	156.170000	63.000
156.300000	156.760000	88.000
156.300000	156.550000	66.000
156.300000	156.550000	46.000
157.330000	157.580000	37.000
157.330000	157.420000	53.000
157.470000	157.580000	80.000
157.470000	157.580000	73.000
157.630000	157.710000	37.000
157.760000	158.000000	73.000
157.760000	157.910000	42.000
157.960000	158.000000	42.000
158.050000	158.170000	63.000
158.220000	158.290000	61.000
158.470000	158.600000	77.000
158.470000	158.600000	70.000
158.470000	158.600000	58.000
158.810000	158.890000	37.000
158.940000	159.160000	57.000
158.940000	159.160000	56.000
159.210000	159.460000	58.000
159.210000	159.390000	77.000
159.610000	159.740000	53.000
159.790000	160.050000	53.000
159.790000	160.050000	37.000
160.370000	160.910000	88.000
160.370000	160.640000	83.000
160.370000	160.640000	43.000
160.370000	160.640000	42.000
160.690000	160.910000	91.000
160.690000	160.910000	51.000
160.690000	160.910000	37.000
160.960000	161.200000	88.000
161.250000	161.490000	55.000
161.250000	161.490000	44.000
161.540000	161.780000	75.000
161.540000	161.780000	54.000
161.540000	161.780000	51.000
161.830000	162.360000	37.000
161.830000	162.080000	77.000
161.830000	162.080000	53.000
162.130000	162.230000	57.000
162.280000	162.360000	53.000
162.410000	162.660000	80.000
162.410000	162.660000	73.000
162.410000	162.660000	42.000
162.710000	162.950000	63.000
163.150000	163.230000	52.000
163.280000	163.530000	37.000
163.580000	164.000000	68.000
163.580000	164.000000	56.000
163.860000	164.350000	80.000
163.860000	164.110000	75.000
163.860000	164.110000	44.000
164.050000	164.280000	56.000
164.160000	164.350000	75.000
164.160000	164.350000	68.000
164.400000	164.680000	68.000
164.400000	164.680000	51.000
164.400000	164.680000	37.000
164.730000	165.130000	73.000
164.730000	165.130000	42.000
165.020000	165.550000	63.000
165.180000	165.280000	54.000
165.180000	165.280000	53.000
165.330000	165.850000	61.000
165.480000	165.850000	51.000
165.480000	165.850000	37.000
165.480000	165.550000	73.000
165.600000	165.850000	63.000
165.600000	165.850000	58.000
165.600000	165.850000	54.000
166.050000	166.280000	56.000
166.190000	166.440000	70.000
166.190000	166.280000	54.000
166.330000	166.440000	58.000
166.330000	166.440000	56.000
166.490000	167.000000	68.000
166.640000	167.310000	56.000
166.770000	167.310000	51.000
166.930000	167.310000	63.000
167.050000	167.310000	73.000
167.050000	167.310000	42.000
167.360000	167.730000	61.000
167.360000	167.580000	63.000
167.630000	167.860000	42.000
167.630000	167.730000	73.000
167.780000	168.170000	37.000
167.910000	168.050000	67.000
168.100000	168.170000	54.000
168.220000	168.440000	75.000
168.220000	168.440000	44.000
168.490000	169.010000	81.000
168.490000	168.720000	76.000
168.490000	168.720000	56.000
168.770000	168.900000	56.000
169.060000	169.170000	54.000
169.220000	169.300000	37.000
169.350000	169.750000	42.000
169.650000	169.750000	58.000
169.650000	169.750000	54.000
169.800000	170.070000	49.000
169.800000	169.890000	54.000
169.940000	170.170000	54.000
170.120000	170.170000	37.000
170.220000	171.340000	61.000
170.220000	170.780000	54.000
170.390000	170.500000	37.000
170.550000	170.780000	73.000
170.550000	170.780000	42.000
170.830000	171.340000	73.000
170.830000	171.270000	54.000
171.120000	171.630000	78.000
171.120000	171.500000	37.000
171.120000	171.270000	42.000
171.320000	171.340000	54.000
171.390000	171.630000	54.000
171.680000	171.910000	61.000
171.840000	171.910000	42.000
171.960000	172.090000	61.000
171.960000	172.090000	54.000
172.260000	172.660000	73.000
172.260000	172.490000	63.000
172.260000	172.490000	42.000
172.420000	172.660000	37.000
172.420000	172.490000	70.000
172.420000	172.490000	54.000
172.540000	173.070000	54.000
172.540000	172.790000	63.000
172.710000	172.790000	51.000
172.840000	173.240000	56.000
172.840000	173.240000	42.000
172.840000	173.070000	73.000
172.840000	173.070000	55.000
173.120000	173.920000	63.000
173.290000	173.370000	54.000
173.420000	173.920000	61.000
173.570000	174.220000	73.000
173.570000	173.920000	70.000
173.570000	173.630000	37.000
173.680000	174.220000	54.000
173.680000	173.920000	58.000
173.680000	173.920000	51.000
173.970000	174.220000	42.000
174.270000	175.090000	63.000
174.270000	174.790000	54.000
174.560000	174.940000	61.000
174.710000	174.790000	37.000
174.840000	175.090000	54.000
174.990000	175.090000	51.000
175.140000	175.360000	61.000
175.300000	175.360000	42.000
175.410000	176.080000	61.000
175.410000	175.930000	63.000
175.410000	175.540000	56.000
175.590000	175.650000	68.000
175.980000	176.080000	63.000
175.980000	176.080000	54.000
175.980000	176.080000	37.000
176.130000	176.510000	54.000
176.130000	176.230000	63.000
176.130000	176.230000	58.000
176.280000	176.380000	42.000
176.430000	176.510000	42.000
176.560000	176.960000	54.000
176.560000	176.680000	63.000
176.560000	176.680000	61.000
176.560000	176.680000	58.000
176.730000	177.390000	63.000
176.860000	178.250000	73.000
176.860000	177.100000	49.000
176.860000	177.100000	42.000
177.010000	177.100000	54.000
177.010000	177.100000	37.000
177.150000	177.660000	54.000
177.150000	177.390000	58.000
177.440000	177.840000	56.000
177.440000	177.660000	42.000
177.710000	178.540000	63.000
177.710000	178.130000	54.000
177.710000	177.840000	61.000
178.030000	178.250000	42.000
178.180000	178.250000	37.000
178.300000	178.820000	58.000
178.300000	178.820000	54.000
178.590000	181.710000	42.000
178.590000	178.820000	85.000
178.590000	178.820000	49.000
178.870000	179.120000	63.000
178.870000	179.120000	54.000
179.170000	179.400000	37.000
179.450000	181.710000	75.000
179.450000	181.710000	58.000
179.450000	181.710000	44.000
