4.713651	4.713651	4.714
4.852971	4.852971	4.853
5.154830	5.154830	5.155
5.433469	5.433469	5.433
5.607619	5.607619	5.608
5.770159	5.770159	5.770
6.013968	6.013968	6.014
6.339048	6.339048	6.339
6.617687	6.617687	6.618
6.931156	6.931156	6.931
7.209796	7.209796	7.210
7.523265	7.523265	7.523
7.801905	7.801905	7.802
8.103764	8.103764	8.104
8.382404	8.382404	8.382
8.672653	8.672653	8.673
8.962902	8.962902	8.963
9.264762	9.264762	9.265
9.543401	9.543401	9.543
9.856871	9.856871	9.857
10.135510	10.135510	10.136
10.437370	10.437370	10.437
10.716009	10.716009	10.716
11.041088	11.041088	11.041
11.308118	11.308118	11.308
11.609977	11.609977	11.610
11.900227	11.900227	11.900
12.202086	12.202086	12.202
12.480726	12.480726	12.481
12.770975	12.770975	12.771
13.096054	13.096054	13.096
13.200544	13.200544	13.201
13.351474	13.351474	13.351
13.641723	13.641723	13.642
13.827483	13.827483	13.827
13.955193	13.955193	13.955
14.152562	14.152562	14.153
14.233832	14.233832	14.234
14.547302	14.547302	14.547
14.698231	14.698231	14.698
14.802721	14.802721	14.803
14.907211	14.907211	14.907
15.104580	15.104580	15.105
15.255510	15.255510	15.256
15.406440	15.406440	15.406
15.476100	15.476100	15.476
15.708299	15.708299	15.708
15.859229	15.859229	15.859
15.975329	15.975329	15.975
16.242358	16.242358	16.242
16.439728	16.439728	16.440
16.544218	16.544218	16.544
16.718367	16.718367	16.718
16.834467	16.834467	16.834
17.124717	17.124717	17.125
17.264036	17.264036	17.264
17.426576	17.426576	17.427
17.716825	17.716825	17.717
17.844535	17.844535	17.845
18.018685	18.018685	18.019
18.320544	18.320544	18.321
18.459864	18.459864	18.460
18.622404	18.622404	18.622
18.750113	18.750113	18.750
18.889433	18.889433	18.889
19.191293	19.191293	19.191
19.342222	19.342222	19.342
19.469932	19.469932	19.470
19.551202	19.551202	19.551
19.678912	19.678912	19.679
19.783401	19.783401	19.783
19.899501	19.899501	19.900
20.038821	20.038821	20.039
20.143311	20.143311	20.143
20.236190	20.236190	20.236
20.340680	20.340680	20.341
20.514830	20.514830	20.515
20.642540	20.642540	20.643
20.909569	20.909569	20.910
21.211429	21.211429	21.211
21.536508	21.536508	21.537
21.791927	21.791927	21.792
22.093787	22.093787	22.094
22.244717	22.244717	22.245
22.337596	22.337596	22.338
22.558186	22.558186	22.558
22.604626	22.604626	22.605
22.674286	22.674286	22.674
22.952925	22.952925	22.953
23.057415	23.057415	23.057
23.266395	23.266395	23.266
23.545034	23.545034	23.545
23.661134	23.661134	23.661
23.846893	23.846893	23.847
24.021043	24.021043	24.021
24.137143	24.137143	24.137
24.288073	24.288073	24.288
24.427392	24.427392	24.427
24.485442	24.485442	24.485
24.520272	24.520272	24.520
24.682812	24.682812	24.683
24.729252	24.729252	24.729
25.019501	25.019501	25.020
25.147211	25.147211	25.147
25.286531	25.286531	25.287
25.611610	25.611610	25.612
25.890249	25.890249	25.890
26.354649	26.354649	26.355
26.482358	26.482358	26.482
26.772608	26.772608	26.773
27.086077	27.086077	27.086
27.167347	27.167347	27.167
27.295057	27.295057	27.295
27.364717	27.364717	27.365
27.666576	27.666576	27.667
27.794286	27.794286	27.794
27.933605	27.933605	27.934
28.235465	28.235465	28.235
28.305125	28.305125	28.305
28.525714	28.525714	28.526
28.676644	28.676644	28.677
28.804354	28.804354	28.804
28.897234	28.897234	28.897
29.001723	29.001723	29.002
29.106213	29.106213	29.106
29.222313	29.222313	29.222
29.384853	29.384853	29.385
29.477732	29.477732	29.478
29.570612	29.570612	29.571
29.675102	29.675102	29.675
29.849252	29.849252	29.849
29.988571	29.988571	29.989
30.255601	30.255601	30.256
30.569070	30.569070	30.569
30.870930	30.870930	30.871
31.149569	31.149569	31.150
31.463039	31.463039	31.463
31.741678	31.741678	31.742
32.055147	32.055147	32.055
32.368617	32.368617	32.369
32.449887	32.449887	32.450
32.658866	32.658866	32.659
33.007166	33.007166	33.007
33.123265	33.123265	33.123
33.250975	33.250975	33.251
33.541224	33.541224	33.541
33.668934	33.668934	33.669
33.808254	33.808254	33.808
33.889524	33.889524	33.890
34.110113	34.110113	34.110
34.272653	34.272653	34.273
34.400363	34.400363	34.400
34.504853	34.504853	34.505
34.702222	34.702222	34.702
35.085351	35.085351	35.085
35.305941	35.305941	35.306
35.456871	35.456871	35.457
35.584580	35.584580	35.585
35.723900	35.723900	35.724
35.828390	35.828390	35.828
35.990930	35.990930	35.991
36.048980	36.048980	36.049
36.141859	36.141859	36.142
36.443719	36.443719	36.444
36.722358	36.722358	36.722
36.977778	36.977778	36.978
37.151927	37.151927	37.152
37.256417	37.256417	37.256
37.569887	37.569887	37.570
37.871746	37.871746	37.872
38.057506	38.057506	38.058
38.161995	38.161995	38.162
38.289705	38.289705	38.290
38.429025	38.429025	38.429
38.719274	38.719274	38.719
38.997914	38.997914	38.998
39.148844	39.148844	39.149
39.299773	39.299773	39.300
39.473923	39.473923	39.474
39.729342	39.729342	39.729
39.868662	39.868662	39.869
39.984762	39.984762	39.985
40.124082	40.124082	40.124
40.437551	40.437551	40.438
40.716190	40.716190	40.716
41.006440	41.006440	41.006
41.598549	41.598549	41.599
41.865578	41.865578	41.866
41.958458	41.958458	41.958
42.167438	42.167438	42.167
42.446077	42.446077	42.446
42.538957	42.538957	42.539
42.736327	42.736327	42.736
42.991746	42.991746	42.992
43.084626	43.084626	43.085
43.293605	43.293605	43.294
43.444535	43.444535	43.445
43.665125	43.665125	43.665
43.816054	43.816054	43.816
43.874104	43.874104	43.874
44.419773	44.419773	44.420
44.593923	44.593923	44.594
44.721633	44.721633	44.722
44.872562	44.872562	44.873
44.988662	44.988662	44.989
45.081542	45.081542	45.082
45.127982	45.127982	45.128
45.290522	45.290522	45.291
45.406621	45.406621	45.407
45.534331	45.534331	45.534
45.905850	45.905850	45.906
46.021950	46.021950	46.022
46.138050	46.138050	46.138
46.439909	46.439909	46.440
46.614059	46.614059	46.614
46.718549	46.718549	46.719
46.869478	46.869478	46.869
47.032018	47.032018	47.032
47.078458	47.078458	47.078
47.206168	47.206168	47.206
47.310658	47.310658	47.311
47.484807	47.484807	47.485
47.531247	47.531247	47.531
47.612517	47.612517	47.613
47.914376	47.914376	47.914
48.123356	48.123356	48.123
48.193016	48.193016	48.193
48.436825	48.436825	48.437
48.587755	48.587755	48.588
48.750295	48.750295	48.750
48.878005	48.878005	48.878
48.994104	48.994104	48.994
49.284354	49.284354	49.284
49.470113	49.470113	49.470
49.574603	49.574603	49.575
49.679093	49.679093	49.679
49.864853	49.864853	49.865
50.143492	50.143492	50.143
50.387302	50.387302	50.387
50.619501	50.619501	50.620
50.723991	50.723991	50.724
50.991020	50.991020	50.991
51.234830	51.234830	51.235
51.327710	51.327710	51.328
51.594739	51.594739	51.595
51.780499	51.780499	51.780
51.884989	51.884989	51.885
52.198458	52.198458	52.198
52.488707	52.488707	52.489
52.767347	52.767347	52.767
52.895057	52.895057	52.895
52.987937	52.987937	52.988
53.057596	53.057596	53.058
53.092426	53.092426	53.092
53.185306	53.185306	53.185
53.347846	53.347846	53.348
53.487166	53.487166	53.487
53.638095	53.638095	53.638
53.951565	53.951565	53.952
54.230204	54.230204	54.230
54.532063	54.532063	54.532
54.799093	54.799093	54.799
54.984853	54.984853	54.985
55.112562	55.112562	55.113
55.275102	55.275102	55.275
55.391202	55.391202	55.391
55.553741	55.553741	55.554
55.681451	55.681451	55.681
55.843991	55.843991	55.844
55.960091	55.960091	55.960
56.261950	56.261950	56.262
56.412880	56.412880	56.413
56.528980	56.528980	56.529
56.691519	56.691519	56.692
56.830839	56.830839	56.831
57.109478	57.109478	57.109
57.260408	57.260408	57.260
57.469388	57.469388	57.469
57.562268	57.562268	57.562
57.678367	57.678367	57.678
57.991837	57.991837	57.992
58.258866	58.258866	58.259
58.572336	58.572336	58.572
58.839365	58.839365	58.839
59.141224	59.141224	59.141
59.419864	59.419864	59.420
59.582404	59.582404	59.582
59.710113	59.710113	59.710
60.000363	60.000363	60.000
60.302222	60.302222	60.302
60.592472	60.592472	60.592
60.650522	60.650522	60.651
60.882721	60.882721	60.883
60.940771	60.940771	60.941
61.126531	61.126531	61.127
61.347120	61.347120	61.347
61.463220	61.463220	61.463
61.741859	61.741859	61.742
61.834739	61.834739	61.835
61.985669	61.985669	61.986
62.066939	62.066939	62.067
62.287528	62.287528	62.288
62.368798	62.368798	62.369
62.566168	62.566168	62.566
62.647438	62.647438	62.647
62.902857	62.902857	62.903
63.216327	63.216327	63.216
63.494966	63.494966	63.495
63.796825	63.796825	63.797
64.075465	64.075465	64.075
64.238005	64.238005	64.238
64.354104	64.354104	64.354
64.516644	64.516644	64.517
64.586304	64.586304	64.586
64.655964	64.655964	64.656
64.806893	64.806893	64.807
64.934603	64.934603	64.935
65.236463	65.236463	65.236
65.306122	65.306122	65.306
65.375782	65.375782	65.376
65.526712	65.526712	65.527
65.584762	65.584762	65.585
65.677642	65.677642	65.678
65.793741	65.793741	65.794
65.875011	65.875011	65.875
65.991111	65.991111	65.991
66.095601	66.095601	66.096
66.246531	66.246531	66.247
66.374240	66.374240	66.374
66.455510	66.455510	66.456
66.548390	66.548390	66.548
66.652880	66.652880	66.653
66.722540	66.722540	66.723
66.838639	66.838639	66.839
66.966349	66.966349	66.966
67.244989	67.244989	67.245
67.535238	67.535238	67.535
67.848707	67.848707	67.849
68.115737	68.115737	68.116
68.417596	68.417596	68.418
68.707846	68.707846	68.708
69.009705	69.009705	69.010
69.207075	69.207075	69.207
69.311565	69.311565	69.312
69.404444	69.404444	69.404
69.474104	69.474104	69.474
69.613424	69.613424	69.613
69.671474	69.671474	69.671
69.915283	69.915283	69.915
70.054603	70.054603	70.055
70.217143	70.217143	70.217
70.495782	70.495782	70.496
70.646712	70.646712	70.647
70.774422	70.774422	70.774
70.867302	70.867302	70.867
70.936961	70.936961	70.937
71.076281	71.076281	71.076
71.250431	71.250431	71.250
71.378141	71.378141	71.378
71.598730	71.598730	71.599
71.668390	71.668390	71.668
71.958639	71.958639	71.959
72.237279	72.237279	72.237
72.434649	72.434649	72.435
72.817778	72.817778	72.818
72.887438	72.887438	72.887
73.154467	73.154467	73.154
73.270567	73.270567	73.271
73.409887	73.409887	73.410
73.479546	73.479546	73.480
73.618866	73.618866	73.619
74.060045	74.060045	74.060
74.164535	74.164535	74.165
74.292245	74.292245	74.292
74.489615	74.489615	74.490
74.582494	74.582494	74.582
74.663764	74.663764	74.664
74.791474	74.791474	74.791
74.884354	74.884354	74.884
75.000454	75.000454	75.000
75.162993	75.162993	75.163
75.313923	75.313923	75.314
75.476463	75.476463	75.476
75.557732	75.557732	75.558
75.731882	75.731882	75.732
75.836372	75.836372	75.836
76.033741	76.033741	76.034
76.300771	76.300771	76.301
76.382041	76.382041	76.382
76.602630	76.602630	76.603
76.858050	76.858050	76.858
77.148299	77.148299	77.148
77.357279	77.357279	77.357
77.496599	77.496599	77.497
77.775238	77.775238	77.775
77.902948	77.902948	77.903
78.019048	78.019048	78.019
78.297687	78.297687	78.298
78.622766	78.622766	78.623
78.785306	78.785306	78.785
78.866576	78.866576	78.867
78.959456	78.959456	78.959
79.075556	79.075556	79.076
79.180045	79.180045	79.180
79.342585	79.342585	79.343
79.435465	79.435465	79.435
79.493515	79.493515	79.494
79.830204	79.830204	79.830
80.062404	80.062404	80.062
80.306213	80.306213	80.306
80.352653	80.352653	80.353
80.515193	80.515193	80.515
80.642902	80.642902	80.643
80.724172	80.724172	80.724
80.921542	80.921542	80.922
81.211791	81.211791	81.212
81.374331	81.374331	81.374
81.502041	81.502041	81.502
81.722630	81.722630	81.723
81.827120	81.827120	81.827
82.059320	82.059320	82.059
82.291519	82.291519	82.292
82.396009	82.396009	82.396
82.465669	82.465669	82.466
82.628209	82.628209	82.628
83.220317	83.220317	83.220
83.359637	83.359637	83.360
83.498957	83.498957	83.499
83.615057	83.615057	83.615
83.800816	83.800816	83.801
83.974966	83.974966	83.975
84.091066	84.091066	84.091
84.207166	84.207166	84.207
84.439365	84.439365	84.439
84.671565	84.671565	84.672
84.834104	84.834104	84.834
84.961814	84.961814	84.962
85.170794	85.170794	85.171
85.263673	85.263673	85.264
85.414603	85.414603	85.415
85.519093	85.519093	85.519
85.681633	85.681633	85.682
85.832562	85.832562	85.833
85.913832	85.913832	85.914
86.099592	86.099592	86.100
86.401451	86.401451	86.401
87.005170	87.005170	87.005
87.098050	87.098050	87.098
87.295419	87.295419	87.295
87.376689	87.376689	87.377
87.597279	87.597279	87.597
87.690159	87.690159	87.690
87.759819	87.759819	87.760
87.887528	87.887528	87.888
88.073288	88.073288	88.073
88.189388	88.189388	88.189
88.293878	88.293878	88.294
88.491247	88.491247	88.491
88.793107	88.793107	88.793
88.978866	88.978866	88.979
89.071746	89.071746	89.072
89.164626	89.164626	89.165
89.280726	89.280726	89.281
89.385215	89.385215	89.385
89.652245	89.652245	89.652
89.779955	89.779955	89.780
89.942494	89.942494	89.942
90.035374	90.035374	90.035
90.244354	90.244354	90.244
90.314014	90.314014	90.314
90.522993	90.522993	90.523
90.824853	90.824853	90.825
90.882902	90.882902	90.883
91.277642	91.277642	91.278
91.463401	91.463401	91.463
91.695601	91.695601	91.696
91.823311	91.823311	91.823
92.032290	92.032290	92.032
92.160000	92.160000	92.160
92.276100	92.276100	92.276
92.566349	92.566349	92.566
92.694059	92.694059	92.694
92.844989	92.844989	92.845
93.053968	93.053968	93.054
93.146848	93.146848	93.147
93.413878	93.413878	93.414
93.599637	93.599637	93.600
93.727347	93.727347	93.727
94.005986	94.005986	94.006
94.098866	94.098866	94.099
94.319456	94.319456	94.319
94.470385	94.470385	94.470
94.586485	94.586485	94.586
94.772245	94.772245	94.772
94.876735	94.876735	94.877
94.958005	94.958005	94.958
95.178594	95.178594	95.179
95.503673	95.503673	95.504
96.084172	96.084172	96.084
96.362812	96.362812	96.363
96.641451	96.641451	96.641
96.745941	96.745941	96.746
96.943311	96.943311	96.943
97.221950	97.221950	97.222
97.338050	97.338050	97.338
97.523810	97.523810	97.524
97.674739	97.674739	97.675
97.802449	97.802449	97.802
97.930159	97.930159	97.930
98.081088	98.081088	98.081
98.348118	98.348118	98.348
98.649977	98.649977	98.650
98.928617	98.928617	98.929
99.009887	99.009887	99.010
99.218866	99.218866	99.219
99.485896	99.485896	99.486
99.567166	99.567166	99.567
99.799365	99.799365	99.799
99.880635	99.880635	99.881
100.089615	100.089615	100.090
100.182494	100.182494	100.182
100.368254	100.368254	100.368
100.437914	100.437914	100.438
100.577234	100.577234	100.577
100.658503	100.658503	100.659
100.739773	100.739773	100.740
100.855873	100.855873	100.856
100.948753	100.948753	100.949
101.030023	101.030023	101.030
101.180952	101.180952	101.181
101.494422	101.494422	101.494
101.575692	101.575692	101.576
101.807891	101.807891	101.808
102.132971	102.132971	102.133
102.353560	102.353560	102.354
102.539320	102.539320	102.539
102.632200	102.632200	102.632
102.794739	102.794739	102.795
102.910839	102.910839	102.911
103.224308	103.224308	103.224
103.537778	103.537778	103.538
103.700317	103.700317	103.700
103.816417	103.816417	103.816
104.025397	104.025397	104.025
104.106667	104.106667	104.107
104.269206	104.269206	104.269
104.396916	104.396916	104.397
104.547846	104.547846	104.548
104.675556	104.675556	104.676
104.942585	104.942585	104.943
105.070295	105.070295	105.070
105.232834	105.232834	105.233
105.302494	105.302494	105.302
105.453424	105.453424	105.453
105.557914	105.557914	105.558
105.639184	105.639184	105.639
105.836553	105.836553	105.837
106.091973	106.091973	106.092
106.324172	106.324172	106.324
106.405442	106.405442	106.405
106.533152	106.533152	106.533
106.730522	106.730522	106.731
106.846621	106.846621	106.847
106.985941	106.985941	106.986
107.183311	107.183311	107.183
107.287800	107.287800	107.288
107.438730	107.438730	107.439
107.543220	107.543220	107.543
107.856689	107.856689	107.857
108.158549	108.158549	108.159
108.297868	108.297868	108.298
108.437188	108.437188	108.437
108.622948	108.622948	108.623
108.692608	108.692608	108.693
108.866757	108.866757	108.867
108.994467	108.994467	108.994
109.122177	109.122177	109.122
109.249887	109.249887	109.250
109.818776	109.818776	109.819
110.004535	110.004535	110.005
110.097415	110.097415	110.097
110.190295	110.190295	110.190
110.248345	110.248345	110.248
110.318005	110.318005	110.318
110.457324	110.457324	110.457
110.585034	110.585034	110.585
110.701134	110.701134	110.701
110.759184	110.759184	110.759
111.014603	111.014603	111.015
111.200363	111.200363	111.200
111.304853	111.304853	111.305
111.374512	111.374512	111.375
111.455782	111.455782	111.456
111.606712	111.606712	111.607
111.780862	111.780862	111.781
111.873741	111.873741	111.874
112.059501	112.059501	112.060
112.175601	112.175601	112.176
112.465850	112.465850	112.466
112.628390	112.628390	112.628
112.779320	112.779320	112.779
112.907029	112.907029	112.907
113.023129	113.023129	113.023
113.092789	113.092789	113.093
113.255329	113.255329	113.255
113.348209	113.348209	113.348
113.615238	113.615238	113.615
113.673288	113.673288	113.673
113.940317	113.940317	113.940
114.126077	114.126077	114.126
114.265397	114.265397	114.265
114.509206	114.509206	114.509
114.834286	114.834286	114.834
115.112925	115.112925	115.113
115.205805	115.205805	115.206
115.426395	115.426395	115.426
115.716644	115.716644	115.717
115.867574	115.867574	115.868
115.983673	115.983673	115.984
116.297143	116.297143	116.297
116.448073	116.448073	116.448
116.633832	116.633832	116.634
116.726712	116.726712	116.727
116.854422	116.854422	116.854
116.935692	116.935692	116.936
117.051791	117.051791	117.052
117.167891	117.167891	117.168
117.423311	117.423311	117.423
117.516190	117.516190	117.516
117.609070	117.609070	117.609
117.725170	117.725170	117.725
117.794830	117.794830	117.795
117.887710	117.887710	117.888
118.003810	118.003810	118.004
118.294059	118.294059	118.294
118.456599	118.456599	118.457
118.595918	118.595918	118.596
118.653968	118.653968	118.654
118.909388	118.909388	118.909
119.164807	119.164807	119.165
119.501497	119.501497	119.501
119.722086	119.722086	119.722
119.849796	119.849796	119.850
120.000726	120.000726	120.001
120.128435	120.128435	120.128
120.186485	120.186485	120.186
120.325805	120.325805	120.326
120.511565	120.511565	120.512
120.627664	120.627664	120.628
120.917914	120.917914	120.918
121.045624	121.045624	121.046
121.219773	121.219773	121.220
121.301043	121.301043	121.301
121.382313	121.382313	121.382
121.498413	121.498413	121.498
121.800272	121.800272	121.800
122.078912	122.078912	122.079
122.392381	122.392381	122.392
122.496871	122.496871	122.497
122.682630	122.682630	122.683
122.775510	122.775510	122.776
123.019320	123.019320	123.019
123.321179	123.321179	123.321
123.599819	123.599819	123.600
123.866848	123.866848	123.867
124.064218	124.064218	124.064
124.180317	124.180317	124.180
124.458957	124.458957	124.459
124.598277	124.598277	124.598
124.749206	124.749206	124.749
124.900136	124.900136	124.900
125.027846	125.027846	125.028
125.155556	125.155556	125.156
125.318095	125.318095	125.318
125.434195	125.434195	125.434
125.631565	125.631565	125.632
125.701224	125.701224	125.701
125.840544	125.840544	125.841
125.979864	125.979864	125.980
126.072744	126.072744	126.073
126.188844	126.188844	126.189
126.409433	126.409433	126.409
126.513923	126.513923	126.514
126.618413	126.618413	126.618
126.792562	126.792562	126.793
126.978322	126.978322	126.978
127.094422	127.094422	127.094
127.152472	127.152472	127.152
127.256961	127.256961	127.257
127.384671	127.384671	127.385
127.674921	127.674921	127.675
127.883900	127.883900	127.884
127.976780	127.976780	127.977
128.267029	128.267029	128.267
128.534059	128.534059	128.534
128.870748	128.870748	128.871
129.114558	129.114558	129.115
129.219048	129.219048	129.219
129.416417	129.416417	129.416
129.718277	129.718277	129.718
129.811156	129.811156	129.811
129.857596	129.857596	129.858
130.043356	130.043356	130.043
130.136236	130.136236	130.136
130.356825	130.356825	130.357
130.484535	130.484535	130.485
130.600635	130.600635	130.601
130.890884	130.890884	130.891
131.053424	131.053424	131.053
131.169524	131.169524	131.170
131.332063	131.332063	131.332
131.459773	131.459773	131.460
131.645533	131.645533	131.646
131.761633	131.761633	131.762
131.831293	131.831293	131.831
132.028662	132.028662	132.029
132.121542	132.121542	132.122
132.376961	132.376961	132.377
132.504671	132.504671	132.505
132.620771	132.620771	132.621
132.771701	132.771701	132.772
132.911020	132.911020	132.911
133.050340	133.050340	133.050
133.178050	133.178050	133.178
133.352200	133.352200	133.352
133.410249	133.410249	133.410
133.491519	133.491519	133.492
133.561179	133.561179	133.561
133.770159	133.770159	133.770
134.037188	134.037188	134.037
134.095238	134.095238	134.095
134.222948	134.222948	134.223
134.315828	134.315828	134.316
134.443537	134.443537	134.444
134.606077	134.606077	134.606
134.907937	134.907937	134.908
134.954376	134.954376	134.954
135.105306	135.105306	135.105
135.198186	135.198186	135.198
135.314286	135.314286	135.314
135.383946	135.383946	135.384
135.488435	135.488435	135.488
135.627755	135.627755	135.628
135.778685	135.778685	135.779
135.848345	135.848345	135.848
135.871565	135.871565	135.872
136.057324	136.057324	136.057
136.254694	136.254694	136.255
136.347574	136.347574	136.348
136.440454	136.440454	136.440
136.498503	136.498503	136.499
136.649433	136.649433	136.649
136.707483	136.707483	136.707
136.742313	136.742313	136.742
136.846803	136.846803	136.847
137.148662	137.148662	137.149
137.229932	137.229932	137.230
137.322812	137.322812	137.323
137.496961	137.496961	137.497
137.775601	137.775601	137.776
137.868481	137.868481	137.868
138.112290	138.112290	138.112
138.251610	138.251610	138.252
138.344490	138.344490	138.344
138.425760	138.425760	138.426
138.646349	138.646349	138.646
138.855329	138.855329	138.855
138.959819	138.959819	138.960
139.075918	139.075918	139.076
139.250068	139.250068	139.250
139.563537	139.563537	139.564
139.644807	139.644807	139.645
139.784127	139.784127	139.784
139.877007	139.877007	139.877
139.935057	139.935057	139.935
140.109206	140.109206	140.109
140.353016	140.353016	140.353
140.445896	140.445896	140.446
140.527166	140.527166	140.527
140.643265	140.643265	140.643
140.794195	140.794195	140.794
140.991565	140.991565	140.992
141.200544	141.200544	141.201
141.293424	141.293424	141.293
141.525624	141.525624	141.526
141.781043	141.781043	141.781
141.931973	141.931973	141.932
142.082902	142.082902	142.083
142.257052	142.257052	142.257
142.361542	142.361542	142.362
142.524082	142.524082	142.524
142.733061	142.733061	142.733
142.814331	142.814331	142.814
142.930431	142.930431	142.930
143.232290	143.232290	143.232
143.360000	143.360000	143.360
143.510930	143.510930	143.511
143.661859	143.661859	143.662
143.812789	143.812789	143.813
144.103039	144.103039	144.103
144.184308	144.184308	144.184
144.416508	144.416508	144.417
144.544218	144.544218	144.544
144.660317	144.660317	144.660
144.788027	144.788027	144.788
144.880907	144.880907	144.881
144.997007	144.997007	144.997
145.217596	145.217596	145.218
145.287256	145.287256	145.287
145.519456	145.519456	145.519
145.589116	145.589116	145.589
145.705215	145.705215	145.705
145.856145	145.856145	145.856
145.972245	145.972245	145.972
146.111565	146.111565	146.112
146.413424	146.413424	146.413
146.657234	146.657234	146.657
146.993923	146.993923	146.994
147.272562	147.272562	147.273
147.458322	147.458322	147.458
147.539592	147.539592	147.540
148.398730	148.398730	148.399
148.619320	148.619320	148.619
148.677370	148.677370	148.677
148.990839	148.990839	148.991
149.153379	149.153379	149.153
149.281088	149.281088	149.281
149.594558	149.594558	149.595
149.931247	149.931247	149.931
150.012517	150.012517	150.013
150.163447	150.163447	150.163
150.302766	150.302766	150.303
150.384036	150.384036	150.384
150.569796	150.569796	150.570
150.743946	150.743946	150.744
150.825215	150.825215	150.825
151.359274	151.359274	151.359
151.614694	151.614694	151.615
151.962993	151.962993	151.963
152.218413	152.218413	152.218
152.392562	152.392562	152.393
152.508662	152.508662	152.509
152.636372	152.636372	152.636
152.798912	152.798912	152.799
153.100771	153.100771	153.101
153.274921	153.274921	153.275
153.391020	153.391020	153.391
153.692880	153.692880	153.693
153.762540	153.762540	153.763
153.832200	153.832200	153.832
153.948299	153.948299	153.948
154.006349	154.006349	154.006
154.110839	154.110839	154.111
154.273379	154.273379	154.273
154.343039	154.343039	154.343
154.517188	154.517188	154.517
154.702948	154.702948	154.703
154.830658	154.830658	154.831
155.004807	155.004807	155.005
155.120907	155.120907	155.121
155.445986	155.445986	155.446
155.585306	155.585306	155.585
155.678186	155.678186	155.678
155.759456	155.759456	155.759
155.910385	155.910385	155.910
156.014875	156.014875	156.015
156.281905	156.281905	156.282
156.467664	156.467664	156.468
156.595374	156.595374	156.595
156.874014	156.874014	156.874
157.036553	157.036553	157.037
157.152653	157.152653	157.153
157.454512	157.454512	157.455
157.756372	157.756372	157.756
158.046621	158.046621	158.047
158.325261	158.325261	158.325
158.580680	158.580680	158.581
158.812880	158.812880	158.813
158.882540	158.882540	158.883
158.940590	158.940590	158.941
158.987029	158.987029	158.987
159.196009	159.196009	159.196
159.277279	159.277279	159.277
159.497868	159.497868	159.498
159.579138	159.579138	159.579
159.706848	159.706848	159.707
159.788118	159.788118	159.788
159.997098	159.997098	159.997
160.089977	160.089977	160.090
160.357007	160.357007	160.357
160.682086	160.682086	160.682
160.949116	160.949116	160.949
161.239365	161.239365	161.239
161.285805	161.285805	161.286
161.518005	161.518005	161.518
161.645714	161.645714	161.646
161.819864	161.819864	161.820
162.121723	162.121723	162.122
162.272653	162.272653	162.273
162.388753	162.388753	162.389
162.702222	162.702222	162.702
162.760272	162.760272	162.760
162.806712	162.806712	162.807
162.911202	162.911202	162.911
162.992472	162.992472	162.992
163.050522	163.050522	163.051
163.131791	163.131791	163.132
163.271111	163.271111	163.271
163.456871	163.456871	163.457
163.572971	163.572971	163.573
163.619410	163.619410	163.619
163.840000	163.840000	163.840
164.037370	164.037370	164.037
164.153469	164.153469	164.153
164.211519	164.211519	164.212
164.246349	164.246349	164.246
164.327619	164.327619	164.328
164.432109	164.432109	164.432
164.722358	164.722358	164.722
165.000998	165.000998	165.001
165.163537	165.163537	165.164
165.314467	165.314467	165.314
165.593107	165.593107	165.593
165.894966	165.894966	165.895
166.173605	166.173605	166.174
166.336145	166.336145	166.336
166.463855	166.463855	166.464
166.638005	166.638005	166.638
166.754104	166.754104	166.754
166.916644	166.916644	166.917
167.044354	167.044354	167.044
167.172063	167.172063	167.172
167.334603	167.334603	167.335
167.624853	167.624853	167.625
167.694512	167.694512	167.695
167.903492	167.903492	167.903
168.100862	168.100862	168.101
168.205351	168.205351	168.205
168.472381	168.472381	168.472
168.658141	168.658141	168.658
168.762630	168.762630	168.763
168.925170	168.925170	168.925
169.052880	169.052880	169.053
169.354739	169.354739	169.355
169.633379	169.633379	169.633
169.935238	169.935238	169.935
170.213878	170.213878	170.214
170.515737	170.515737	170.516
170.794376	170.794376	170.794
170.956916	170.956916	170.957
171.096236	171.096236	171.096
171.374875	171.374875	171.375
171.665125	171.665125	171.665
171.943764	171.943764	171.944
172.257234	172.257234	172.257
172.408163	172.408163	172.408
172.512653	172.512653	172.513
172.698413	172.698413	172.698
172.826122	172.826122	172.826
173.104762	173.104762	173.105
173.278912	173.278912	173.279
173.395011	173.395011	173.395
173.545941	173.545941	173.546
173.673651	173.673651	173.674
173.963900	173.963900	173.964
174.254150	174.254150	174.254
174.556009	174.556009	174.556
174.706939	174.706939	174.707
174.823039	174.823039	174.823
174.997188	174.997188	174.997
175.124898	175.124898	175.125
175.403537	175.403537	175.404
175.577687	175.577687	175.578
175.693787	175.693787	175.694
175.844717	175.844717	175.845
175.960816	175.960816	175.961
176.262676	176.262676	176.263
176.552925	176.552925	176.553
176.854785	176.854785	176.855
177.005714	177.005714	177.006
177.133424	177.133424	177.133
177.319184	177.319184	177.319
177.435283	177.435283	177.435
177.702313	177.702313	177.702
178.004172	178.004172	178.004
178.282812	178.282812	178.283
178.584671	178.584671	178.585
178.863311	178.863311	178.863
179.432200	179.432200	179.432
