0.046440	0.046440	0.046
0.278639	0.278639	0.279
0.534059	0.534059	0.534
0.743039	0.743039	0.743
0.975238	0.975238	0.975
1.230658	1.230658	1.231
1.451247	1.451247	1.451
1.683447	1.683447	1.683
1.927256	1.927256	1.927
2.147846	2.147846	2.148
2.403265	2.403265	2.403
2.623855	2.623855	2.624
2.856054	2.856054	2.856
3.088254	3.088254	3.088
3.320454	3.320454	3.320
3.552653	3.552653	3.553
3.761633	3.761633	3.762
4.028662	4.028662	4.029
4.237642	4.237642	4.238
4.493061	4.493061	4.493
5.178050	5.178050	5.178
5.445079	5.445079	5.445
5.642449	5.642449	5.642
5.909478	5.909478	5.909
6.582857	6.582857	6.583
7.012426	7.012426	7.012
7.441995	7.441995	7.442
7.546485	7.546485	7.546
7.778685	7.778685	7.779
8.010884	8.010884	8.011
8.243084	8.243084	8.243
8.475283	8.475283	8.475
8.695873	8.695873	8.696
8.951293	8.951293	8.951
9.032562	9.032562	9.033
9.195102	9.195102	9.195
9.311202	9.311202	9.311
9.415692	9.415692	9.416
9.659501	9.659501	9.660
9.891701	9.891701	9.892
9.949751	9.949751	9.950
10.007800	10.007800	10.008
10.123900	10.123900	10.124
10.356100	10.356100	10.356
10.414150	10.414150	10.414
10.588299	10.588299	10.588
10.820499	10.820499	10.820
11.145578	11.145578	11.146
11.296508	11.296508	11.297
11.517098	11.517098	11.517
11.656417	11.656417	11.656
11.760907	11.760907	11.761
11.969887	11.969887	11.970
12.236916	12.236916	12.237
12.376236	12.376236	12.376
12.469116	12.469116	12.469
12.701315	12.701315	12.701
13.014785	13.014785	13.015
13.119274	13.119274	13.119
13.409524	13.409524	13.410
13.653333	13.653333	13.653
13.873923	13.873923	13.874
14.106122	14.106122	14.106
14.338322	14.338322	14.338
14.442812	14.442812	14.443
14.500862	14.500862	14.501
14.582132	14.582132	14.582
14.825941	14.825941	14.826
14.930431	14.930431	14.930
14.988481	14.988481	14.988
15.046531	15.046531	15.047
15.290340	15.290340	15.290
15.510930	15.510930	15.511
15.743129	15.743129	15.743
15.975329	15.975329	15.975
16.056599	16.056599	16.057
16.230748	16.230748	16.231
16.312018	16.312018	16.312
16.451338	16.451338	16.451
16.695147	16.695147	16.695
16.846077	16.846077	16.846
16.915737	16.915737	16.916
17.159546	17.159546	17.160
17.391746	17.391746	17.392
17.623946	17.623946	17.624
17.728435	17.728435	17.728
17.786485	17.786485	17.786
17.856145	17.856145	17.856
18.030295	18.030295	18.030
18.123175	18.123175	18.123
18.320544	18.320544	18.321
18.610794	18.610794	18.611
18.784943	18.784943	18.785
19.040363	19.040363	19.040
19.260952	19.260952	19.261
19.504762	19.504762	19.505
19.736961	19.736961	19.737
19.969161	19.969161	19.969
20.201361	20.201361	20.201
20.445170	20.445170	20.445
20.665760	20.665760	20.666
20.747029	20.747029	20.747
20.909569	20.909569	20.910
21.130159	21.130159	21.130
21.234649	21.234649	21.235
21.373968	21.373968	21.374
21.559728	21.559728	21.560
21.826757	21.826757	21.827
21.977687	21.977687	21.978
22.128617	22.128617	22.129
22.267937	22.267937	22.268
22.453696	22.453696	22.454
22.546576	22.546576	22.547
22.674286	22.674286	22.674
22.906485	22.906485	22.906
23.010975	23.010975	23.011
23.138685	23.138685	23.139
23.208345	23.208345	23.208
23.324444	23.324444	23.324
23.486984	23.486984	23.487
23.545034	23.545034	23.545
23.579864	23.579864	23.580
23.649524	23.649524	23.650
23.788844	23.788844	23.789
23.939773	23.939773	23.940
24.032653	24.032653	24.033
24.079093	24.079093	24.079
24.171973	24.171973	24.172
24.427392	24.427392	24.427
24.740862	24.740862	24.741
24.891791	24.891791	24.892
24.938231	24.938231	24.938
25.112381	25.112381	25.112
25.356190	25.356190	25.356
25.472290	25.472290	25.472
25.565170	25.565170	25.565
25.820590	25.820590	25.821
25.936689	25.936689	25.937
26.064399	26.064399	26.064
26.308209	26.308209	26.308
26.401088	26.401088	26.401
26.772608	26.772608	26.773
26.807438	26.807438	26.807
26.888707	26.888707	26.889
26.993197	26.993197	26.993
27.086077	27.086077	27.086
27.237007	27.237007	27.237
27.329887	27.329887	27.330
27.445986	27.445986	27.446
27.747846	27.747846	27.748
27.910385	27.910385	27.910
27.968435	27.968435	27.968
28.049705	28.049705	28.050
28.177415	28.177415	28.177
28.386395	28.386395	28.386
28.641814	28.641814	28.642
28.723084	28.723084	28.723
28.850794	28.850794	28.851
29.106213	29.106213	29.106
29.210703	29.210703	29.211
29.326803	29.326803	29.327
29.570612	29.570612	29.571
29.686712	29.686712	29.687
29.802812	29.802812	29.803
30.046621	30.046621	30.047
30.278821	30.278821	30.279
30.394921	30.394921	30.395
30.522630	30.522630	30.523
30.627120	30.627120	30.627
30.754830	30.754830	30.755
30.987029	30.987029	30.987
31.219229	31.219229	31.219
31.346939	31.346939	31.347
31.451429	31.451429	31.451
31.509478	31.509478	31.509
31.730068	31.730068	31.730
31.799728	31.799728	31.800
31.927438	31.927438	31.927
32.159637	32.159637	32.160
32.287347	32.287347	32.287
32.380227	32.380227	32.380
32.438277	32.438277	32.438
32.496327	32.496327	32.496
32.624036	32.624036	32.624
32.856236	32.856236	32.856
33.088435	33.088435	33.088
33.332245	33.332245	33.332
33.564444	33.564444	33.564
33.680544	33.680544	33.681
33.796644	33.796644	33.797
33.843084	33.843084	33.843
34.075283	34.075283	34.075
34.272653	34.272653	34.273
34.504853	34.504853	34.505
34.748662	34.748662	34.749
34.980862	34.980862	34.981
35.015692	35.015692	35.016
35.085351	35.085351	35.085
35.201451	35.201451	35.201
35.317551	35.317551	35.318
35.433651	35.433651	35.434
35.480091	35.480091	35.480
35.712290	35.712290	35.712
35.874830	35.874830	35.875
36.118639	36.118639	36.119
36.188299	36.188299	36.188
36.408889	36.408889	36.409
36.536599	36.536599	36.537
36.617868	36.617868	36.618
36.780408	36.780408	36.780
36.896508	36.896508	36.897
37.024218	37.024218	37.024
37.070658	37.070658	37.071
37.209977	37.209977	37.210
37.535057	37.535057	37.535
37.790476	37.790476	37.790
38.011066	38.011066	38.011
38.254875	38.254875	38.255
38.347755	38.347755	38.348
38.487075	38.487075	38.487
38.707664	38.707664	38.708
38.835374	38.835374	38.835
38.951474	38.951474	38.951
39.183673	39.183673	39.184
39.415873	39.415873	39.416
39.555193	39.555193	39.555
39.648073	39.648073	39.648
39.891882	39.891882	39.892
40.112472	40.112472	40.112
40.356281	40.356281	40.356
40.588481	40.588481	40.588
40.704580	40.704580	40.705
40.820680	40.820680	40.821
41.052880	41.052880	41.053
41.285079	41.285079	41.285
41.540499	41.540499	41.540
41.598549	41.598549	41.599
41.761088	41.761088	41.761
42.016508	42.016508	42.017
42.097778	42.097778	42.098
42.237098	42.237098	42.237
42.469297	42.469297	42.469
42.701497	42.701497	42.701
42.956916	42.956916	42.957
43.165896	43.165896	43.166
43.270385	43.270385	43.270
43.409705	43.409705	43.410
43.630295	43.630295	43.630
43.862494	43.862494	43.862
43.966984	43.966984	43.967
44.106304	44.106304	44.106
44.245624	44.245624	44.246
44.466213	44.466213	44.466
44.570703	44.570703	44.571
44.675193	44.675193	44.675
44.814512	44.814512	44.815
45.046712	45.046712	45.047
45.127982	45.127982	45.128
45.290522	45.290522	45.291
45.336961	45.336961	45.337
45.511111	45.511111	45.511
45.638821	45.638821	45.639
45.766531	45.766531	45.767
45.859410	45.859410	45.859
45.987120	45.987120	45.987
46.230930	46.230930	46.231
46.451519	46.451519	46.452
46.683719	46.683719	46.684
46.915918	46.915918	46.916
47.043628	47.043628	47.044
47.148118	47.148118	47.148
47.391927	47.391927	47.392
47.624127	47.624127	47.624
47.856327	47.856327	47.856
48.088526	48.088526	48.089
48.239456	48.239456	48.239
48.320726	48.320726	48.321
48.564535	48.564535	48.565
48.692245	48.692245	48.692
48.785125	48.785125	48.785
48.866395	48.866395	48.866
48.912834	48.912834	48.913
49.063764	49.063764	49.064
49.121814	49.121814	49.122
49.272744	49.272744	49.273
49.516553	49.516553	49.517
49.725533	49.725533	49.726
49.957732	49.957732	49.958
50.120272	50.120272	50.120
50.201542	50.201542	50.202
50.422132	50.422132	50.422
50.665941	50.665941	50.666
51.141950	51.141950	51.142
51.223220	51.223220	51.223
51.374150	51.374150	51.374
51.490249	51.490249	51.490
51.606349	51.606349	51.606
51.710839	51.710839	51.711
51.954649	51.954649	51.955
52.233288	52.233288	52.233
52.314558	52.314558	52.315
52.546757	52.546757	52.547
52.929887	52.929887	52.930
53.011156	53.011156	53.011
53.266576	53.266576	53.267
53.487166	53.487166	53.487
53.707755	53.707755	53.708
53.858685	53.858685	53.859
53.951565	53.951565	53.952
54.044444	54.044444	54.044
54.183764	54.183764	54.184
54.415964	54.415964	54.416
54.799093	54.799093	54.799
54.891973	54.891973	54.892
55.147392	55.147392	55.147
55.356372	55.356372	55.356
55.600181	55.600181	55.600
55.751111	55.751111	55.751
55.832381	55.832381	55.832
56.052971	56.052971	56.053
56.296780	56.296780	56.297
56.540590	56.540590	56.541
56.679909	56.679909	56.680
56.761179	56.761179	56.761
57.016599	57.016599	57.017
57.237188	57.237188	57.237
57.388118	57.388118	57.388
57.469388	57.469388	57.469
57.701587	57.701587	57.702
57.933787	57.933787	57.934
58.165986	58.165986	58.166
58.421406	58.421406	58.421
58.491066	58.491066	58.491
58.641995	58.641995	58.642
58.746485	58.746485	58.746
58.885805	58.885805	58.886
59.001905	59.001905	59.002
59.106395	59.106395	59.106
59.210884	59.210884	59.211
59.443084	59.443084	59.443
59.570794	59.570794	59.571
59.756553	59.756553	59.757
60.035193	60.035193	60.035
60.279002	60.279002	60.279
60.395102	60.395102	60.395
60.511202	60.511202	60.511
60.743401	60.743401	60.743
60.987211	60.987211	60.987
61.219410	61.219410	61.219
61.323900	61.323900	61.324
61.451610	61.451610	61.452
61.672200	61.672200	61.672
61.916009	61.916009	61.916
62.159819	62.159819	62.160
62.264308	62.264308	62.264
62.392018	62.392018	62.392
62.624218	62.624218	62.624
62.856417	62.856417	62.856
62.995737	62.995737	62.996
63.100227	63.100227	63.100
63.216327	63.216327	63.216
63.320816	63.320816	63.321
63.564626	63.564626	63.565
63.785215	63.785215	63.785
63.912925	63.912925	63.913
64.017415	64.017415	64.017
64.249615	64.249615	64.250
64.470204	64.470204	64.470
64.725624	64.725624	64.726
64.864943	64.864943	64.865
64.969433	64.969433	64.969
65.085533	65.085533	65.086
65.201633	65.201633	65.202
65.422222	65.422222	65.422
65.666032	65.666032	65.666
65.909841	65.909841	65.910
66.130431	66.130431	66.130
66.258141	66.258141	66.258
66.409070	66.409070	66.409
66.490340	66.490340	66.490
66.606440	66.606440	66.606
66.710930	66.710930	66.711
66.768980	66.768980	66.769
66.827029	66.827029	66.827
66.954739	66.954739	66.955
67.001179	67.001179	67.001
67.337868	67.337868	67.338
67.535238	67.535238	67.535
67.790658	67.790658	67.791
68.011247	68.011247	68.011
68.255057	68.255057	68.255
68.475646	68.475646	68.476
68.719456	68.719456	68.719
68.951655	68.951655	68.952
69.195465	69.195465	69.195
69.427664	69.427664	69.428
69.555374	69.555374	69.555
69.648254	69.648254	69.648
69.787574	69.787574	69.788
69.880454	69.880454	69.880
70.124263	70.124263	70.124
70.356463	70.356463	70.356
70.623492	70.623492	70.623
70.820862	70.820862	70.821
71.076281	71.076281	71.076
71.285261	71.285261	71.285
71.540680	71.540680	71.541
71.761270	71.761270	71.761
72.005079	72.005079	72.005
72.214059	72.214059	72.214
72.364989	72.364989	72.365
72.457868	72.457868	72.458
72.585578	72.585578	72.586
72.701678	72.701678	72.702
72.933878	72.933878	72.934
73.177687	73.177687	73.178
73.409887	73.409887	73.410
73.502766	73.502766	73.503
73.642086	73.642086	73.642
73.874286	73.874286	73.874
74.106485	74.106485	74.106
74.257415	74.257415	74.257
74.582494	74.582494	74.582
74.803084	74.803084	74.803
75.046893	75.046893	75.047
75.128163	75.128163	75.128
75.209433	75.209433	75.209
75.290703	75.290703	75.291
75.511293	75.511293	75.511
75.755102	75.755102	75.755
75.975692	75.975692	75.976
76.033741	76.033741	76.034
76.231111	76.231111	76.231
76.451701	76.451701	76.452
76.637460	76.637460	76.637
76.916100	76.916100	76.916
76.974150	76.974150	76.974
77.159909	77.159909	77.160
77.252789	77.252789	77.253
77.392109	77.392109	77.392
77.473379	77.473379	77.473
77.624308	77.624308	77.624
77.856508	77.856508	77.857
77.984218	77.984218	77.984
78.088707	78.088707	78.089
78.332517	78.332517	78.333
78.413787	78.413787	78.414
78.483447	78.483447	78.483
78.587937	78.587937	78.588
78.785306	78.785306	78.785
79.029116	79.029116	79.029
79.261315	79.261315	79.261
79.493515	79.493515	79.494
79.725714	79.725714	79.726
79.992744	79.992744	79.993
80.120454	80.120454	80.120
80.201723	80.201723	80.202
80.445533	80.445533	80.446
80.561633	80.561633	80.562
80.654512	80.654512	80.655
80.886712	80.886712	80.887
81.142132	81.142132	81.142
81.223401	81.223401	81.223
81.374331	81.374331	81.374
81.560091	81.560091	81.560
81.850340	81.850340	81.850
82.001270	82.001270	82.001
82.175420	82.175420	82.175
82.291519	82.291519	82.292
82.419229	82.419229	82.419
82.512109	82.512109	82.512
82.593379	82.593379	82.593
82.674649	82.674649	82.675
82.813968	82.813968	82.814
82.999728	82.999728	83.000
83.266757	83.266757	83.267
83.406077	83.406077	83.406
83.498957	83.498957	83.499
83.789206	83.789206	83.789
83.951746	83.951746	83.952
84.207166	84.207166	84.207
84.416145	84.416145	84.416
84.567075	84.567075	84.567
84.706395	84.706395	84.706
84.810884	84.810884	84.811
85.031474	85.031474	85.031
85.147574	85.147574	85.148
85.344943	85.344943	85.345
85.495873	85.495873	85.496
85.658413	85.658413	85.658
85.809342	85.809342	85.809
85.925442	85.925442	85.925
86.064762	86.064762	86.065
86.296961	86.296961	86.297
86.610431	86.610431	86.610
86.680091	86.680091	86.680
87.248980	87.248980	87.249
87.481179	87.481179	87.481
87.597279	87.597279	87.597
87.736599	87.736599	87.737
87.968798	87.968798	87.969
88.433197	88.433197	88.433
88.502857	88.502857	88.503
88.526077	88.526077	88.526
88.677007	88.677007	88.677
88.862766	88.862766	88.863
89.025306	89.025306	89.025
89.176236	89.176236	89.176
89.303946	89.303946	89.304
89.536145	89.536145	89.536
89.675465	89.675465	89.675
89.768345	89.768345	89.768
90.046984	90.046984	90.047
90.139864	90.139864	90.140
90.209524	90.209524	90.210
90.360454	90.360454	90.360
90.522993	90.522993	90.523
90.627483	90.627483	90.627
90.731973	90.731973	90.732
90.859683	90.859683	90.860
90.987392	90.987392	90.987
91.091882	91.091882	91.092
91.219592	91.219592	91.220
91.451791	91.451791	91.452
91.567891	91.567891	91.568
91.707211	91.707211	91.707
91.834921	91.834921	91.835
91.927800	91.927800	91.928
92.020680	92.020680	92.021
92.171610	92.171610	92.172
92.264490	92.264490	92.264
92.392200	92.392200	92.392
92.438639	92.438639	92.439
92.601179	92.601179	92.601
92.856599	92.856599	92.857
93.077188	93.077188	93.077
93.320998	93.320998	93.321
93.437098	93.437098	93.437
93.576417	93.576417	93.576
93.797007	93.797007	93.797
93.913107	93.913107	93.913
94.040816	94.040816	94.041
94.273016	94.273016	94.273
94.377506	94.377506	94.378
94.586485	94.586485	94.586
94.737415	94.737415	94.737
94.853515	94.853515	94.854
94.992834	94.992834	94.993
95.201814	95.201814	95.202
95.317914	95.317914	95.318
95.422404	95.422404	95.422
95.666213	95.666213	95.666
95.793923	95.793923	95.794
96.142222	96.142222	96.142
96.246712	96.246712	96.247
96.351202	96.351202	96.351
96.606621	96.606621	96.607
96.734331	96.734331	96.734
96.862041	96.862041	96.862
97.082630	97.082630	97.083
97.187120	97.187120	97.187
97.372880	97.372880	97.373
97.547029	97.547029	97.547
97.593469	97.593469	97.593
97.674739	97.674739	97.675
97.756009	97.756009	97.756
97.930159	97.930159	97.930
98.069478	98.069478	98.069
98.266848	98.266848	98.267
98.417778	98.417778	98.418
98.487438	98.487438	98.487
98.626757	98.626757	98.627
98.766077	98.766077	98.766
98.963447	98.963447	98.963
99.079546	99.079546	99.080
99.276916	99.276916	99.277
99.427846	99.427846	99.428
99.543946	99.543946	99.544
99.601995	99.601995	99.602
99.799365	99.799365	99.799
99.892245	99.892245	99.892
99.950295	99.950295	99.950
100.147664	100.147664	100.148
100.368254	100.368254	100.368
100.403084	100.403084	100.403
100.507574	100.507574	100.508
100.646893	100.646893	100.647
100.832653	100.832653	100.833
100.948753	100.948753	100.949
101.146122	101.146122	101.146
101.343492	101.343492	101.343
101.413152	101.413152	101.413
101.471202	101.471202	101.471
101.668571	101.668571	101.669
101.819501	101.819501	101.820
102.016871	102.016871	102.017
102.167800	102.167800	102.168
102.237460	102.237460	102.237
102.516100	102.516100	102.516
102.701859	102.701859	102.702
102.794739	102.794739	102.795
102.899229	102.899229	102.899
103.189478	103.189478	103.189
103.247528	103.247528	103.248
103.328798	103.328798	103.329
103.433288	103.433288	103.433
103.688707	103.688707	103.689
103.816417	103.816417	103.816
104.118277	104.118277	104.118
104.222766	104.222766	104.223
104.350476	104.350476	104.350
104.582676	104.582676	104.583
104.687166	104.687166	104.687
104.780045	104.780045	104.780
105.058685	105.058685	105.059
105.279274	105.279274	105.279
105.418594	105.418594	105.419
105.569524	105.569524	105.570
105.755283	105.755283	105.755
105.987483	105.987483	105.987
106.115193	106.115193	106.115
106.219683	106.219683	106.220
106.277732	106.277732	106.278
106.451882	106.451882	106.452
106.927891	106.927891	106.928
107.020771	107.020771	107.021
107.160091	107.160091	107.160
107.299410	107.299410	107.299
107.450340	107.450340	107.450
107.636100	107.636100	107.636
107.868299	107.868299	107.868
107.996009	107.996009	107.996
108.146939	108.146939	108.147
108.332698	108.332698	108.333
108.797098	108.797098	108.797
109.040907	109.040907	109.041
109.168617	109.168617	109.169
109.319546	109.319546	109.320
109.505306	109.505306	109.505
109.737506	109.737506	109.738
109.865215	109.865215	109.865
110.016145	110.016145	110.016
110.201905	110.201905	110.202
110.259955	110.259955	110.260
110.457324	110.457324	110.457
110.666304	110.666304	110.666
110.968163	110.968163	110.968
111.142313	111.142313	111.142
111.374512	111.374512	111.375
111.420952	111.420952	111.421
111.537052	111.537052	111.537
111.618322	111.618322	111.618
111.792472	111.792472	111.792
111.920181	111.920181	111.920
112.047891	112.047891	112.048
112.268481	112.268481	112.268
112.361361	112.361361	112.361
112.535510	112.535510	112.536
112.651610	112.651610	112.652
112.790930	112.790930	112.791
112.883810	112.883810	112.884
113.023129	113.023129	113.023
113.127619	113.127619	113.128
113.255329	113.255329	113.255
113.348209	113.348209	113.348
113.487528	113.487528	113.488
113.545578	113.545578	113.546
113.580408	113.580408	113.580
113.708118	113.708118	113.708
113.824218	113.824218	113.824
113.951927	113.951927	113.952
114.416327	114.416327	114.416
114.578866	114.578866	114.579
114.648526	114.648526	114.649
114.741406	114.741406	114.741
114.892336	114.892336	114.892
115.124535	115.124535	115.125
115.356735	115.356735	115.357
115.577324	115.577324	115.577
115.716644	115.716644	115.717
115.832744	115.832744	115.833
115.937234	115.937234	115.937
116.053333	116.053333	116.053
116.204263	116.204263	116.204
116.285533	116.285533	116.286
116.378413	116.378413	116.378
116.587392	116.587392	116.587
116.761542	116.761542	116.762
116.877642	116.877642	116.878
117.016961	117.016961	117.017
117.109841	117.109841	117.110
117.237551	117.237551	117.238
117.353651	117.353651	117.354
117.458141	117.458141	117.458
117.609070	117.609070	117.609
117.701950	117.701950	117.702
118.166349	118.166349	118.166
118.410159	118.410159	118.410
118.642358	118.642358	118.642
118.862948	118.862948	118.863
119.106757	119.106757	119.107
119.222857	119.222857	119.223
119.292517	119.292517	119.293
119.466667	119.466667	119.467
119.559546	119.559546	119.560
119.640816	119.640816	119.641
119.873016	119.873016	119.873
120.023946	120.023946	120.024
120.151655	120.151655	120.152
120.279365	120.279365	120.279
120.372245	120.372245	120.372
120.499955	120.499955	120.500
120.708934	120.708934	120.709
120.848254	120.848254	120.848
120.987574	120.987574	120.988
121.080454	121.080454	121.080
121.208163	121.208163	121.208
121.335873	121.335873	121.336
121.451973	121.451973	121.452
121.660952	121.660952	121.661
121.916372	121.916372	121.916
122.078912	122.078912	122.079
122.148571	122.148571	122.149
122.264671	122.264671	122.265
122.392381	122.392381	122.392
122.566531	122.566531	122.567
122.624580	122.624580	122.625
122.763900	122.763900	122.764
122.856780	122.856780	122.857
122.984490	122.984490	122.984
123.100590	123.100590	123.101
123.216689	123.216689	123.217
123.332789	123.332789	123.333
123.553379	123.553379	123.553
123.797188	123.797188	123.797
123.948118	123.948118	123.948
124.029388	124.029388	124.029
124.145488	124.145488	124.145
124.261587	124.261587	124.262
124.505397	124.505397	124.505
124.621497	124.621497	124.621
124.737596	124.737596	124.738
124.842086	124.842086	124.842
124.969796	124.969796	124.970
125.085896	125.085896	125.086
125.201995	125.201995	125.202
125.550295	125.550295	125.550
125.666395	125.666395	125.666
126.130794	126.130794	126.131
126.386213	126.386213	126.386
126.490703	126.490703	126.491
126.606803	126.606803	126.607
126.722902	126.722902	126.723
126.804172	126.804172	126.804
126.931882	126.931882	126.932
127.047982	127.047982	127.048
127.315011	127.315011	127.315
127.454331	127.454331	127.454
127.547211	127.547211	127.547
127.616871	127.616871	127.617
127.791020	127.791020	127.791
127.930340	127.930340	127.930
128.011610	128.011610	128.012
128.116100	128.116100	128.116
128.255419	128.255419	128.255
128.487619	128.487619	128.488
128.603719	128.603719	128.604
128.719819	128.719819	128.720
128.952018	128.952018	128.952
129.172608	129.172608	129.173
129.277098	129.277098	129.277
129.416417	129.416417	129.416
129.637007	129.637007	129.637
129.776327	129.776327	129.776
129.880816	129.880816	129.881
130.031746	130.031746	130.032
130.124626	130.124626	130.125
130.345215	130.345215	130.345
130.496145	130.496145	130.496
130.589025	130.589025	130.589
130.832834	130.832834	130.833
131.053424	131.053424	131.053
131.297234	131.297234	131.297
131.424943	131.424943	131.425
131.529433	131.529433	131.529
131.668753	131.668753	131.669
131.761633	131.761633	131.762
131.889342	131.889342	131.889
131.982222	131.982222	131.982
132.156372	132.156372	132.156
132.226032	132.226032	132.226
132.388571	132.388571	132.389
132.469841	132.469841	132.470
132.702041	132.702041	132.702
132.794921	132.794921	132.795
132.934240	132.934240	132.934
133.166440	133.166440	133.166
133.491519	133.491519	133.492
133.642449	133.642449	133.642
133.770159	133.770159	133.770
133.886259	133.886259	133.886
133.990748	133.990748	133.991
134.106848	134.106848	134.107
134.211338	134.211338	134.211
134.292608	134.292608	134.293
134.443537	134.443537	134.444
134.571247	134.571247	134.571
134.745397	134.745397	134.745
134.838277	134.838277	134.838
135.035646	135.035646	135.036
135.163356	135.163356	135.163
135.279456	135.279456	135.279
135.395556	135.395556	135.396
135.511655	135.511655	135.512
135.743855	135.743855	135.744
135.976054	135.976054	135.976
136.115374	136.115374	136.115
136.243084	136.243084	136.243
136.452063	136.452063	136.452
136.544943	136.544943	136.545
136.684263	136.684263	136.684
136.916463	136.916463	136.916
137.148662	137.148662	137.149
137.276372	137.276372	137.276
137.392472	137.392472	137.392
137.624671	137.624671	137.625
137.729161	137.729161	137.729
137.856871	137.856871	137.857
137.984580	137.984580	137.985
138.089070	138.089070	138.089
138.332880	138.332880	138.333
138.553469	138.553469	138.553
138.785669	138.785669	138.786
138.913379	138.913379	138.913
139.029478	139.029478	139.029
139.133968	139.133968	139.134
139.261678	139.261678	139.262
139.505488	139.505488	139.505
139.726077	139.726077	139.726
139.865397	139.865397	139.865
139.969887	139.969887	139.970
140.202086	140.202086	140.202
140.434286	140.434286	140.434
140.666485	140.666485	140.666
140.759365	140.759365	140.759
140.910295	140.910295	140.910
140.991565	140.991565	140.992
141.142494	141.142494	141.142
141.374694	141.374694	141.375
141.606893	141.606893	141.607
141.792653	141.792653	141.793
141.920363	141.920363	141.920
142.024853	142.024853	142.025
142.291882	142.291882	142.292
142.361542	142.361542	142.362
142.500862	142.500862	142.501
142.733061	142.733061	142.733
142.837551	142.837551	142.838
142.976871	142.976871	142.977
143.023311	143.023311	143.023
143.104580	143.104580	143.105
143.209070	143.209070	143.209
143.313560	143.313560	143.314
143.441270	143.441270	143.441
143.499320	143.499320	143.499
143.568980	143.568980	143.569
143.777959	143.777959	143.778
143.905669	143.905669	143.906
143.975329	143.975329	143.975
144.253968	144.253968	144.254
144.370068	144.370068	144.370
144.439728	144.439728	144.440
144.509388	144.509388	144.509
144.613878	144.613878	144.614
144.846077	144.846077	144.846
144.904127	144.904127	144.904
145.113107	145.113107	145.113
145.322086	145.322086	145.322
145.380136	145.380136	145.380
145.449796	145.449796	145.450
145.589116	145.589116	145.589
145.844535	145.844535	145.845
146.065125	146.065125	146.065
146.355374	146.355374	146.355
146.587574	146.587574	146.588
146.784943	146.784943	146.785
146.854603	146.854603	146.855
146.947483	146.947483	146.947
147.063583	147.063583	147.064
147.249342	147.249342	147.249
147.307392	147.307392	147.307
147.435102	147.435102	147.435
147.655692	147.655692	147.656
147.783401	147.783401	147.783
147.992381	147.992381	147.992
148.131701	148.131701	148.132
148.201361	148.201361	148.201
148.259410	148.259410	148.259
148.584490	148.584490	148.584
148.665760	148.665760	148.666
148.723810	148.723810	148.724
148.863129	148.863129	148.863
148.932789	148.932789	148.933
149.106939	149.106939	149.107
149.211429	149.211429	149.211
149.292698	149.292698	149.293
149.408798	149.408798	149.409
149.594558	149.594558	149.595
149.664218	149.664218	149.664
149.768707	149.768707	149.769
149.884807	149.884807	149.885
150.012517	150.012517	150.013
150.058957	150.058957	150.059
150.140227	150.140227	150.140
150.233107	150.233107	150.233
150.360816	150.360816	150.361
150.534966	150.534966	150.535
150.604626	150.604626	150.605
150.941315	150.941315	150.941
150.999365	150.999365	150.999
151.069025	151.069025	151.069
151.278005	151.278005	151.278
151.405714	151.405714	151.406
151.463764	151.463764	151.464
151.533424	151.533424	151.533
151.754014	151.754014	151.754
151.881723	151.881723	151.882
151.939773	151.939773	151.940
152.218413	152.218413	152.218
152.357732	152.357732	152.358
152.415782	152.415782	152.416
152.589932	152.589932	152.590
152.810522	152.810522	152.811
152.880181	152.880181	152.880
153.042721	153.042721	153.043
153.298141	153.298141	153.298
153.344580	153.344580	153.345
153.402630	153.402630	153.403
153.518730	153.518730	153.519
153.750930	153.750930	153.751
153.808980	153.808980	153.809
153.983129	153.983129	153.983
154.284989	154.284989	154.285
154.354649	154.354649	154.355
154.459138	154.459138	154.459
154.691338	154.691338	154.691
154.749388	154.749388	154.749
154.819048	154.819048	154.819
155.028027	155.028027	155.028
155.155737	155.155737	155.156
155.213787	155.213787	155.214
155.283447	155.283447	155.283
155.399546	155.399546	155.400
155.504036	155.504036	155.504
155.689796	155.689796	155.690
155.771066	155.771066	155.771
155.968435	155.968435	155.968
156.165805	156.165805	156.166
156.339955	156.339955	156.340
156.618594	156.618594	156.619
156.862404	156.862404	156.862
156.920454	156.920454	156.920
157.082993	157.082993	157.083
157.164263	157.164263	157.164
157.245533	157.245533	157.246
157.384853	157.384853	157.385
157.500952	157.500952	157.501
157.570612	157.570612	157.571
157.721542	157.721542	157.722
157.802812	157.802812	157.803
158.023401	158.023401	158.023
158.185941	158.185941	158.186
158.267211	158.267211	158.267
158.418141	158.418141	158.418
158.499410	158.499410	158.499
158.673560	158.673560	158.674
158.743220	158.743220	158.743
158.894150	158.894150	158.894
158.975419	158.975419	158.975
159.126349	159.126349	159.126
159.207619	159.207619	159.208
159.358549	159.358549	159.359
159.486259	159.486259	159.486
159.602358	159.602358	159.602
159.672018	159.672018	159.672
159.834558	159.834558	159.835
159.904218	159.904218	159.904
160.089977	160.089977	160.090
160.148027	160.148027	160.148
160.182857	160.182857	160.183
160.368617	160.368617	160.369
160.531156	160.531156	160.531
160.612426	160.612426	160.612
160.763356	160.763356	160.763
160.844626	160.844626	160.845
161.018776	161.018776	161.019
161.146485	161.146485	161.146
161.239365	161.239365	161.239
161.309025	161.309025	161.309
161.471565	161.471565	161.472
161.541224	161.541224	161.541
161.785034	161.785034	161.785
161.935964	161.935964	161.936
162.017234	162.017234	162.017
162.179773	162.179773	162.180
162.261043	162.261043	162.261
162.411973	162.411973	162.412
162.481633	162.481633	162.482
162.551293	162.551293	162.551
162.644172	162.644172	162.644
162.725442	162.725442	162.725
162.876372	162.876372	162.876
162.957642	162.957642	162.958
163.120181	163.120181	163.120
163.189841	163.189841	163.190
163.352381	163.352381	163.352
163.422041	163.422041	163.422
163.480091	163.480091	163.480
163.584580	163.584580	163.585
163.654240	163.654240	163.654
163.816780	163.816780	163.817
163.898050	163.898050	163.898
164.048980	164.048980	164.049
164.118639	164.118639	164.119
164.304399	164.304399	164.304
164.362449	164.362449	164.362
164.420499	164.420499	164.420
164.594649	164.594649	164.595
164.652698	164.652698	164.653
164.780408	164.780408	164.780
164.838458	164.838458	164.838
165.012608	165.012608	165.013
165.059048	165.059048	165.059
165.221587	165.221587	165.222
165.291247	165.291247	165.291
165.523447	165.523447	165.523
165.755646	165.755646	165.756
165.999456	165.999456	165.999
166.161995	166.161995	166.162
166.231655	166.231655	166.232
166.394195	166.394195	166.394
166.463855	166.463855	166.464
166.614785	166.614785	166.615
166.696054	166.696054	166.696
166.881814	166.881814	166.882
167.102404	167.102404	167.102
167.218503	167.218503	167.219
167.346213	167.346213	167.346
167.566803	167.566803	167.567
167.636463	167.636463	167.636
167.694512	167.694512	167.695
167.938322	167.938322	167.938
168.054422	168.054422	168.054
168.298231	168.298231	168.298
168.576871	168.576871	168.577
168.809070	168.809070	168.809
168.971610	168.971610	168.972
169.041270	169.041270	169.041
169.285079	169.285079	169.285
169.447619	169.447619	169.448
169.517279	169.517279	169.517
169.679819	169.679819	169.680
169.749478	169.749478	169.749
169.912018	169.912018	169.912
170.039728	170.039728	170.040
170.144218	170.144218	170.144
170.213878	170.213878	170.214
170.376417	170.376417	170.376
170.446077	170.446077	170.446
170.620227	170.620227	170.620
170.689887	170.689887	170.690
170.910476	170.910476	170.910
170.980136	170.980136	170.980
171.084626	171.084626	171.085
171.154286	171.154286	171.154
171.212336	171.212336	171.212
171.328435	171.328435	171.328
171.444535	171.444535	171.445
171.560635	171.560635	171.561
171.618685	171.618685	171.619
171.688345	171.688345	171.688
171.792834	171.792834	171.793
172.117914	172.117914	172.118
172.501043	172.501043	172.501
172.860952	172.860952	172.861
172.953832	172.953832	172.954
173.209252	173.209252	173.209
173.313741	173.313741	173.314
173.429841	173.429841	173.430
173.662041	173.662041	173.662
173.894240	173.894240	173.894
174.149660	174.149660	174.150
174.254150	174.254150	174.254
174.370249	174.370249	174.370
174.614059	174.614059	174.614
174.718549	174.718549	174.719
174.834649	174.834649	174.835
174.985578	174.985578	174.986
175.078458	175.078458	175.078
175.310658	175.310658	175.311
175.542857	175.542857	175.543
175.775057	175.775057	175.775
176.018866	176.018866	176.019
176.134966	176.134966	176.135
176.239456	176.239456	176.239
176.483265	176.483265	176.483
176.576145	176.576145	176.576
176.715465	176.715465	176.715
176.959274	176.959274	176.959
177.052154	177.052154	177.052
177.179864	177.179864	177.180
177.423673	177.423673	177.424
177.644263	177.644263	177.644
177.888073	177.888073	177.888
177.992562	177.992562	177.993
178.120272	178.120272	178.120
178.271202	178.271202	178.271
178.352472	178.352472	178.352
178.480181	178.480181	178.480
178.584671	178.584671	178.585
178.816871	178.816871	178.817
179.060680	179.060680	179.061
179.292880	179.292880	179.293
179.408980	179.408980	179.409
179.513469	179.513469	179.513
179.768889	179.768889	179.769
180.001088	180.001088	180.001
180.221678	180.221678	180.222
180.349388	180.349388	180.349
180.465488	180.465488	180.465
180.709297	180.709297	180.709
180.941497	180.941497	180.941
181.173696	181.173696	181.174
181.394286	181.394286	181.394
181.638095	181.638095	181.638
181.823855	181.823855	181.824
181.928345	181.928345	181.928
182.079274	182.079274	182.079
182.230204	182.230204	182.230
182.334694	182.334694	182.335
182.578503	182.578503	182.579
182.810703	182.810703	182.811
183.042902	183.042902	183.043
183.275102	183.275102	183.275
183.518912	183.518912	183.519
183.739501	183.739501	183.740
183.983311	183.983311	183.983
184.099410	184.099410	184.099
184.215510	184.215510	184.216
184.459320	184.459320	184.459
184.691519	184.691519	184.692
184.912109	184.912109	184.912
185.144308	185.144308	185.144
185.388118	185.388118	185.388
185.620317	185.620317	185.620
185.864127	185.864127	185.864
185.968617	185.968617	185.969
186.084717	186.084717	186.085
186.142766	186.142766	186.143
186.340136	186.340136	186.340
186.444626	186.444626	186.445
186.560726	186.560726	186.561
186.804535	186.804535	186.805
187.025125	187.025125	187.025
187.268934	187.268934	187.269
187.419864	187.419864	187.420
187.501134	187.501134	187.501
187.640454	187.640454	187.640
187.733333	187.733333	187.733
187.861043	187.861043	187.861
187.965533	187.965533	187.966
188.081633	188.081633	188.082
188.197732	188.197732	188.198
188.325442	188.325442	188.325
188.429932	188.429932	188.430
188.662132	188.662132	188.662
188.894331	188.894331	188.894
189.138141	189.138141	189.138
189.242630	189.242630	189.243
189.370340	189.370340	189.370
189.614150	189.614150	189.614
189.730249	189.730249	189.730
189.846349	189.846349	189.846
189.997279	189.997279	189.997
190.090159	190.090159	190.090
190.310748	190.310748	190.311
190.554558	190.554558	190.555
190.775147	190.775147	190.775
191.018957	191.018957	191.019
191.169887	191.169887	191.170
191.251156	191.251156	191.251
191.483356	191.483356	191.483
191.599456	191.599456	191.599
191.715556	191.715556	191.716
191.831655	191.831655	191.832
191.924535	191.924535	191.925
192.179955	192.179955	192.180
192.412154	192.412154	192.412
192.644354	192.644354	192.644
192.876553	192.876553	192.877
193.120363	193.120363	193.120
193.352562	193.352562	193.353
193.480272	193.480272	193.480
193.584762	193.584762	193.585
193.828571	193.828571	193.829
194.060771	194.060771	194.061
194.304580	194.304580	194.305
194.420680	194.420680	194.421
194.525170	194.525170	194.525
194.768980	194.768980	194.769
195.001179	195.001179	195.001
195.233379	195.233379	195.233
195.361088	195.361088	195.361
195.465578	195.465578	195.466
195.709388	195.709388	195.709
195.929977	195.929977	195.930
196.115737	196.115737	196.116
196.173787	196.173787	196.174
196.347937	196.347937	196.348
196.405986	196.405986	196.406
196.626576	196.626576	196.627
196.858776	196.858776	196.859
197.114195	197.114195	197.114
197.230295	197.230295	197.230
197.334785	197.334785	197.335
197.578594	197.578594	197.579
197.810794	197.810794	197.811
198.042993	198.042993	198.043
198.124263	198.124263	198.124
198.286803	198.286803	198.287
198.368073	198.368073	198.368
198.519002	198.519002	198.519
198.658322	198.658322	198.658
198.751202	198.751202	198.751
198.983401	198.983401	198.983
199.111111	199.111111	199.111
199.215601	199.215601	199.216
199.447800	199.447800	199.448
199.691610	199.691610	199.692
199.912200	199.912200	199.912
200.156009	200.156009	200.156
200.388209	200.388209	200.388
200.620408	200.620408	200.620
200.724898	200.724898	200.725
200.852608	200.852608	200.853
200.968707	200.968707	200.969
201.084807	201.084807	201.085
201.328617	201.328617	201.329
201.560816	201.560816	201.561
201.793016	201.793016	201.793
202.025215	202.025215	202.025
202.269025	202.269025	202.269
202.396735	202.396735	202.397
202.501224	202.501224	202.501
202.895964	202.895964	202.896
202.977234	202.977234	202.977
203.139773	203.139773	203.140
203.221043	203.221043	203.221
203.360363	203.360363	203.360
203.592562	203.592562	203.593
203.906032	203.906032	203.906
204.068571	204.068571	204.069
204.265941	204.265941	204.266
