0.060000	1.200000	63.000
0.060000	0.950000	67.000
0.060000	0.250000	90.000
0.060000	0.250000	48.000
0.300000	1.890000	48.000
0.300000	1.410000	72.000
0.300000	0.950000	79.000
1.000000	1.410000	84.000
1.000000	1.200000	77.000
1.460000	1.650000	82.000
1.700000	1.890000	91.000
1.700000	1.890000	79.000
1.940000	3.760000	46.000
1.940000	3.290000	77.000
1.940000	3.290000	75.000
1.940000	3.290000	72.000
1.940000	3.290000	62.000
3.340000	3.760000	79.000
3.810000	5.870000	41.000
3.810000	5.160000	57.000
4.050000	5.160000	72.000
4.050000	4.700000	87.000
4.050000	4.700000	79.000
4.750000	5.160000	77.000
5.210000	6.340000	91.000
5.210000	5.870000	82.000
5.210000	5.870000	79.000
5.920000	7.040000	60.000
5.920000	6.340000	72.000
5.920000	6.340000	53.000
6.390000	7.040000	75.000
6.390000	7.040000	74.000
6.390000	7.040000	72.000
7.090000	7.280000	70.000
7.330000	7.390000	30.000
7.440000	7.510000	72.000
7.560000	7.760000	48.000
7.810000	7.970000	48.000
8.270000	8.910000	48.000
8.270000	8.440000	55.000
8.490000	8.660000	53.000
8.710000	8.910000	55.000
8.960000	9.380000	55.000
9.220000	9.380000	65.000
9.220000	9.380000	53.000
9.220000	9.380000	48.000
9.430000	9.900000	46.000
9.430000	9.850000	53.000
10.160000	10.320000	53.000
10.160000	10.320000	46.000
10.430000	10.780000	50.000
10.430000	10.780000	46.000
10.430000	10.780000	41.000
10.430000	10.780000	34.000
10.830000	11.200000	53.000
10.830000	11.200000	50.000
11.380000	11.780000	41.000
11.380000	11.720000	81.000
11.380000	11.720000	77.000
11.380000	11.720000	48.000
12.020000	13.140000	41.000
12.240000	12.660000	38.000
12.710000	12.950000	50.000
13.190000	14.070000	41.000
13.190000	13.600000	57.000
13.190000	13.600000	54.000
13.650000	14.070000	48.000
13.910000	14.170000	29.000
13.910000	14.070000	60.000
14.120000	14.380000	41.000
14.120000	14.170000	49.000
14.220000	14.310000	50.000
14.510000	14.950000	41.000
14.590000	14.950000	38.000
15.120000	15.470000	49.000
15.120000	15.470000	48.000
15.120000	15.470000	36.000
15.770000	16.000000	48.000
16.050000	16.270000	48.000
16.320000	16.680000	48.000
16.460000	16.880000	55.000
16.730000	17.350000	65.000
16.730000	16.880000	53.000
16.730000	16.880000	48.000
16.930000	17.410000	46.000
16.930000	17.350000	34.000
17.640000	18.280000	46.000
17.640000	17.820000	53.000
17.870000	18.280000	34.000
18.330000	18.390000	50.000
18.440000	18.630000	53.000
18.440000	18.630000	46.000
18.850000	19.220000	41.000
18.850000	19.000000	48.000
19.050000	19.220000	72.000
19.270000	20.160000	53.000
19.520000	20.160000	41.000
19.980000	20.160000	62.000
20.210000	20.400000	53.000
20.450000	20.690000	58.000
20.450000	20.640000	53.000
20.740000	21.100000	41.000
20.740000	20.870000	58.000
20.920000	21.100000	57.000
21.390000	21.800000	56.000
21.390000	21.800000	55.000
21.390000	21.800000	29.000
21.850000	22.500000	41.000
21.850000	22.220000	67.000
21.850000	22.220000	29.000
22.350000	22.500000	43.000
22.550000	23.280000	60.000
22.550000	22.870000	56.000
22.550000	22.870000	55.000
22.920000	22.970000	48.000
23.020000	23.280000	48.000
23.250000	23.440000	75.000
23.330000	23.440000	63.000
23.490000	23.700000	68.000
23.490000	23.700000	65.000
23.750000	23.910000	48.000
23.960000	25.540000	58.000
23.960000	25.080000	77.000
24.430000	25.770000	46.000
24.430000	25.080000	70.000
24.710000	24.850000	72.000
24.710000	24.850000	62.000
24.900000	25.080000	53.000
25.360000	26.260000	77.000
25.360000	25.540000	44.000
25.590000	26.260000	58.000
25.590000	25.770000	70.000
25.820000	27.190000	69.000
25.820000	27.190000	57.000
25.820000	26.260000	86.000
25.820000	26.260000	79.000
25.820000	26.260000	70.000
26.310000	26.720000	41.000
26.770000	27.190000	75.000
27.240000	27.630000	41.000
27.240000	27.410000	77.000
27.240000	27.410000	57.000
27.460000	27.630000	53.000
27.680000	27.890000	82.000
27.680000	27.890000	65.000
27.940000	28.360000	58.000
27.940000	28.130000	79.000
27.940000	28.130000	57.000
28.180000	28.360000	53.000
28.180000	28.360000	51.000
28.410000	28.600000	84.000
28.410000	28.600000	69.000
28.410000	28.600000	57.000
28.870000	29.070000	89.000
28.870000	29.070000	79.000
28.870000	29.070000	55.000
29.120000	29.290000	75.000
29.340000	29.540000	89.000
29.340000	29.540000	83.000
29.340000	29.540000	74.000
29.590000	29.760000	65.000
29.590000	29.760000	58.000
29.810000	30.710000	67.000
29.810000	30.010000	79.000
29.810000	30.010000	74.000
30.060000	30.470000	48.000
30.060000	30.240000	74.000
30.060000	30.240000	51.000
30.290000	30.710000	60.000
30.290000	30.470000	55.000
30.520000	30.930000	63.000
30.520000	30.710000	48.000
30.760000	30.930000	51.000
30.980000	31.180000	77.000
31.230000	31.420000	58.000
31.230000	31.420000	51.000
31.470000	32.560000	77.000
31.470000	32.560000	58.000
31.700000	31.880000	79.000
31.930000	32.350000	46.000
32.160000	32.350000	72.000
32.400000	32.560000	53.000
32.400000	32.560000	46.000
32.610000	33.050000	55.000
32.610000	32.810000	75.000
32.860000	33.530000	77.000
32.860000	33.050000	67.000
33.100000	33.530000	58.000
33.330000	33.530000	79.000
33.330000	33.530000	70.000
33.580000	34.930000	69.000
33.580000	33.760000	76.000
33.580000	33.760000	72.000
33.810000	34.460000	41.000
34.040000	34.230000	72.000
34.280000	34.460000	53.000
34.510000	35.160000	57.000
34.980000	35.160000	69.000
34.980000	35.160000	58.000
35.210000	35.400000	82.000
35.210000	35.400000	57.000
35.450000	35.630000	51.000
36.270000	36.340000	53.000
36.600000	36.750000	84.000
36.600000	36.750000	77.000
36.910000	37.030000	77.000
37.220000	37.270000	72.000
37.220000	37.270000	60.000
37.320000	37.480000	60.000
37.530000	37.750000	68.000
37.800000	38.210000	71.000
37.800000	37.980000	36.000
38.140000	38.210000	48.000
38.260000	38.540000	71.000
38.590000	38.680000	43.000
38.730000	38.910000	48.000
38.860000	39.140000	70.000
39.190000	39.380000	36.000
39.660000	39.850000	43.000
39.660000	39.850000	36.000
40.110000	40.310000	71.000
40.110000	40.310000	55.000
40.110000	40.310000	28.000
40.600000	40.700000	55.000
40.600000	40.700000	48.000
40.750000	40.960000	70.000
41.010000	41.260000	67.000
41.010000	41.260000	36.000
41.310000	41.540000	68.000
41.590000	41.720000	43.000
41.590000	41.720000	36.000
41.770000	41.990000	43.000
42.040000	42.460000	71.000
42.510000	42.660000	48.000
42.710000	42.930000	70.000
42.710000	42.930000	48.000
42.980000	43.140000	67.000
43.490000	43.600000	29.000
43.650000	43.840000	77.000
43.890000	44.060000	77.000
43.890000	44.060000	41.000
44.110000	44.220000	77.000
44.270000	44.370000	41.000
44.590000	45.020000	72.000
44.910000	45.020000	41.000
45.300000	45.470000	43.000
45.300000	45.470000	36.000
45.650000	45.740000	48.000
45.850000	45.950000	48.000
45.850000	45.950000	32.000
45.850000	45.950000	28.000
46.080000	46.190000	43.000
46.240000	46.410000	48.000
46.240000	46.320000	75.000
46.570000	46.890000	48.000
46.700000	46.890000	43.000
46.700000	46.890000	36.000
47.180000	47.350000	43.000
47.180000	47.350000	36.000
47.400000	47.590000	55.000
47.400000	47.590000	48.000
47.710000	47.820000	43.000
48.110000	48.290000	48.000
48.710000	48.760000	43.000
49.140000	49.220000	36.000
49.270000	49.480000	49.000
49.980000	50.070000	55.000
50.330000	50.640000	43.000
50.330000	50.640000	36.000
50.690000	50.870000	53.000
50.960000	51.100000	29.000
51.410000	51.570000	75.000
51.740000	51.930000	41.000
51.870000	52.030000	77.000
52.080000	52.270000	41.000
52.320000	52.510000	79.000
52.320000	52.510000	72.000
52.320000	52.510000	41.000
52.930000	52.980000	36.000
53.030000	53.230000	58.000
53.280000	53.350000	39.000
53.500000	53.830000	43.000
53.880000	53.910000	55.000
53.960000	54.380000	35.000
54.810000	54.850000	36.000
54.900000	55.110000	46.000
55.260000	55.330000	36.000
55.380000	55.790000	48.000
55.380000	55.700000	55.000
55.840000	56.250000	39.000
57.130000	57.200000	36.000
57.490000	57.660000	48.000
57.630000	57.660000	55.000
58.470000	58.600000	29.000
58.910000	59.070000	79.000
58.910000	59.070000	41.000
59.120000	59.370000	41.000
59.420000	59.540000	41.000
59.420000	59.540000	38.000
59.770000	60.000000	72.000
59.770000	60.000000	60.000
60.420000	60.470000	36.000
60.760000	60.950000	84.000
60.760000	60.950000	39.000
60.760000	60.950000	36.000
61.090000	61.180000	48.000
61.230000	61.410000	55.000
61.230000	61.410000	48.000
62.170000	62.260000	78.000
62.640000	62.830000	36.000
62.880000	63.070000	43.000
63.120000	63.290000	55.000
63.120000	63.290000	48.000
64.180000	64.210000	36.000
64.260000	64.430000	77.000
64.260000	64.430000	48.000
64.480000	64.680000	36.000
64.730000	64.920000	78.000
65.090000	65.160000	55.000
65.090000	65.160000	48.000
65.680000	65.870000	53.000
66.000000	66.100000	29.000
66.430000	66.580000	41.000
67.120000	67.310000	72.000
67.120000	67.310000	60.000
67.360000	67.510000	59.000
67.560000	67.970000	60.000
67.560000	67.760000	48.000
67.810000	68.030000	48.000
68.260000	68.910000	48.000
68.480000	68.910000	55.000
68.480000	68.910000	53.000
68.960000	69.170000	55.000
69.220000	69.530000	53.000
69.220000	69.380000	65.000
69.220000	69.380000	48.000
69.580000	69.760000	66.000
69.580000	69.760000	53.000
69.580000	69.760000	46.000
69.810000	69.850000	46.000
70.160000	70.550000	53.000
70.160000	70.320000	46.000
70.600000	71.720000	53.000
70.600000	70.790000	50.000
70.840000	71.250000	51.000
71.370000	71.720000	65.000
71.370000	71.720000	41.000
71.370000	71.660000	48.000
72.020000	72.250000	41.000
72.300000	72.660000	38.000
72.300000	72.520000	41.000
72.570000	72.710000	41.000
72.570000	72.660000	50.000
72.760000	73.600000	41.000
72.760000	73.140000	51.000
73.190000	73.370000	77.000
73.190000	73.370000	72.000
73.770000	73.890000	48.000
73.940000	75.000000	41.000
73.940000	74.070000	60.000
73.940000	74.070000	48.000
74.120000	74.540000	51.000
74.840000	75.000000	48.000
75.110000	75.360000	67.000
75.110000	75.360000	66.000
75.110000	75.360000	36.000
75.410000	75.470000	48.000
75.520000	75.720000	55.000
75.770000	76.460000	48.000
76.000000	76.210000	87.000
76.260000	76.460000	55.000
76.510000	76.670000	55.000
76.510000	76.670000	48.000
76.720000	76.930000	48.000
76.720000	76.880000	65.000
76.720000	76.880000	53.000
76.980000	77.410000	46.000
76.980000	77.160000	53.000
77.650000	78.290000	53.000
77.650000	77.820000	46.000
78.000000	78.290000	46.000
78.000000	78.290000	34.000
78.340000	78.480000	64.000
78.610000	78.760000	53.000
78.810000	78.980000	53.000
78.810000	78.980000	48.000
79.030000	79.220000	41.000
79.530000	79.750000	41.000
79.800000	80.160000	41.000
80.010000	80.160000	74.000
80.010000	80.160000	38.000
80.210000	80.640000	53.000
80.460000	80.920000	41.000
80.460000	80.640000	56.000
80.690000	80.920000	58.000
80.970000	81.100000	88.000
80.970000	81.100000	57.000
80.970000	81.100000	41.000
81.380000	81.990000	55.000
81.380000	81.810000	86.000
81.380000	81.810000	46.000
81.380000	81.810000	29.000
81.860000	82.400000	41.000
81.860000	81.990000	67.000
82.040000	82.270000	57.000
82.450000	82.720000	75.000
82.450000	82.720000	74.000
82.450000	82.720000	56.000
82.450000	82.720000	43.000
82.770000	83.200000	72.000
82.770000	83.200000	67.000
82.770000	82.950000	75.000
82.770000	82.950000	36.000
83.000000	83.200000	48.000
83.000000	83.120000	63.000
83.170000	83.450000	63.000
83.500000	83.910000	67.000
83.500000	83.730000	70.000
83.500000	83.730000	58.000
83.500000	83.730000	55.000
83.780000	85.300000	58.000
83.960000	85.770000	46.000
83.960000	85.070000	74.000
83.960000	85.070000	70.000
83.960000	85.070000	62.000
83.960000	84.970000	93.000
83.960000	84.970000	77.000
85.120000	85.470000	70.000
85.350000	85.770000	58.000
85.350000	85.470000	55.000
85.820000	87.920000	41.000
85.820000	87.570000	57.000
85.820000	87.410000	75.000
85.820000	87.410000	74.000
85.820000	87.410000	72.000
85.820000	87.410000	70.000
85.820000	87.410000	69.000
87.460000	87.920000	60.000
87.620000	87.700000	76.000
87.620000	87.700000	57.000
87.750000	87.920000	65.000
87.750000	87.920000	57.000
87.750000	87.920000	53.000
87.970000	88.400000	72.000
87.970000	88.400000	62.000
87.970000	88.400000	58.000
87.970000	88.400000	56.000
88.450000	88.650000	88.000
88.450000	88.650000	72.000
88.450000	88.650000	69.000
88.450000	88.650000	57.000
88.700000	89.310000	57.000
88.700000	89.260000	89.000
88.700000	89.260000	58.000
88.700000	89.260000	55.000
89.360000	89.730000	65.000
89.360000	89.730000	60.000
89.360000	89.730000	57.000
89.360000	89.730000	53.000
89.780000	90.010000	51.000
89.780000	89.950000	55.000
90.060000	90.470000	55.000
90.060000	90.470000	51.000
90.060000	90.470000	48.000
90.520000	90.700000	63.000
90.520000	90.700000	48.000
90.870000	90.940000	57.000
90.870000	90.940000	55.000
90.990000	91.160000	51.000
90.990000	91.160000	48.000
90.990000	91.160000	35.000
91.210000	92.800000	58.000
91.210000	92.350000	62.000
91.930000	93.280000	46.000
92.850000	93.040000	58.000
92.850000	93.040000	55.000
93.090000	93.280000	62.000
93.090000	93.280000	58.000
93.330000	94.900000	72.000
93.330000	94.230000	69.000
93.330000	94.230000	57.000
93.330000	93.760000	74.000
93.330000	93.760000	70.000
93.810000	94.690000	41.000
94.280000	94.900000	57.000
94.740000	95.630000	60.000
94.740000	94.900000	53.000
94.950000	95.330000	72.000
94.950000	95.330000	65.000
94.950000	95.330000	53.000
95.210000	95.390000	48.000
95.440000	95.630000	53.000
95.680000	96.100000	58.000
96.150000	96.360000	69.000
96.150000	96.310000	57.000
96.410000	97.040000	55.000
96.410000	96.570000	74.000
96.410000	96.570000	67.000
96.620000	96.820000	48.000
96.620000	96.820000	46.000
96.870000	97.040000	74.000
97.090000	97.510000	77.000
97.090000	97.510000	72.000
97.090000	97.510000	53.000
97.560000	97.980000	53.000
97.560000	97.980000	48.000
97.560000	97.890000	72.000
97.560000	97.890000	63.000
97.940000	98.240000	72.000
98.030000	98.240000	53.000
98.030000	98.240000	48.000
98.290000	98.590000	72.000
98.290000	98.450000	53.000
98.500000	98.910000	53.000
98.640000	98.910000	72.000
98.640000	98.910000	48.000
98.960000	99.370000	91.000
98.960000	99.370000	82.000
98.960000	99.370000	51.000
99.420000	99.850000	53.000
99.420000	99.850000	46.000
99.420000	99.760000	72.000
99.810000	100.110000	72.000
99.900000	100.790000	46.000
99.900000	100.320000	53.000
100.160000	100.320000	75.000
100.160000	100.320000	72.000
100.370000	100.470000	53.000
100.520000	100.790000	81.000
100.520000	100.790000	72.000
100.520000	100.790000	53.000
100.840000	101.300000	72.000
100.840000	101.250000	51.000
101.350000	101.720000	57.000
101.350000	101.720000	41.000
101.350000	101.640000	72.000
101.690000	102.340000	65.000
101.690000	101.990000	72.000
102.040000	102.650000	53.000
102.040000	102.450000	72.000
102.240000	102.340000	41.000
102.390000	102.650000	65.000
102.390000	102.450000	77.000
102.500000	102.650000	72.000
102.500000	102.650000	51.000
102.700000	102.850000	53.000
102.700000	102.850000	50.000
102.900000	102.920000	75.000
102.970000	103.130000	79.000
103.180000	103.400000	58.000
103.180000	103.400000	41.000
103.450000	103.600000	84.000
103.450000	103.600000	57.000
103.650000	103.860000	48.000
103.910000	104.310000	55.000
103.910000	104.070000	84.000
103.910000	104.070000	67.000
104.120000	104.310000	75.000
104.360000	104.540000	65.000
104.590000	105.010000	65.000
104.590000	104.780000	70.000
104.590000	104.780000	54.000
104.830000	105.010000	72.000
105.060000	105.390000	72.000
105.060000	105.390000	60.000
105.290000	105.470000	67.000
105.440000	105.950000	60.000
105.440000	105.720000	72.000
105.520000	105.720000	48.000
105.520000	105.720000	41.000
105.770000	105.950000	72.000
106.130000	106.410000	72.000
106.230000	106.410000	67.000
106.230000	106.410000	53.000
106.700000	106.880000	51.000
107.170000	107.260000	53.000
107.170000	107.260000	46.000
107.310000	107.350000	72.000
107.400000	108.060000	46.000
107.400000	107.590000	72.000
107.640000	107.960000	72.000
107.640000	107.820000	75.000
108.010000	108.290000	77.000
108.010000	108.290000	72.000
108.110000	108.290000	53.000
108.110000	108.290000	46.000
108.340000	108.760000	58.000
108.570000	108.760000	84.000
108.570000	108.760000	53.000
108.570000	108.760000	51.000
108.570000	108.760000	46.000
108.810000	109.140000	72.000
109.040000	109.230000	41.000
109.190000	110.160000	60.000
109.190000	109.470000	72.000
109.280000	109.830000	41.000
109.280000	109.470000	57.000
109.520000	110.160000	65.000
109.520000	109.700000	75.000
109.520000	109.700000	72.000
109.880000	109.930000	84.000
109.980000	110.160000	72.000
109.980000	110.160000	41.000
110.210000	110.400000	82.000
110.450000	110.630000	51.000
110.920000	110.990000	77.000
111.270000	111.350000	53.000
111.630000	111.890000	79.000
111.630000	111.890000	67.000
112.810000	112.980000	36.000
113.140000	113.220000	55.000
113.140000	113.220000	48.000
113.270000	113.450000	84.000
113.500000	113.670000	43.000
113.720000	113.920000	48.000
114.090000	114.220000	36.000
114.270000	114.390000	72.000
114.270000	114.390000	43.000
114.760000	114.850000	43.000
114.760000	114.850000	36.000
115.020000	115.310000	48.000
115.130000	115.540000	84.000
115.130000	115.310000	55.000
115.130000	115.310000	28.000
115.590000	115.800000	48.000
115.960000	116.060000	55.000
115.960000	116.060000	48.000
116.110000	116.250000	43.000
116.570000	116.720000	43.000
116.570000	116.720000	36.000
116.880000	116.990000	36.000
117.040000	117.200000	72.000
117.040000	117.200000	55.000
117.470000	117.660000	48.000
117.470000	117.560000	55.000
117.710000	117.810000	43.000
117.860000	118.140000	48.000
118.000000	118.140000	43.000
118.500000	118.600000	29.000
118.890000	119.070000	33.000
118.890000	119.070000	29.000
119.250000	119.430000	41.000
119.890000	119.980000	41.000
120.380000	120.460000	43.000
120.380000	120.460000	36.000
120.870000	120.950000	28.000
121.220000	121.410000	48.000
121.220000	121.320000	55.000
121.600000	121.890000	43.000
121.600000	121.890000	36.000
122.280000	122.350000	43.000
122.280000	122.350000	36.000
122.400000	122.470000	43.000
122.570000	122.720000	55.000
122.570000	122.720000	48.000
122.990000	123.060000	43.000
123.110000	123.290000	48.000
123.110000	123.190000	55.000
123.580000	123.760000	67.000
124.160000	124.230000	43.000
124.160000	124.230000	36.000
124.390000	124.600000	55.000
124.390000	124.600000	48.000
124.980000	125.170000	48.000
124.980000	125.060000	55.000
125.320000	125.640000	55.000
125.320000	125.500000	92.000
125.320000	125.500000	48.000
125.550000	125.640000	31.000
125.970000	126.100000	41.000
126.630000	127.030000	84.000
126.630000	126.930000	77.000
126.630000	126.930000	41.000
127.080000	127.410000	72.000
127.080000	127.270000	41.000
127.320000	127.410000	60.000
127.460000	127.550000	41.000
128.120000	128.370000	46.000
128.120000	128.370000	39.000
128.740000	128.820000	55.000
129.800000	129.850000	36.000
130.040000	130.260000	46.000
130.040000	130.260000	39.000
130.590000	130.790000	67.000
130.590000	130.790000	36.000
131.660000	131.730000	36.000
131.860000	132.070000	46.000
132.250000	132.290000	77.000
132.470000	132.660000	46.000
132.470000	132.660000	36.000
133.470000	133.600000	29.000
133.900000	134.080000	29.000
134.430000	134.540000	41.000
134.940000	135.030000	39.000
135.080000	135.480000	36.000
135.080000	135.380000	75.000
135.530000	135.950000	75.000
135.530000	135.950000	74.000
135.530000	135.950000	46.000
136.000000	137.260000	72.000
136.940000	137.830000	70.000
137.970000	138.380000	68.000
137.970000	138.290000	36.000
138.430000	138.530000	67.000
138.810000	139.220000	77.000
138.810000	139.220000	36.000
139.270000	139.700000	75.000
139.270000	139.700000	74.000
139.270000	139.700000	55.000
139.270000	139.700000	48.000
139.270000	139.700000	46.000
139.750000	140.730000	72.000
140.780000	140.860000	65.000
140.970000	141.100000	77.000
140.970000	141.100000	29.000
141.400000	141.580000	63.000
141.630000	142.040000	41.000
141.630000	141.890000	79.000
142.090000	142.340000	72.000
142.090000	142.250000	60.000
142.520000	143.170000	68.000
142.520000	143.170000	63.000
142.520000	142.810000	60.000
142.750000	142.810000	48.000
142.750000	142.810000	44.000
142.970000	143.170000	56.000
143.110000	143.170000	67.000
143.110000	143.170000	51.000
143.110000	143.170000	44.000
143.330000	143.750000	68.000
143.330000	143.520000	32.000
143.500000	144.090000	44.000
143.800000	143.870000	63.000
143.800000	143.870000	32.000
143.920000	144.820000	72.000
143.920000	144.350000	63.000
143.920000	144.090000	68.000
144.270000	145.290000	32.000
144.400000	144.820000	63.000
144.630000	145.290000	56.000
144.630000	144.820000	60.000
144.740000	145.290000	44.000
144.870000	145.560000	63.000
144.870000	145.560000	60.000
144.870000	145.510000	72.000
144.870000	145.090000	68.000
145.140000	146.340000	67.000
145.140000	145.290000	75.000
145.340000	145.760000	55.000
145.340000	145.560000	51.000
145.340000	145.510000	56.000
145.610000	146.340000	31.000
145.610000	146.020000	74.000
145.610000	146.020000	70.000
145.610000	146.020000	62.000
145.810000	146.020000	55.000
146.070000	146.340000	74.000
146.070000	146.340000	62.000
146.070000	146.230000	70.000
146.070000	146.230000	55.000
146.280000	146.340000	55.000
146.390000	149.280000	79.000
146.390000	147.970000	72.000
146.390000	147.630000	67.000
146.390000	147.550000	63.000
146.390000	147.550000	36.000
146.750000	147.740000	60.000
147.220000	147.740000	75.000
147.220000	147.630000	55.000
147.600000	147.850000	63.000
147.600000	147.850000	36.000
147.680000	147.970000	67.000
147.790000	148.090000	60.000
147.900000	149.150000	36.000
147.900000	148.090000	75.000
147.900000	148.090000	63.000
148.020000	149.280000	67.000
148.140000	148.570000	60.000
148.140000	148.330000	63.000
148.140000	148.330000	62.000
148.380000	148.570000	63.000
148.500000	148.570000	48.000
148.620000	149.510000	60.000
148.620000	149.150000	63.000
148.620000	149.050000	51.000
149.100000	149.280000	55.000
149.200000	149.970000	36.000
149.200000	149.280000	63.000
149.330000	151.250000	72.000
149.330000	149.970000	63.000
149.330000	149.510000	79.000
149.560000	150.450000	58.000
149.560000	149.970000	62.000
149.560000	149.970000	60.000
150.020000	152.790000	65.000
150.020000	151.850000	70.000
150.020000	151.850000	62.000
150.020000	151.370000	34.000
150.500000	151.370000	58.000
150.970000	151.370000	53.000
151.300000	152.790000	46.000
151.420000	151.720000	34.000
151.540000	153.020000	74.000
151.770000	153.020000	34.000
151.900000	152.550000	62.000
151.900000	152.330000	72.000
151.900000	152.330000	70.000
151.900000	152.330000	61.000
152.380000	153.020000	70.000
152.380000	152.790000	53.000
152.380000	152.550000	58.000
152.600000	153.260000	58.000
152.600000	153.020000	62.000
152.840000	153.740000	67.000
152.840000	153.740000	31.000
152.840000	153.020000	46.000
153.070000	153.740000	55.000
153.070000	153.260000	63.000
153.070000	153.260000	60.000
153.310000	153.740000	70.000
153.310000	153.740000	62.000
153.310000	153.740000	58.000
153.790000	155.000000	32.000
153.790000	154.660000	68.000
153.790000	154.660000	60.000
153.790000	154.200000	63.000
154.250000	154.660000	56.000
154.710000	155.600000	60.000
154.710000	155.600000	56.000
155.050000	155.470000	68.000
155.050000	155.470000	32.000
155.050000	155.420000	63.000
155.190000	157.020000	72.000
155.520000	156.550000	32.000
155.520000	156.310000	63.000
155.520000	156.070000	68.000
155.650000	156.070000	60.000
155.650000	156.070000	51.000
156.120000	156.310000	60.000
156.240000	156.550000	44.000
156.360000	156.770000	63.000
156.360000	156.770000	60.000
156.360000	156.550000	82.000
156.360000	156.550000	75.000
156.600000	157.480000	34.000
156.820000	157.480000	58.000
156.820000	157.020000	63.000
156.820000	157.020000	60.000
157.070000	158.640000	65.000
157.070000	157.950000	62.000
157.530000	157.950000	44.000
157.530000	157.710000	53.000
157.760000	158.760000	32.000
157.760000	158.420000	53.000
158.000000	158.170000	62.000
158.470000	158.640000	62.000
158.470000	158.640000	53.000
158.690000	159.110000	68.000
158.810000	159.110000	32.000
158.930000	159.330000	51.000
158.930000	159.330000	44.000
159.160000	159.590000	32.000
159.160000	159.210000	67.000
159.160000	159.210000	63.000
159.260000	159.330000	63.000
159.380000	160.280000	44.000
159.510000	160.040000	63.000
159.640000	160.280000	72.000
159.640000	160.280000	32.000
159.640000	160.040000	68.000
160.090000	160.470000	63.000
160.090000	160.280000	60.000
160.330000	161.010000	55.000
160.330000	160.530000	62.000
160.330000	160.470000	70.000
160.580000	161.010000	74.000
160.580000	161.010000	62.000
160.580000	160.770000	63.000
160.820000	161.700000	77.000
160.820000	161.010000	65.000
160.820000	161.010000	43.000
161.060000	161.920000	62.000
161.060000	161.700000	65.000
161.060000	161.230000	55.000
161.280000	161.460000	55.000
161.280000	161.460000	53.000
161.510000	161.920000	74.000
161.510000	161.700000	53.000
161.510000	161.700000	36.000
161.750000	162.400000	77.000
161.750000	162.170000	65.000
161.750000	162.170000	60.000
161.970000	162.170000	62.000
161.970000	162.170000	53.000
161.970000	162.170000	48.000
162.220000	162.750000	65.000
162.220000	162.400000	62.000
162.220000	162.400000	53.000
162.450000	162.750000	63.000
162.450000	162.750000	60.000
162.450000	162.750000	55.000
162.450000	162.630000	62.000
162.450000	162.630000	53.000
162.680000	164.040000	36.000
162.680000	163.040000	67.000
162.800000	163.040000	60.000
162.800000	163.040000	55.000
162.910000	163.100000	63.000
163.020000	163.040000	48.000
163.150000	164.270000	63.000
163.150000	163.810000	75.000
163.150000	163.330000	62.000
163.150000	163.330000	58.000
163.150000	163.330000	55.000
163.380000	163.570000	60.000
163.620000	164.520000	60.000
163.620000	164.040000	55.000
163.860000	164.270000	75.000
163.860000	164.270000	72.000
164.090000	164.270000	79.000
164.320000	164.750000	75.000
164.320000	164.520000	79.000
164.320000	164.520000	72.000
164.320000	164.520000	63.000
164.570000	164.750000	62.000
164.570000	164.750000	58.000
164.800000	164.980000	79.000
164.800000	164.980000	75.000
164.800000	164.980000	72.000
164.800000	164.980000	63.000
164.800000	164.980000	36.000
165.030000	165.930000	74.000
165.030000	165.930000	62.000
165.030000	165.930000	46.000
165.030000	165.210000	53.000
165.260000	166.140000	58.000
165.740000	166.030000	70.000
165.740000	165.930000	53.000
165.980000	166.500000	46.000
166.080000	166.140000	53.000
166.080000	166.140000	48.000
166.190000	166.500000	62.000
166.190000	166.380000	53.000
166.550000	166.840000	62.000
166.550000	166.730000	53.000
166.550000	166.600000	46.000
166.650000	167.080000	46.000
166.890000	167.080000	77.000
167.020000	168.020000	74.000
167.020000	167.790000	65.000
167.130000	167.560000	46.000
167.130000	167.310000	62.000
167.130000	167.310000	53.000
167.360000	167.660000	62.000
167.360000	167.660000	58.000
167.360000	167.560000	53.000
167.610000	168.020000	46.000
167.710000	168.020000	62.000
167.710000	168.020000	58.000
167.840000	168.020000	50.000
167.840000	168.020000	43.000
168.070000	168.370000	63.000
168.070000	168.260000	48.000
168.310000	168.730000	55.000
168.420000	168.730000	62.000
168.420000	168.730000	58.000
168.780000	170.230000	32.000
168.780000	169.540000	68.000
168.780000	169.300000	60.000
169.010000	169.200000	56.000
169.250000	169.420000	56.000
169.250000	169.300000	48.000
169.350000	169.770000	60.000
169.590000	169.770000	68.000
169.710000	169.900000	48.000
169.710000	169.770000	56.000
169.820000	170.470000	60.000
169.820000	169.900000	68.000
170.060000	170.590000	63.000
170.060000	170.360000	56.000
170.060000	170.120000	48.000
170.170000	170.360000	44.000
170.280000	170.950000	32.000
170.410000	170.590000	44.000
170.640000	170.710000	65.000
170.760000	170.840000	78.000
170.760000	170.840000	66.000
170.890000	170.950000	58.000
170.890000	170.950000	48.000
171.000000	171.070000	79.000
171.000000	171.070000	48.000
171.120000	171.180000	32.000
171.230000	171.530000	44.000
171.350000	171.880000	67.000
171.820000	171.880000	34.000
172.060000	172.140000	53.000
172.060000	172.140000	48.000
172.290000	172.460000	58.000
172.400000	172.460000	46.000
172.510000	172.960000	91.000
172.510000	172.960000	60.000
172.510000	172.960000	56.000
172.510000	172.830000	65.000
172.880000	172.960000	67.000
172.880000	172.960000	44.000
173.010000	174.350000	91.000
173.010000	173.880000	44.000
173.010000	173.410000	60.000
173.010000	173.410000	51.000
173.460000	176.700000	72.000
173.460000	173.880000	63.000
173.460000	173.880000	56.000
174.160000	174.350000	63.000
174.160000	174.350000	32.000
174.400000	174.820000	56.000
174.400000	174.710000	65.000
174.760000	174.820000	32.000
175.100000	175.290000	60.000
175.100000	175.290000	44.000
175.340000	177.160000	84.000
175.340000	175.740000	67.000
175.340000	175.740000	31.000
176.270000	176.700000	65.000
176.270000	176.700000	48.000
176.620000	177.160000	67.000
176.620000	176.700000	36.000
176.750000	177.160000	72.000
176.750000	177.160000	55.000
176.980000	177.160000	70.000
176.980000	177.160000	36.000
177.450000	177.500000	36.000
177.550000	177.620000	36.000
177.920000	178.790000	67.000
177.920000	178.570000	36.000
177.920000	178.090000	82.000
178.620000	178.790000	36.000
178.840000	179.270000	67.000
178.840000	179.040000	70.000
178.840000	179.040000	36.000
179.090000	179.510000	55.000
179.320000	179.380000	36.000
179.430000	179.720000	70.000
179.430000	179.510000	36.000
179.560000	179.970000	36.000
179.770000	180.190000	70.000
180.240000	180.450000	70.000
180.380000	180.450000	53.000
180.500000	180.690000	70.000
180.500000	180.690000	34.000
180.740000	181.370000	70.000
180.740000	180.910000	34.000
181.190000	181.370000	34.000
181.300000	181.370000	65.000
181.420000	181.450000	58.000
181.500000	181.850000	46.000
181.690000	181.850000	65.000
181.690000	181.850000	34.000
181.900000	182.330000	34.000
182.380000	182.790000	34.000
182.380000	182.550000	65.000
182.600000	182.790000	81.000
182.600000	182.790000	74.000
182.600000	182.790000	70.000
182.600000	182.790000	65.000
182.840000	183.260000	31.000
182.840000	183.020000	62.000
183.070000	183.260000	75.000
183.070000	183.260000	63.000
183.310000	183.720000	55.000
183.310000	183.510000	62.000
183.560000	183.720000	62.000
183.560000	183.720000	31.000
183.770000	185.120000	72.000
183.770000	184.070000	32.000
184.120000	185.590000	60.000
184.120000	184.680000	51.000
184.250000	184.680000	67.000
184.250000	184.680000	63.000
184.250000	184.680000	32.000
184.730000	185.120000	51.000
185.050000	185.120000	63.000
185.050000	185.120000	32.000
185.170000	185.590000	32.000
185.410000	185.590000	70.000
185.640000	186.080000	67.000
185.640000	186.080000	51.000
185.640000	185.960000	62.000
186.360000	186.540000	67.000
186.360000	186.540000	32.000
186.820000	187.010000	53.000
187.290000	187.470000	34.000
187.520000	188.420000	91.000
187.520000	187.830000	65.000
188.090000	188.870000	72.000
188.090000	188.420000	70.000
188.090000	188.420000	32.000
188.470000	188.870000	91.000
188.690000	188.870000	60.000
188.690000	188.870000	51.000
188.690000	188.870000	44.000
189.180000	189.350000	44.000
189.260000	189.350000	32.000
189.400000	189.810000	32.000
189.400000	189.700000	65.000
189.860000	189.970000	32.000
190.110000	190.530000	51.000
190.110000	190.290000	44.000
190.220000	190.290000	32.000
190.580000	190.740000	67.000
190.580000	190.740000	62.000
190.580000	190.740000	58.000
190.580000	190.740000	31.000
191.050000	191.220000	31.000
191.050000	191.140000	65.000
191.270000	191.680000	65.000
191.270000	191.680000	55.000
191.620000	191.680000	48.000
191.940000	192.150000	55.000
191.940000	192.150000	48.000
192.090000	192.150000	36.000
192.200000	192.380000	70.000
192.430000	192.620000	67.000
192.430000	192.620000	63.000
192.430000	192.620000	36.000
192.670000	192.960000	36.000
192.930000	193.110000	63.000
192.930000	192.960000	55.000
193.010000	193.570000	36.000
193.160000	194.280000	72.000
193.160000	193.570000	67.000
193.160000	193.570000	65.000
193.860000	194.040000	67.000
194.090000	194.280000	91.000
194.090000	194.280000	36.000
194.330000	194.500000	74.000
194.330000	194.500000	67.000
194.330000	194.500000	36.000
194.550000	194.750000	72.000
194.800000	194.970000	72.000
194.800000	194.970000	36.000
195.020000	196.060000	70.000
195.020000	195.440000	63.000
195.020000	195.440000	34.000
195.380000	195.440000	65.000
195.490000	195.630000	46.000
195.680000	195.930000	46.000
195.750000	195.930000	34.000
195.750000	195.850000	65.000
196.110000	196.380000	70.000
196.110000	196.380000	65.000
196.110000	196.380000	34.000
196.430000	196.830000	65.000
196.700000	196.830000	34.000
196.880000	197.320000	89.000
196.880000	197.200000	63.000
197.250000	197.800000	65.000
197.370000	197.730000	34.000
197.370000	197.560000	70.000
197.610000	198.250000	70.000
197.780000	197.800000	34.000
197.850000	197.960000	34.000
198.080000	198.250000	58.000
198.080000	198.250000	55.000
198.300000	198.720000	70.000
198.540000	198.610000	31.000
198.660000	198.720000	55.000
198.770000	199.660000	82.000
198.770000	199.210000	89.000
198.770000	199.080000	32.000
199.130000	199.210000	51.000
199.480000	199.910000	67.000
199.480000	199.910000	51.000
199.480000	199.660000	58.000
199.480000	199.660000	44.000
199.960000	200.130000	51.000
200.070000	200.130000	63.000
200.070000	200.130000	32.000
200.180000	200.360000	70.000
200.180000	200.360000	32.000
200.410000	200.590000	70.000
201.120000	202.000000	70.000
201.120000	201.540000	67.000
201.120000	201.540000	32.000
201.850000	202.000000	34.000
202.050000	202.470000	70.000
202.290000	202.470000	34.000
202.520000	203.870000	72.000
202.990000	203.110000	65.000
203.600000	203.870000	60.000
203.920000	213.740000	72.000
203.920000	204.230000	63.000
204.280000	213.740000	85.000
204.280000	213.740000	84.000
204.280000	213.740000	83.000
204.280000	213.740000	71.000
204.280000	213.740000	70.000
204.280000	213.740000	69.000
204.280000	213.740000	68.000
204.280000	213.740000	48.000
