0.127710	0.127710	0.128
0.359909	0.359909	0.360
0.568889	0.568889	0.569
0.801088	0.801088	0.801
1.021678	1.021678	1.022
1.242268	1.242268	1.242
1.451247	1.451247	1.451
1.555737	1.555737	1.556
1.671837	1.671837	1.672
1.776327	1.776327	1.776
1.892426	1.892426	1.892
2.113016	2.113016	2.113
2.345215	2.345215	2.345
2.565805	2.565805	2.566
2.774785	2.774785	2.775
2.995374	2.995374	2.995
3.215964	3.215964	3.216
3.320454	3.320454	3.320
3.436553	3.436553	3.437
3.541043	3.541043	3.541
3.668753	3.668753	3.669
3.889342	3.889342	3.889
4.098322	4.098322	4.098
4.330522	4.330522	4.331
4.551111	4.551111	4.551
4.760091	4.760091	4.760
4.980680	4.980680	4.981
5.201270	5.201270	5.201
5.421859	5.421859	5.422
5.642449	5.642449	5.642
5.863039	5.863039	5.863
6.083628	6.083628	6.084
6.304218	6.304218	6.304
6.524807	6.524807	6.525
6.745397	6.745397	6.745
6.965986	6.965986	6.966
7.198186	7.198186	7.198
7.650975	7.650975	7.651
7.859955	7.859955	7.860
8.301134	8.301134	8.301
8.835193	8.835193	8.835
8.962902	8.962902	8.963
9.171882	9.171882	9.172
9.392472	9.392472	9.392
9.613061	9.613061	9.613
9.705941	9.705941	9.706
9.833651	9.833651	9.834
10.054240	10.054240	10.054
10.274830	10.274830	10.275
10.495420	10.495420	10.495
10.727619	10.727619	10.728
11.180408	11.180408	11.180
11.389388	11.389388	11.389
11.830567	11.830567	11.831
12.051156	12.051156	12.051
12.236916	12.236916	12.237
12.492336	12.492336	12.492
12.643265	12.643265	12.643
12.933515	12.933515	12.934
13.154104	13.154104	13.154
13.374694	13.374694	13.375
13.815873	13.815873	13.816
14.001633	14.001633	14.002
14.257052	14.257052	14.257
14.477642	14.477642	14.478
14.698231	14.698231	14.698
14.918821	14.918821	14.919
15.139410	15.139410	15.139
15.360000	15.360000	15.360
15.580590	15.580590	15.581
15.673469	15.673469	15.673
15.789569	15.789569	15.790
15.894059	15.894059	15.894
16.021769	16.021769	16.022
16.242358	16.242358	16.242
16.462948	16.462948	16.463
16.671927	16.671927	16.672
16.904127	16.904127	16.904
17.113107	17.113107	17.113
17.345306	17.345306	17.345
17.438186	17.438186	17.438
17.554286	17.554286	17.554
17.786485	17.786485	17.786
18.007075	18.007075	18.007
18.216054	18.216054	18.216
18.448254	18.448254	18.448
18.657234	18.657234	18.657
18.877823	18.877823	18.878
19.098413	19.098413	19.098
19.319002	19.319002	19.319
19.539592	19.539592	19.540
19.760181	19.760181	19.760
19.980771	19.980771	19.981
20.201361	20.201361	20.201
20.421950	20.421950	20.422
20.642540	20.642540	20.643
20.863129	20.863129	20.863
21.083719	21.083719	21.084
21.315918	21.315918	21.316
21.768707	21.768707	21.769
21.977687	21.977687	21.978
22.198277	22.198277	22.198
22.418866	22.418866	22.419
22.627846	22.627846	22.628
22.743946	22.743946	22.744
22.860045	22.860045	22.860
22.952925	22.952925	22.953
23.080635	23.080635	23.081
23.301224	23.301224	23.301
23.521814	23.521814	23.522
23.742404	23.742404	23.742
23.823673	23.823673	23.824
23.962993	23.962993	23.963
24.183583	24.183583	24.184
24.276463	24.276463	24.276
24.404172	24.404172	24.404
24.624762	24.624762	24.625
24.845351	24.845351	24.845
25.298141	25.298141	25.298
25.727710	25.727710	25.728
25.948299	25.948299	25.948
26.157279	26.157279	26.157
26.343039	26.343039	26.343
26.610068	26.610068	26.610
26.714558	26.714558	26.715
26.819048	26.819048	26.819
27.062857	27.062857	27.063
27.260227	27.260227	27.260
27.492426	27.492426	27.492
27.713016	27.713016	27.713
27.933605	27.933605	27.934
28.084535	28.084535	28.085
28.154195	28.154195	28.154
28.374785	28.374785	28.375
28.572154	28.572154	28.572
28.618594	28.618594	28.619
28.850794	28.850794	28.851
29.024943	29.024943	29.025
29.257143	29.257143	29.257
29.477732	29.477732	29.478
29.930522	29.930522	29.931
30.151111	30.151111	30.151
30.371701	30.371701	30.372
30.592290	30.592290	30.592
30.801270	30.801270	30.801
31.021859	31.021859	31.022
31.242449	31.242449	31.242
31.463039	31.463039	31.463
31.683628	31.683628	31.684
31.776508	31.776508	31.777
31.915828	31.915828	31.916
32.148027	32.148027	32.148
32.357007	32.357007	32.357
32.565986	32.565986	32.566
32.809796	32.809796	32.810
32.891066	32.891066	32.891
33.041995	33.041995	33.042
33.239365	33.239365	33.239
33.471565	33.471565	33.472
33.901134	33.901134	33.901
34.110113	34.110113	34.110
34.330703	34.330703	34.331
34.562902	34.562902	34.563
34.771882	34.771882	34.772
35.004082	35.004082	35.004
35.224671	35.224671	35.225
35.468481	35.468481	35.468
35.665850	35.665850	35.666
35.898050	35.898050	35.898
36.107029	36.107029	36.107
36.339229	36.339229	36.339
36.559819	36.559819	36.560
36.792018	36.792018	36.792
37.000998	37.000998	37.001
37.244807	37.244807	37.245
37.442177	37.442177	37.442
37.685986	37.685986	37.686
37.894966	37.894966	37.895
38.127166	38.127166	38.127
38.324535	38.324535	38.325
38.568345	38.568345	38.568
38.788934	38.788934	38.789
38.997914	38.997914	38.998
39.241723	39.241723	39.242
39.450703	39.450703	39.451
39.659683	39.659683	39.660
39.903492	39.903492	39.903
40.112472	40.112472	40.112
40.344671	40.344671	40.345
40.565261	40.565261	40.565
40.785850	40.785850	40.786
41.029660	41.029660	41.030
41.227029	41.227029	41.227
41.459229	41.459229	41.459
41.679819	41.679819	41.680
42.097778	42.097778	42.098
42.329977	42.329977	42.330
42.573787	42.573787	42.574
43.003356	43.003356	43.003
43.200726	43.200726	43.201
43.479365	43.479365	43.479
43.874104	43.874104	43.874
44.326893	44.326893	44.327
44.524263	44.524263	44.524
44.768073	44.768073	44.768
45.220862	45.220862	45.221
45.615601	45.615601	45.616
46.114830	46.114830	46.115
46.556009	46.556009	46.556
46.764989	46.764989	46.765
47.055238	47.055238	47.055
47.426757	47.426757	47.427
47.879546	47.879546	47.880
48.309116	48.309116	48.309
48.448435	48.448435	48.448
48.541315	48.541315	48.541
48.750295	48.750295	48.750
49.052154	49.052154	49.052
49.191474	49.191474	49.191
49.342404	49.342404	49.342
49.481723	49.481723	49.482
49.632653	49.632653	49.633
49.795193	49.795193	49.795
49.922902	49.922902	49.923
50.085442	50.085442	50.085
50.224762	50.224762	50.225
50.375692	50.375692	50.376
50.561451	50.561451	50.561
50.712381	50.712381	50.712
50.840091	50.840091	50.840
50.991020	50.991020	50.991
51.118730	51.118730	51.119
51.258050	51.258050	51.258
51.408980	51.408980	51.409
51.559909	51.559909	51.560
51.699229	51.699229	51.699
51.850159	51.850159	51.850
52.001088	52.001088	52.001
52.140408	52.140408	52.140
52.326168	52.326168	52.326
52.546757	52.546757	52.547
52.628027	52.628027	52.628
53.196916	53.196916	53.197
53.510385	53.510385	53.510
54.079274	54.079274	54.079
54.299864	54.299864	54.300
54.392744	54.392744	54.393
54.961633	54.961633	54.962
55.170612	55.170612	55.171
55.309932	55.309932	55.310
55.855601	55.855601	55.856
56.157460	56.157460	56.157
56.296780	56.296780	56.297
56.517370	56.517370	56.517
56.737959	56.737959	56.738
56.958549	56.958549	56.959
57.179138	57.179138	57.179
57.283628	57.283628	57.284
57.376508	57.376508	57.377
57.492608	57.492608	57.493
57.620317	57.620317	57.620
57.840907	57.840907	57.841
58.061497	58.061497	58.061
58.282086	58.282086	58.282
58.502676	58.502676	58.503
58.723265	58.723265	58.723
58.943855	58.943855	58.944
59.048345	59.048345	59.048
59.164444	59.164444	59.164
59.280544	59.280544	59.281
59.396644	59.396644	59.397
59.617234	59.617234	59.617
59.826213	59.826213	59.826
60.058413	60.058413	60.058
60.279002	60.279002	60.279
60.487982	60.487982	60.488
60.720181	60.720181	60.720
60.940771	60.940771	60.941
61.161361	61.161361	61.161
61.370340	61.370340	61.370
61.590930	61.590930	61.591
61.811519	61.811519	61.812
62.032109	62.032109	62.032
62.252698	62.252698	62.253
62.484898	62.484898	62.485
62.693878	62.693878	62.694
62.902857	62.902857	62.903
63.378866	63.378866	63.379
63.587846	63.587846	63.588
63.820045	63.820045	63.820
64.029025	64.029025	64.029
64.272834	64.272834	64.273
64.365714	64.365714	64.366
64.458594	64.458594	64.459
64.679184	64.679184	64.679
64.911383	64.911383	64.911
65.120363	65.120363	65.120
65.340952	65.340952	65.341
65.573152	65.573152	65.573
65.782132	65.782132	65.782
66.002721	66.002721	66.003
66.223311	66.223311	66.223
66.467120	66.467120	66.467
66.641270	66.641270	66.641
66.896689	66.896689	66.897
67.117279	67.117279	67.117
67.349478	67.349478	67.349
67.790658	67.790658	67.791
68.220227	68.220227	68.220
68.371156	68.371156	68.371
68.661406	68.661406	68.661
69.114195	69.114195	69.114
69.381224	69.381224	69.381
69.532154	69.532154	69.532
69.984943	69.984943	69.985
70.193923	70.193923	70.194
70.426122	70.426122	70.426
70.635102	70.635102	70.635
70.855692	70.855692	70.856
71.076281	71.076281	71.076
71.308481	71.308481	71.308
71.529070	71.529070	71.529
71.749660	71.749660	71.750
71.970249	71.970249	71.970
72.202449	72.202449	72.202
72.423039	72.423039	72.423
72.643628	72.643628	72.644
72.864218	72.864218	72.864
73.096417	73.096417	73.096
73.305397	73.305397	73.305
73.537596	73.537596	73.538
73.618866	73.618866	73.619
73.758186	73.758186	73.758
73.978776	73.978776	73.979
74.199365	74.199365	74.199
74.419955	74.419955	74.420
74.628934	74.628934	74.629
74.861134	74.861134	74.861
75.081723	75.081723	75.082
75.302313	75.302313	75.302
75.522902	75.522902	75.523
75.755102	75.755102	75.755
75.964082	75.964082	75.964
76.196281	76.196281	76.196
76.416871	76.416871	76.417
76.649070	76.649070	76.649
76.858050	76.858050	76.858
77.090249	77.090249	77.090
77.299229	77.299229	77.299
77.531429	77.531429	77.531
77.740408	77.740408	77.740
77.972608	77.972608	77.973
78.193197	78.193197	78.193
78.413787	78.413787	78.414
78.634376	78.634376	78.634
78.843356	78.843356	78.843
79.063946	79.063946	79.064
79.296145	79.296145	79.296
79.505125	79.505125	79.505
79.737324	79.737324	79.737
79.957914	79.957914	79.958
80.190113	80.190113	80.190
80.387483	80.387483	80.387
80.619683	80.619683	80.620
80.840272	80.840272	80.840
81.072472	81.072472	81.072
81.304671	81.304671	81.305
81.513651	81.513651	81.514
81.734240	81.734240	81.734
81.966440	81.966440	81.966
82.187029	82.187029	82.187
82.396009	82.396009	82.396
82.616599	82.616599	82.617
82.848798	82.848798	82.849
83.069388	83.069388	83.069
83.278367	83.278367	83.278
83.510567	83.510567	83.511
83.731156	83.731156	83.731
83.951746	83.951746	83.952
84.160726	84.160726	84.161
84.416145	84.416145	84.416
84.601905	84.601905	84.602
84.810884	84.810884	84.811
85.031474	85.031474	85.031
85.275283	85.275283	85.275
85.728073	85.728073	85.728
85.937052	85.937052	85.937
86.169252	86.169252	86.169
86.378231	86.378231	86.378
86.598821	86.598821	86.599
86.807800	86.807800	86.808
87.028390	87.028390	87.028
87.248980	87.248980	87.249
87.469569	87.469569	87.470
87.701769	87.701769	87.702
87.922358	87.922358	87.922
88.166168	88.166168	88.166
88.351927	88.351927	88.352
88.584127	88.584127	88.584
88.816327	88.816327	88.816
89.280726	89.280726	89.281
89.698685	89.698685	89.699
89.930884	89.930884	89.931
90.139864	90.139864	90.140
90.360454	90.360454	90.360
90.581043	90.581043	90.581
90.801633	90.801633	90.802
91.022222	91.022222	91.022
91.266032	91.266032	91.266
91.475011	91.475011	91.475
91.695601	91.695601	91.696
91.916190	91.916190	91.916
92.136780	92.136780	92.137
92.357370	92.357370	92.357
92.589569	92.589569	92.590
92.798549	92.798549	92.799
93.042358	93.042358	93.042
93.216508	93.216508	93.217
93.483537	93.483537	93.484
93.692517	93.692517	93.693
93.924717	93.924717	93.925
94.133696	94.133696	94.134
94.365896	94.365896	94.366
94.574875	94.574875	94.575
94.807075	94.807075	94.807
95.016054	95.016054	95.016
95.259864	95.259864	95.260
95.457234	95.457234	95.457
95.550113	95.550113	95.550
95.701043	95.701043	95.701
95.898413	95.898413	95.898
96.142222	96.142222	96.142
96.362812	96.362812	96.363
96.583401	96.583401	96.583
96.803991	96.803991	96.804
97.036190	97.036190	97.036
97.245170	97.245170	97.245
97.465760	97.465760	97.466
97.883719	97.883719	97.884
98.127528	98.127528	98.128
98.359728	98.359728	98.360
98.800907	98.800907	98.801
99.056327	99.056327	99.056
99.253696	99.253696	99.254
99.683265	99.683265	99.683
99.915465	99.915465	99.915
100.124444	100.124444	100.124
100.565624	100.565624	100.566
100.693333	100.693333	100.693
101.006803	101.006803	101.007
101.424762	101.424762	101.425
101.912381	101.912381	101.912
102.341950	102.341950	102.342
102.794739	102.794739	102.795
102.852789	102.852789	102.853
103.224308	103.224308	103.224
103.479728	103.479728	103.480
103.688707	103.688707	103.689
103.955737	103.955737	103.956
104.106667	104.106667	104.107
104.559456	104.559456	104.559
104.710385	104.710385	104.710
104.849705	104.849705	104.850
105.000635	105.000635	105.001
105.151565	105.151565	105.152
105.290884	105.290884	105.291
105.441814	105.441814	105.442
105.592744	105.592744	105.593
105.732063	105.732063	105.732
105.882993	105.882993	105.883
106.033923	106.033923	106.034
106.173243	106.173243	106.173
106.324172	106.324172	106.324
106.451882	106.451882	106.452
106.626032	106.626032	106.626
106.776961	106.776961	106.777
106.927891	106.927891	106.928
107.067211	107.067211	107.067
107.218141	107.218141	107.218
107.357460	107.357460	107.357
107.496780	107.496780	107.497
107.659320	107.659320	107.659
107.798639	107.798639	107.799
107.926349	107.926349	107.926
108.100499	108.100499	108.100
108.402358	108.402358	108.402
108.553288	108.553288	108.553
108.704218	108.704218	108.704
108.855147	108.855147	108.855
108.994467	108.994467	108.994
109.145397	109.145397	109.145
109.284717	109.284717	109.285
109.435646	109.435646	109.436
109.586576	109.586576	109.587
109.737506	109.737506	109.738
109.888435	109.888435	109.888
110.039365	110.039365	110.039
110.178685	110.178685	110.179
110.318005	110.318005	110.318
110.457324	110.457324	110.457
110.608254	110.608254	110.608
110.759184	110.759184	110.759
110.910113	110.910113	110.910
111.049433	111.049433	111.049
111.200363	111.200363	111.200
111.351293	111.351293	111.351
111.479002	111.479002	111.479
111.664762	111.664762	111.665
111.920181	111.920181	111.920
112.535510	112.535510	112.536
112.802540	112.802540	112.803
113.417868	113.417868	113.418
113.661678	113.661678	113.662
113.719728	113.719728	113.720
114.300227	114.300227	114.300
114.404717	114.404717	114.405
114.555646	114.555646	114.556
114.625306	114.625306	114.625
115.194195	115.194195	115.194
115.414785	115.414785	115.415
115.646984	115.646984	115.647
115.855964	115.855964	115.856
116.088163	116.088163	116.088
116.308753	116.308753	116.309
116.529342	116.529342	116.529
116.761542	116.761542	116.762
116.982132	116.982132	116.982
117.202721	117.202721	117.203
117.423311	117.423311	117.423
117.643900	117.643900	117.644
117.864490	117.864490	117.864
118.096689	118.096689	118.097
118.317279	118.317279	118.317
118.537868	118.537868	118.538
118.758458	118.758458	118.758
118.979048	118.979048	118.979
119.211247	119.211247	119.211
119.420227	119.420227	119.420
119.652426	119.652426	119.652
119.861406	119.861406	119.861
120.105215	120.105215	120.105
120.302585	120.302585	120.303
120.523175	120.523175	120.523
120.743764	120.743764	120.744
120.975964	120.975964	120.976
121.196553	121.196553	121.197
121.417143	121.417143	121.417
121.637732	121.637732	121.638
121.869932	121.869932	121.870
122.090522	122.090522	122.091
122.299501	122.299501	122.300
122.520091	122.520091	122.520
122.752290	122.752290	122.752
122.972880	122.972880	122.973
123.181859	123.181859	123.182
123.414059	123.414059	123.414
123.634649	123.634649	123.635
123.855238	123.855238	123.855
124.075828	124.075828	124.076
124.296417	124.296417	124.296
124.528617	124.528617	124.529
124.749206	124.749206	124.749
124.958186	124.958186	124.958
125.178776	125.178776	125.179
125.410975	125.410975	125.411
125.492245	125.492245	125.492
125.619955	125.619955	125.620
125.840544	125.840544	125.841
126.072744	126.072744	126.073
126.293333	126.293333	126.293
126.513923	126.513923	126.514
126.722902	126.722902	126.723
126.955102	126.955102	126.955
127.175692	127.175692	127.176
127.396281	127.396281	127.396
127.616871	127.616871	127.617
127.837460	127.837460	127.837
128.069660	128.069660	128.070
128.290249	128.290249	128.290
128.499229	128.499229	128.499
128.719819	128.719819	128.720
128.963628	128.963628	128.964
129.172608	129.172608	129.173
129.393197	129.393197	129.393
129.613787	129.613787	129.614
129.845986	129.845986	129.846
130.043356	130.043356	130.043
130.287166	130.287166	130.287
130.507755	130.507755	130.508
130.728345	130.728345	130.728
130.937324	130.937324	130.937
131.169524	131.169524	131.170
131.250794	131.250794	131.251
131.390113	131.390113	131.390
131.610703	131.610703	131.611
131.831293	131.831293	131.831
132.040272	132.040272	132.040
132.272472	132.272472	132.272
132.493061	132.493061	132.493
132.713651	132.713651	132.714
132.934240	132.934240	132.934
133.166440	133.166440	133.166
133.387029	133.387029	133.387
133.596009	133.596009	133.596
133.828209	133.828209	133.828
134.048798	134.048798	134.049
134.280998	134.280998	134.281
134.489977	134.489977	134.490
134.710567	134.710567	134.711
134.931156	134.931156	134.931
135.163356	135.163356	135.163
135.372336	135.372336	135.372
135.592925	135.592925	135.593
135.697415	135.697415	135.697
135.813515	135.813515	135.814
136.045714	136.045714	136.046
136.277914	136.277914	136.278
136.486893	136.486893	136.487
136.707483	136.707483	136.707
136.939683	136.939683	136.940
137.160272	137.160272	137.160
137.369252	137.369252	137.369
137.601451	137.601451	137.601
137.822041	137.822041	137.822
137.914921	137.914921	137.915
138.019410	138.019410	138.019
138.251610	138.251610	138.252
138.483810	138.483810	138.484
138.716009	138.716009	138.716
138.797279	138.797279	138.797
138.936599	138.936599	138.937
139.145578	139.145578	139.146
139.366168	139.366168	139.366
139.598367	139.598367	139.598
139.818957	139.818957	139.819
140.039546	140.039546	140.040
140.260136	140.260136	140.260
140.480726	140.480726	140.481
140.701315	140.701315	140.701
140.921905	140.921905	140.922
141.142494	141.142494	141.142
141.374694	141.374694	141.375
141.583673	141.583673	141.584
141.804263	141.804263	141.804
142.024853	142.024853	142.025
142.268662	142.268662	142.269
142.477642	142.477642	142.478
142.698231	142.698231	142.698
142.918821	142.918821	142.919
143.151020	143.151020	143.151
143.371610	143.371610	143.372
143.580590	143.580590	143.581
143.801179	143.801179	143.801
144.033379	144.033379	144.033
144.253968	144.253968	144.254
144.462948	144.462948	144.463
144.695147	144.695147	144.695
144.915737	144.915737	144.916
145.136327	145.136327	145.136
145.356916	145.356916	145.357
145.577506	145.577506	145.578
145.809705	145.809705	145.810
146.030295	146.030295	146.030
146.239274	146.239274	146.239
146.459864	146.459864	146.460
146.692063	146.692063	146.692
146.912653	146.912653	146.913
147.133243	147.133243	147.133
147.353832	147.353832	147.354
147.574422	147.574422	147.574
147.795011	147.795011	147.795
148.015601	148.015601	148.016
148.236190	148.236190	148.236
148.468390	148.468390	148.468
148.677370	148.677370	148.677
148.897959	148.897959	148.898
149.141769	149.141769	149.142
149.350748	149.350748	149.351
149.582948	149.582948	149.583
149.780317	149.780317	149.780
150.012517	150.012517	150.013
150.233107	150.233107	150.233
150.453696	150.453696	150.454
150.674286	150.674286	150.674
150.906485	150.906485	150.906
151.127075	151.127075	151.127
151.347664	151.347664	151.348
151.568254	151.568254	151.568
151.788844	151.788844	151.789
152.009433	152.009433	152.009
152.218413	152.218413	152.218
152.450612	152.450612	152.451
152.671202	152.671202	152.671
152.891791	152.891791	152.892
153.123991	153.123991	153.124
153.344580	153.344580	153.345
153.553560	153.553560	153.554
153.785760	153.785760	153.786
153.994739	153.994739	153.995
154.226939	154.226939	154.227
154.447528	154.447528	154.448
154.668118	154.668118	154.668
154.877098	154.877098	154.877
155.109297	155.109297	155.109
155.341497	155.341497	155.341
155.562086	155.562086	155.562
155.759456	155.759456	155.759
155.991655	155.991655	155.992
156.223855	156.223855	156.224
156.456054	156.456054	156.456
156.665034	156.665034	156.665
156.885624	156.885624	156.886
157.106213	157.106213	157.106
157.338413	157.338413	157.338
157.559002	157.559002	157.559
157.779592	157.779592	157.780
157.988571	157.988571	157.989
158.093061	158.093061	158.093
158.220771	158.220771	158.221
158.418141	158.418141	158.418
158.661950	158.661950	158.662
158.882540	158.882540	158.883
159.114739	159.114739	159.115
159.312109	159.312109	159.312
159.544308	159.544308	159.544
159.764898	159.764898	159.765
159.997098	159.997098	159.997
160.206077	160.206077	160.206
160.426667	160.426667	160.427
160.647256	160.647256	160.647
160.879456	160.879456	160.879
161.100045	161.100045	161.100
161.320635	161.320635	161.321
161.529615	161.529615	161.530
161.634104	161.634104	161.634
161.761814	161.761814	161.762
161.994014	161.994014	161.994
162.202993	162.202993	162.203
162.423583	162.423583	162.424
162.655782	162.655782	162.656
162.864762	162.864762	162.865
163.096961	163.096961	163.097
163.317551	163.317551	163.318
163.549751	163.549751	163.550
163.758730	163.758730	163.759
163.979320	163.979320	163.979
164.199909	164.199909	164.200
164.432109	164.432109	164.432
164.652698	164.652698	164.653
164.861678	164.861678	164.862
165.093878	165.093878	165.094
165.314467	165.314467	165.314
165.488617	165.488617	165.489
165.546667	165.546667	165.547
165.755646	165.755646	165.756
165.976236	165.976236	165.976
166.208435	166.208435	166.208
166.405805	166.405805	166.406
166.638005	166.638005	166.638
166.870204	166.870204	166.870
167.090794	167.090794	167.091
167.299773	167.299773	167.300
167.520363	167.520363	167.520
167.740952	167.740952	167.741
167.961542	167.961542	167.962
168.182132	168.182132	168.182
168.414331	168.414331	168.414
168.646531	168.646531	168.647
168.855510	168.855510	168.856
169.087710	169.087710	169.088
169.296689	169.296689	169.297
169.517279	169.517279	169.517
169.749478	169.749478	169.749
169.958458	169.958458	169.958
170.179048	170.179048	170.179
170.399637	170.399637	170.400
170.620227	170.620227	170.620
170.736327	170.736327	170.736
170.840816	170.840816	170.841
171.049796	171.049796	171.050
171.281995	171.281995	171.282
171.514195	171.514195	171.514
171.746395	171.746395	171.746
171.955374	171.955374	171.955
172.245624	172.245624	172.246
172.396553	172.396553	172.397
172.547483	172.547483	172.547
172.686803	172.686803	172.687
172.837732	172.837732	172.838
172.988662	172.988662	172.989
173.116372	173.116372	173.116
173.290522	173.290522	173.291
173.429841	173.429841	173.430
173.580771	173.580771	173.581
173.731701	173.731701	173.732
173.859410	173.859410	173.859
174.021950	174.021950	174.022
174.172880	174.172880	174.173
174.312200	174.312200	174.312
174.439909	174.439909	174.440
174.602449	174.602449	174.602
174.753379	174.753379	174.753
174.892698	174.892698	174.893
175.043628	175.043628	175.044
175.206168	175.206168	175.206
175.345488	175.345488	175.345
175.496417	175.496417	175.496
175.798277	175.798277	175.798
175.937596	175.937596	175.938
176.100136	176.100136	176.100
176.239456	176.239456	176.239
176.390385	176.390385	176.390
176.541315	176.541315	176.541
176.669025	176.669025	176.669
176.808345	176.808345	176.808
176.970884	176.970884	176.971
177.121814	177.121814	177.122
177.284354	177.284354	177.284
177.412063	177.412063	177.412
177.562993	177.562993	177.563
177.737143	177.737143	177.737
177.853243	177.853243	177.853
177.992562	177.992562	177.993
178.039002	178.039002	178.039
178.143492	178.143492	178.143
178.294422	178.294422	178.294
178.433741	178.433741	178.434
178.573061	178.573061	178.573
178.747211	178.747211	178.747
178.944580	178.944580	178.945
179.072290	179.072290	179.072
179.130340	179.130340	179.130
179.966259	179.966259	179.966
180.941497	180.941497	180.941
181.115646	181.115646	181.116
181.313016	181.313016	181.313
182.009615	182.009615	182.010
183.855601	183.855601	183.856
184.169070	184.169070	184.169
184.761179	184.761179	184.761
185.539048	185.539048	185.539
187.826213	187.826213	187.826
