0.557279	0.557279	4
0.893968	0.893968	1
1.509297	1.509297	2
2.136236	2.136236	3
2.763175	2.763175	4
3.401723	3.401723	1
4.028662	4.028662	2
4.655601	4.655601	3
5.282540	5.282540	4
5.909478	5.909478	1
6.548027	6.548027	2
7.174966	7.174966	3
7.801905	7.801905	4
8.428844	8.428844	1
9.079002	9.079002	2
9.694331	9.694331	3
10.321270	10.321270	4
10.959819	10.959819	1
11.586757	11.586757	2
12.213696	12.213696	3
12.840635	12.840635	4
13.479184	13.479184	1
14.117732	14.117732	2
14.744671	14.744671	3
15.360000	15.360000	4
15.998549	15.998549	1
16.625488	16.625488	2
17.252426	17.252426	3
17.890975	17.890975	4
18.529524	18.529524	1
19.168073	19.168073	2
19.771791	19.771791	3
20.398730	20.398730	4
21.025669	21.025669	1
21.652608	21.652608	2
22.291156	22.291156	3
22.918095	22.918095	4
23.556644	23.556644	1
24.183583	24.183583	2
24.822132	24.822132	3
25.437460	25.437460	4
26.076009	26.076009	1
26.702948	26.702948	2
27.318277	27.318277	3
27.956825	27.956825	4
28.572154	28.572154	1
29.199093	29.199093	2
29.826032	29.826032	3
30.452971	30.452971	4
31.103129	31.103129	1
31.741678	31.741678	2
32.357007	32.357007	3
32.960726	32.960726	4
33.599274	33.599274	1
34.237823	34.237823	2
34.864762	34.864762	3
35.491701	35.491701	4
36.118639	36.118639	1
36.745578	36.745578	2
37.372517	37.372517	3
37.987846	37.987846	4
38.614785	38.614785	1
39.253333	39.253333	2
39.891882	39.891882	3
40.507211	40.507211	4
41.145760	41.145760	1
41.772698	41.772698	2
42.411247	42.411247	3
43.038186	43.038186	4
43.653515	43.653515	1
44.292063	44.292063	2
44.930612	44.930612	3
45.545941	45.545941	4
46.161270	46.161270	1
46.799819	46.799819	2
47.426757	47.426757	3
48.053696	48.053696	4
48.692245	48.692245	1
49.319184	49.319184	2
49.957732	49.957732	3
50.573061	50.573061	4
51.223220	51.223220	1
51.850159	51.850159	2
52.477098	52.477098	3
53.104036	53.104036	4
53.742585	53.742585	1
54.369524	54.369524	2
54.996463	54.996463	3
55.623401	55.623401	4
56.250340	56.250340	1
56.877279	56.877279	2
57.515828	57.515828	3
58.154376	58.154376	4
58.792925	58.792925	1
59.419864	59.419864	2
60.046803	60.046803	3
60.662132	60.662132	4
61.300680	61.300680	1
61.927619	61.927619	2
62.554558	62.554558	3
63.193107	63.193107	4
63.820045	63.820045	1
64.446984	64.446984	2
65.097143	65.097143	3
65.747302	65.747302	4
66.374240	66.374240	1
66.989569	66.989569	2
67.604898	67.604898	3
68.231837	68.231837	4
68.870385	68.870385	1
69.508934	69.508934	2
70.135873	70.135873	3
70.739592	70.739592	4
71.378141	71.378141	1
72.005079	72.005079	2
72.643628	72.643628	3
73.258957	73.258957	4
73.874286	73.874286	1
74.512834	74.512834	2
75.128163	75.128163	3
75.766712	75.766712	4
76.382041	76.382041	1
77.043810	77.043810	2
77.693968	77.693968	3
78.320907	78.320907	4
78.947846	78.947846	1
79.551565	79.551565	2
80.178503	80.178503	3
80.793832	80.793832	4
81.420771	81.420771	1
82.059320	82.059320	2
82.697868	82.697868	3
83.324807	83.324807	4
83.951746	83.951746	1
84.567075	84.567075	2
85.205624	85.205624	3
85.832562	85.832562	4
86.459501	86.459501	1
87.074830	87.074830	2
87.713379	87.713379	3
88.351927	88.351927	4
88.978866	88.978866	1
89.605805	89.605805	2
90.232744	90.232744	3
90.708753	90.708753	4
91.184762	91.184762	1
91.649161	91.649161	2
92.125170	92.125170	3
92.601179	92.601179	4
93.065578	93.065578	1
93.541587	93.541587	2
94.005986	94.005986	3
94.481995	94.481995	4
94.958005	94.958005	1
95.434014	95.434014	2
95.910023	95.910023	3
96.374422	96.374422	4
96.827211	96.827211	1
97.303220	97.303220	2
97.779229	97.779229	3
98.255238	98.255238	4
98.731247	98.731247	1
99.195646	99.195646	2
99.671655	99.671655	3
100.136054	100.136054	4
100.612063	100.612063	1
101.088073	101.088073	2
101.552472	101.552472	3
102.016871	102.016871	4
102.492880	102.492880	1
102.968889	102.968889	2
103.444898	103.444898	3
103.920907	103.920907	4
104.385306	104.385306	1
104.849705	104.849705	2
105.325714	105.325714	3
105.790113	105.790113	4
106.266122	106.266122	1
106.742132	106.742132	2
107.206531	107.206531	3
107.670930	107.670930	4
108.146939	108.146939	1
108.622948	108.622948	2
109.098957	109.098957	3
109.574966	109.574966	4
110.050975	110.050975	1
110.526984	110.526984	2
111.002993	111.002993	3
111.467392	111.467392	4
111.943401	111.943401	1
112.407800	112.407800	2
112.872200	112.872200	3
113.336599	113.336599	4
113.800998	113.800998	1
114.277007	114.277007	2
114.753016	114.753016	3
115.217415	115.217415	4
115.705034	115.705034	1
116.192653	116.192653	2
116.657052	116.657052	3
117.121451	117.121451	4
117.585850	117.585850	1
118.038639	118.038639	2
118.503039	118.503039	3
118.979048	118.979048	4
119.466667	119.466667	1
119.931066	119.931066	2
120.395465	120.395465	3
120.883084	120.883084	4
121.359093	121.359093	1
121.835102	121.835102	2
122.311111	122.311111	3
122.775510	122.775510	4
123.251519	123.251519	1
123.704308	123.704308	2
124.180317	124.180317	3
124.656327	124.656327	4
125.120726	125.120726	1
125.585125	125.585125	2
126.061134	126.061134	3
126.525533	126.525533	4
127.001542	127.001542	1
127.465941	127.465941	2
127.941950	127.941950	3
128.417959	128.417959	4
128.893968	128.893968	1
129.369977	129.369977	2
129.857596	129.857596	3
130.356825	130.356825	4
130.832834	130.832834	1
131.297234	131.297234	2
131.761633	131.761633	3
132.226032	132.226032	4
132.690431	132.690431	1
133.154830	133.154830	2
133.630839	133.630839	3
134.106848	134.106848	4
134.582857	134.582857	1
135.058866	135.058866	2
135.534875	135.534875	3
136.010884	136.010884	4
136.486893	136.486893	1
136.800363	136.800363	2
137.102222	137.102222	3
137.415692	137.415692	4
137.729161	137.729161	1
138.042630	138.042630	2
138.356100	138.356100	3
138.669569	138.669569	4
138.983039	138.983039	1
139.296508	139.296508	2
139.609977	139.609977	3
139.923447	139.923447	4
140.236916	140.236916	1
140.550385	140.550385	2
140.863855	140.863855	3
141.177324	141.177324	4
141.490794	141.490794	1
141.804263	141.804263	2
142.117732	142.117732	3
142.431202	142.431202	4
142.744671	142.744671	1
143.058141	143.058141	2
143.371610	143.371610	3
143.696689	143.696689	4
144.021769	144.021769	1
144.335238	144.335238	2
144.660317	144.660317	3
144.985397	144.985397	4
145.298866	145.298866	1
145.612336	145.612336	2
145.937415	145.937415	3
146.262494	146.262494	4
146.587574	146.587574	1
146.912653	146.912653	2
147.226122	147.226122	3
147.539592	147.539592	4
147.853061	147.853061	1
148.166531	148.166531	2
148.468390	148.468390	3
148.828299	148.828299	4
149.199819	149.199819	1
149.571338	149.571338	2
149.942857	149.942857	3
150.314376	150.314376	4
150.685896	150.685896	1
151.057415	151.057415	2
151.428934	151.428934	3
151.800454	151.800454	4
152.171973	152.171973	1
152.543492	152.543492	2
152.915011	152.915011	3
153.286531	153.286531	4
153.658050	153.658050	1
154.029569	154.029569	2
154.401088	154.401088	3
