0.600000	1.650000	78.000
0.600000	1.330000	61.000
0.760000	0.860000	68.000
0.760000	0.860000	66.000
0.910000	1.180000	69.000
0.910000	1.180000	64.000
1.230000	1.480000	66.000
1.230000	1.330000	68.000
1.380000	1.650000	64.000
1.380000	1.480000	69.000
1.530000	2.260000	76.000
1.530000	2.100000	81.000
1.530000	1.650000	61.000
1.700000	2.430000	78.000
1.700000	2.430000	73.000
1.700000	2.260000	64.000
1.700000	2.100000	93.000
1.700000	2.100000	69.000
1.700000	2.100000	62.000
2.150000	2.430000	85.000
2.150000	2.260000	68.000
2.310000	2.580000	69.000
2.310000	2.430000	76.000
2.480000	3.050000	74.000
2.480000	2.750000	76.000
2.480000	2.750000	71.000
2.480000	2.750000	62.000
2.630000	2.750000	83.000
2.630000	2.750000	66.000
2.800000	5.260000	81.000
2.800000	4.170000	78.000
2.800000	3.530000	71.000
2.800000	3.050000	69.000
2.800000	3.050000	62.000
3.100000	3.380000	74.000
3.100000	3.380000	66.000
3.100000	3.220000	61.000
3.270000	3.530000	93.000
3.270000	3.530000	62.000
3.430000	4.800000	85.000
3.430000	3.850000	74.000
3.430000	3.850000	57.000
3.580000	3.990000	61.000
3.580000	3.850000	69.000
3.580000	3.850000	66.000
3.900000	4.330000	73.000
3.900000	4.330000	66.000
3.900000	3.990000	69.000
4.040000	4.170000	68.000
4.040000	4.170000	61.000
4.220000	4.640000	69.000
4.220000	4.330000	78.000
4.380000	5.110000	73.000
4.380000	4.480000	78.000
4.530000	5.110000	78.000
4.530000	4.640000	68.000
4.530000	4.640000	66.000
4.530000	4.640000	61.000
4.690000	5.580000	69.000
4.690000	4.800000	93.000
4.690000	4.800000	76.000
4.850000	5.740000	90.000
4.850000	5.740000	85.000
4.850000	5.580000	61.000
4.850000	5.110000	66.000
5.160000	5.880000	78.000
5.160000	5.410000	64.000
5.160000	5.260000	73.000
5.310000	5.880000	81.000
5.310000	5.740000	73.000
5.460000	5.740000	64.000
5.630000	5.880000	76.000
5.630000	5.880000	69.000
5.630000	5.740000	62.000
5.790000	6.050000	64.000
5.790000	5.880000	73.000
5.930000	6.210000	78.000
5.930000	6.210000	73.000
5.930000	6.050000	76.000
5.930000	6.050000	61.000
6.100000	6.370000	69.000
6.100000	6.370000	62.000
6.100000	6.210000	76.000
6.260000	6.510000	71.000
6.260000	6.370000	76.000
6.420000	6.830000	62.000
6.420000	6.510000	59.000
6.560000	7.310000	81.000
6.560000	7.310000	78.000
6.560000	7.310000	74.000
6.560000	7.310000	69.000
6.560000	7.140000	71.000
6.880000	7.310000	62.000
6.880000	7.140000	61.000
7.190000	8.410000	85.000
7.190000	7.780000	57.000
7.360000	8.140000	81.000
7.360000	7.940000	69.000
7.360000	7.940000	66.000
7.360000	7.780000	78.000
7.360000	7.780000	73.000
7.830000	8.410000	78.000
7.830000	8.140000	73.000
7.990000	8.410000	61.000
7.990000	8.140000	69.000
7.990000	8.140000	66.000
8.190000	8.410000	81.000
8.460000	8.770000	69.000
8.460000	8.590000	81.000
8.640000	8.770000	81.000
8.640000	8.770000	78.000
8.640000	8.770000	66.000
8.820000	9.050000	81.000
8.820000	9.050000	78.000
8.820000	9.050000	69.000
8.820000	9.050000	64.000
9.100000	10.000000	88.000
9.100000	9.700000	78.000
9.100000	9.350000	81.000
9.400000	9.700000	93.000
9.400000	9.520000	81.000
9.400000	9.520000	69.000
9.570000	10.000000	81.000
9.570000	9.700000	64.000
9.750000	11.400000	93.000
9.750000	10.000000	78.000
9.750000	10.000000	62.000
9.750000	10.000000	61.000
10.050000	11.240000	86.000
10.050000	10.460000	78.000
10.050000	10.300000	81.000
10.050000	10.300000	59.000
10.350000	10.460000	81.000
10.350000	10.460000	69.000
10.350000	10.460000	61.000
10.510000	11.240000	74.000
10.510000	10.620000	81.000
10.510000	10.620000	78.000
10.670000	11.600000	78.000
10.670000	10.940000	81.000
10.670000	10.940000	66.000
10.990000	11.240000	81.000
10.990000	11.240000	57.000
11.290000	11.400000	81.000
11.450000	11.600000	81.000
11.650000	12.180000	78.000
11.650000	12.180000	61.000
11.650000	11.900000	69.000
11.650000	11.900000	57.000
11.950000	12.810000	85.000
11.950000	12.370000	73.000
11.950000	12.180000	81.000
12.230000	12.490000	69.000
12.230000	12.370000	81.000
12.230000	12.340000	64.000
12.420000	12.810000	81.000
12.420000	12.490000	78.000
12.420000	12.490000	73.000
12.540000	12.810000	78.000
12.710000	12.810000	64.000
12.860000	13.440000	88.000
12.860000	13.290000	81.000
12.860000	13.290000	78.000
12.860000	13.130000	85.000
12.860000	13.130000	61.000
13.180000	13.290000	76.000
13.180000	13.290000	73.000
13.340000	14.250000	76.000
13.340000	13.440000	81.000
13.340000	13.440000	78.000
13.340000	13.440000	73.000
13.340000	13.440000	64.000
13.490000	14.070000	88.000
13.490000	14.070000	62.000
13.490000	13.760000	81.000
13.490000	13.760000	78.000
13.810000	14.250000	81.000
13.810000	14.070000	78.000
13.810000	14.070000	74.000
13.810000	14.070000	73.000
13.810000	14.070000	66.000
14.120000	15.340000	93.000
14.120000	14.740000	69.000
14.120000	14.250000	71.000
14.120000	14.250000	61.000
14.300000	14.740000	74.000
14.300000	14.390000	81.000
14.440000	14.740000	81.000
14.440000	14.740000	78.000
14.440000	14.690000	66.000
14.790000	15.970000	66.000
14.790000	15.340000	78.000
14.790000	15.180000	85.000
14.790000	15.180000	73.000
14.790000	15.010000	81.000
14.790000	15.010000	57.000
15.060000	15.180000	81.000
15.060000	15.180000	71.000
15.060000	15.180000	61.000
15.230000	15.700000	85.000
15.230000	15.700000	73.000
15.230000	15.340000	90.000
15.230000	15.340000	81.000
15.390000	15.700000	81.000
15.390000	15.700000	78.000
15.390000	15.700000	61.000
15.390000	15.630000	90.000
15.680000	15.700000	90.000
15.750000	16.120000	78.000
15.750000	15.970000	90.000
15.750000	15.970000	81.000
16.020000	16.590000	81.000
16.020000	16.250000	69.000
16.020000	16.120000	90.000
16.170000	16.590000	90.000
16.170000	16.250000	78.000
16.170000	16.250000	66.000
16.300000	17.060000	78.000
16.300000	16.590000	76.000
16.300000	16.430000	88.000
16.300000	16.430000	68.000
16.480000	16.590000	88.000
16.480000	16.590000	86.000
16.480000	16.590000	74.000
16.480000	16.590000	69.000
16.640000	17.530000	73.000
16.640000	16.910000	92.000
16.640000	16.910000	85.000
16.640000	16.910000	76.000
16.640000	16.910000	61.000
16.960000	17.530000	76.000
16.960000	17.220000	88.000
16.960000	17.060000	85.000
17.110000	17.380000	85.000
17.270000	18.000000	71.000
17.270000	17.530000	83.000
17.270000	17.380000	90.000
17.270000	17.380000	64.000
17.430000	17.530000	81.000
17.430000	17.530000	69.000
17.430000	17.530000	62.000
17.580000	18.160000	74.000
17.580000	18.000000	90.000
17.580000	17.850000	83.000
17.900000	18.000000	83.000
18.050000	18.490000	71.000
18.050000	18.310000	83.000
18.050000	18.160000	90.000
18.210000	19.420000	73.000
18.210000	18.310000	92.000
18.210000	18.310000	85.000
18.210000	18.310000	76.000
18.360000	18.490000	83.000
18.360000	18.490000	69.000
18.540000	18.950000	30.000
18.540000	18.790000	66.000
18.540000	18.790000	61.000
18.840000	18.950000	66.000
19.000000	19.110000	66.000
19.160000	19.740000	66.000
19.470000	20.040000	81.000
19.470000	19.900000	85.000
19.470000	19.900000	42.000
19.470000	19.740000	78.000
19.790000	20.360000	78.000
19.790000	19.900000	90.000
19.790000	19.900000	66.000
19.950000	20.200000	90.000
19.950000	20.040000	85.000
20.090000	20.200000	88.000
20.090000	20.200000	83.000
20.250000	20.360000	86.000
20.250000	20.360000	69.000
20.250000	20.360000	64.000
20.410000	20.830000	80.000
20.410000	20.830000	76.000
20.410000	20.680000	85.000
20.730000	20.830000	85.000
20.880000	21.300000	76.000
20.880000	21.150000	85.000
20.880000	21.150000	64.000
20.880000	20.990000	61.000
21.040000	21.300000	78.000
21.040000	21.150000	73.000
21.200000	21.300000	83.000
21.200000	21.300000	69.000
21.200000	21.300000	62.000
21.350000	21.930000	90.000
21.350000	21.930000	74.000
21.350000	21.620000	83.000
21.350000	21.620000	80.000
21.670000	21.930000	86.000
21.670000	21.770000	83.000
21.670000	21.770000	66.000
21.820000	22.260000	83.000
21.820000	21.930000	81.000
21.820000	21.930000	71.000
21.980000	24.110000	85.000
21.980000	23.200000	66.000
21.980000	23.200000	61.000
21.980000	22.260000	76.000
21.980000	22.260000	71.000
21.980000	22.260000	62.000
22.310000	22.880000	78.000
22.310000	22.880000	73.000
22.310000	22.610000	76.000
22.310000	22.610000	42.000
22.660000	22.880000	42.000
22.820000	23.970000	54.000
22.930000	23.280000	78.000
22.930000	23.280000	42.000
22.930000	23.200000	73.000
23.250000	24.470000	66.000
23.330000	23.820000	73.000
23.330000	23.820000	42.000
23.330000	23.540000	78.000
23.590000	23.820000	78.000
23.870000	23.970000	78.000
23.870000	23.970000	73.000
23.870000	23.970000	42.000
24.020000	24.470000	78.000
24.020000	24.470000	54.000
24.200000	24.470000	73.000
24.200000	24.470000	57.000
24.200000	24.470000	42.000
24.520000	24.760000	78.000
24.520000	24.760000	71.000
24.520000	24.760000	40.000
24.810000	25.140000	61.000
24.810000	25.070000	52.000
24.810000	25.070000	38.000
25.190000	25.400000	81.000
25.190000	25.400000	74.000
25.190000	25.400000	38.000
25.190000	25.400000	37.000
25.450000	26.030000	64.000
25.450000	25.720000	76.000
25.450000	25.630000	35.000
25.680000	25.720000	35.000
25.770000	26.030000	90.000
25.770000	26.030000	54.000
25.770000	26.030000	45.000
26.080000	26.330000	92.000
26.080000	26.330000	83.000
26.080000	26.330000	56.000
26.380000	26.640000	78.000
26.380000	26.640000	69.000
26.380000	26.640000	30.000
26.690000	27.810000	29.000
26.690000	26.980000	83.000
26.690000	26.980000	52.000
27.030000	27.400000	49.000
27.860000	27.920000	29.000
27.970000	28.860000	81.000
27.970000	28.540000	66.000
27.970000	28.540000	61.000
27.970000	28.540000	30.000
28.590000	29.170000	78.000
28.910000	29.470000	28.000
28.910000	29.170000	81.000
28.910000	29.170000	66.000
29.370000	29.800000	81.000
29.520000	30.110000	78.000
29.520000	29.800000	69.000
29.850000	29.970000	81.000
30.020000	31.210000	81.000
30.160000	30.740000	26.000
30.160000	30.420000	78.000
30.160000	30.420000	73.000
30.160000	30.420000	57.000
30.470000	30.740000	78.000
30.790000	31.690000	25.000
30.790000	31.370000	76.000
30.790000	31.370000	37.000
30.790000	31.210000	69.000
31.260000	32.140000	81.000
31.420000	32.140000	78.000
31.420000	31.690000	69.000
31.740000	32.620000	23.000
31.740000	32.140000	69.000
31.740000	32.140000	54.000
32.190000	32.620000	69.000
32.190000	32.300000	81.000
32.350000	33.080000	81.000
32.350000	32.620000	78.000
32.350000	32.620000	36.000
32.670000	33.560000	25.000
32.670000	33.080000	64.000
32.670000	32.950000	69.000
33.130000	33.560000	81.000
33.290000	33.890000	90.000
33.290000	33.890000	78.000
33.610000	34.510000	81.000
33.940000	34.510000	26.000
33.940000	34.190000	62.000
33.940000	34.190000	57.000
34.240000	34.510000	78.000
34.240000	34.510000	38.000
34.560000	35.150000	27.000
34.560000	34.990000	81.000
34.560000	34.850000	73.000
35.040000	35.150000	81.000
35.200000	35.460000	78.000
35.200000	35.460000	71.000
35.200000	35.460000	68.000
35.200000	35.460000	28.000
35.510000	36.090000	73.000
35.510000	35.800000	69.000
35.510000	35.800000	30.000
35.850000	35.940000	68.000
35.990000	36.090000	30.000
36.140000	37.020000	81.000
36.140000	37.020000	78.000
36.140000	36.410000	66.000
36.460000	38.280000	69.000
36.460000	37.020000	66.000
36.460000	37.020000	28.000
36.460000	36.720000	73.000
36.770000	37.340000	85.000
37.070000	37.340000	83.000
37.070000	37.340000	78.000
37.070000	37.340000	66.000
37.390000	38.900000	81.000
37.390000	37.960000	85.000
37.390000	37.650000	93.000
37.390000	37.650000	78.000
37.700000	38.280000	26.000
37.700000	37.960000	73.000
37.700000	37.960000	57.000
38.010000	38.280000	78.000
38.010000	38.280000	66.000
38.330000	38.900000	78.000
38.330000	38.900000	73.000
38.330000	38.900000	69.000
38.330000	38.900000	68.000
38.330000	38.900000	64.000
38.330000	38.900000	25.000
38.950000	39.550000	81.000
38.950000	39.230000	78.000
38.950000	39.230000	38.000
39.280000	39.700000	78.000
39.280000	39.700000	73.000
39.280000	39.550000	93.000
39.280000	39.550000	57.000
39.280000	39.550000	42.000
39.280000	39.550000	35.000
39.600000	39.850000	23.000
39.600000	39.700000	68.000
39.750000	39.850000	93.000
39.900000	40.800000	81.000
39.900000	40.180000	85.000
39.900000	40.180000	78.000
40.230000	41.120000	25.000
40.230000	40.650000	76.000
40.230000	40.650000	69.000
40.540000	40.650000	68.000
40.700000	41.120000	69.000
40.850000	41.740000	78.000
40.850000	41.440000	90.000
40.850000	41.270000	66.000
40.850000	41.120000	81.000
41.170000	41.440000	69.000
41.170000	41.270000	81.000
41.320000	41.740000	85.000
41.320000	41.740000	81.000
41.320000	41.440000	93.000
41.490000	43.020000	66.000
41.490000	42.060000	69.000
41.490000	42.060000	26.000
41.490000	41.740000	73.000
41.790000	42.060000	81.000
41.790000	42.060000	78.000
42.110000	43.020000	78.000
42.110000	43.020000	27.000
42.110000	42.550000	81.000
42.110000	42.390000	85.000
42.110000	42.390000	71.000
42.440000	42.700000	71.000
42.750000	43.530000	71.000
42.750000	43.020000	85.000
42.750000	43.020000	69.000
43.070000	44.420000	56.000
43.070000	43.630000	87.000
43.070000	43.630000	40.000
43.070000	43.530000	92.000
43.580000	43.950000	64.000
43.580000	43.630000	68.000
43.680000	44.420000	75.000
43.680000	43.950000	68.000
43.680000	43.950000	32.000
44.000000	44.570000	68.000
44.000000	44.420000	37.000
44.470000	44.890000	49.000
44.470000	44.570000	64.000
44.620000	44.890000	37.000
44.620000	44.730000	68.000
44.780000	45.860000	57.000
44.940000	46.630000	54.000
44.940000	45.860000	85.000
44.940000	45.370000	38.000
45.420000	45.860000	66.000
45.840000	45.860000	73.000
45.910000	46.780000	74.000
45.910000	46.780000	62.000
45.910000	46.780000	35.000
45.910000	46.630000	71.000
45.910000	46.630000	67.000
45.910000	46.630000	66.000
45.910000	46.630000	64.000
46.680000	47.740000	67.000
46.680000	47.400000	71.000
46.830000	47.260000	48.000
46.830000	47.260000	36.000
47.310000	47.740000	64.000
47.310000	47.400000	55.000
47.310000	47.400000	48.000
47.450000	48.000000	71.000
47.450000	47.740000	31.000
47.790000	48.750000	33.000
47.790000	48.000000	67.000
47.790000	48.000000	64.000
48.050000	48.750000	72.000
48.050000	48.690000	67.000
48.050000	48.690000	64.000
48.800000	49.640000	59.000
48.800000	49.450000	62.000
48.800000	49.450000	32.000
48.800000	49.300000	93.000
48.800000	49.300000	64.000
49.500000	49.640000	78.000
49.500000	49.640000	66.000
49.690000	50.180000	61.000
49.690000	50.050000	66.000
49.690000	50.050000	25.000
49.690000	49.960000	65.000
50.100000	50.260000	66.000
50.100000	50.260000	27.000
50.310000	50.930000	61.000
50.310000	50.930000	29.000
50.310000	50.890000	68.000
50.310000	50.890000	66.000
50.980000	51.190000	69.000
50.980000	51.040000	78.000
50.980000	51.040000	64.000
51.090000	51.510000	78.000
51.090000	51.350000	61.000
51.240000	51.510000	66.000
51.240000	51.350000	68.000
51.400000	51.670000	64.000
51.560000	52.610000	76.000
51.560000	51.820000	61.000
51.560000	51.670000	68.000
51.720000	51.980000	64.000
51.720000	51.820000	68.000
51.870000	52.140000	69.000
51.870000	51.980000	62.000
52.030000	52.300000	64.000
52.190000	52.300000	68.000
52.190000	52.300000	61.000
52.350000	52.610000	69.000
52.350000	52.610000	62.000
52.500000	52.930000	74.000
52.500000	52.770000	71.000
52.660000	52.930000	66.000
52.660000	52.770000	62.000
52.660000	52.770000	59.000
52.820000	52.930000	69.000
52.820000	52.930000	61.000
52.980000	53.560000	74.000
52.980000	53.080000	69.000
52.980000	53.080000	62.000
53.130000	53.400000	66.000
53.130000	53.240000	61.000
53.290000	54.020000	69.000
53.290000	53.560000	62.000
53.450000	53.870000	57.000
53.450000	53.560000	93.000
53.610000	54.020000	61.000
53.610000	53.870000	66.000
53.920000	54.350000	78.000
53.920000	54.350000	73.000
53.920000	54.350000	66.000
54.070000	54.350000	61.000
54.070000	54.190000	68.000
54.240000	54.500000	69.000
54.400000	55.120000	78.000
54.400000	54.820000	73.000
54.400000	54.660000	61.000
54.550000	54.660000	68.000
54.550000	54.660000	66.000
54.710000	54.970000	69.000
54.710000	54.820000	76.000
54.710000	54.820000	64.000
54.870000	55.750000	90.000
54.870000	55.120000	73.000
54.870000	55.120000	66.000
55.020000	55.280000	61.000
55.020000	55.120000	68.000
55.170000	55.440000	78.000
55.170000	55.440000	64.000
55.330000	56.390000	81.000
55.330000	55.600000	61.000
55.490000	56.070000	78.000
55.490000	55.750000	64.000
55.650000	55.910000	69.000
55.650000	55.750000	62.000
55.800000	56.070000	64.000
55.960000	56.070000	68.000
55.960000	56.070000	61.000
56.120000	56.390000	69.000
56.120000	56.390000	62.000
56.120000	56.230000	78.000
56.120000	56.230000	76.000
56.280000	56.540000	59.000
56.280000	56.390000	93.000
56.440000	56.700000	62.000
56.440000	56.540000	66.000
56.590000	57.010000	69.000
56.750000	57.170000	74.000
56.750000	56.860000	62.000
56.910000	57.960000	81.000
56.910000	57.170000	71.000
56.910000	57.010000	66.000
57.060000	57.640000	78.000
57.060000	57.340000	69.000
57.060000	57.340000	62.000
57.220000	58.600000	85.000
57.220000	57.640000	57.000
57.220000	57.340000	73.000
57.390000	57.960000	69.000
57.390000	57.640000	73.000
57.390000	57.640000	66.000
57.690000	58.130000	73.000
57.690000	58.130000	61.000
57.690000	57.960000	78.000
57.690000	57.960000	66.000
58.010000	58.760000	78.000
58.010000	58.130000	69.000
58.010000	58.130000	66.000
58.180000	58.760000	73.000
58.180000	58.600000	66.000
58.180000	58.440000	81.000
58.180000	58.440000	61.000
58.490000	58.760000	69.000
58.490000	58.600000	81.000
58.650000	59.390000	66.000
58.650000	59.070000	81.000
58.650000	58.760000	61.000
58.810000	59.390000	64.000
58.810000	59.070000	90.000
58.810000	59.070000	78.000
58.810000	59.070000	73.000
58.810000	59.070000	69.000
59.120000	59.690000	76.000
59.120000	59.540000	81.000
59.120000	59.540000	78.000
59.440000	59.690000	73.000
59.440000	59.540000	69.000
59.440000	59.540000	62.000
59.590000	60.020000	81.000
59.590000	59.690000	64.000
59.740000	60.630000	66.000
59.740000	60.020000	78.000
59.740000	60.020000	76.000
59.740000	60.020000	73.000
59.740000	60.020000	69.000
59.740000	60.020000	61.000
60.070000	60.630000	78.000
60.070000	60.480000	81.000
60.070000	60.330000	74.000
60.070000	60.330000	59.000
60.380000	60.630000	69.000
60.380000	60.630000	61.000
60.380000	60.480000	74.000
60.530000	60.630000	81.000
60.530000	60.630000	74.000
60.680000	61.410000	69.000
60.680000	60.970000	78.000
60.680000	60.970000	73.000
60.680000	60.970000	66.000
60.680000	60.970000	62.000
61.020000	61.560000	78.000
61.020000	61.560000	61.000
61.020000	61.410000	73.000
61.020000	61.410000	66.000
61.020000	61.260000	81.000
61.020000	61.260000	57.000
61.310000	61.410000	90.000
61.310000	61.410000	81.000
61.460000	62.220000	90.000
61.460000	62.220000	66.000
61.460000	61.740000	69.000
61.460000	61.560000	81.000
61.460000	61.560000	73.000
61.610000	61.900000	78.000
61.610000	61.900000	73.000
61.610000	61.900000	57.000
61.790000	61.900000	69.000
61.950000	62.360000	81.000
61.950000	62.360000	78.000
61.950000	62.360000	73.000
61.950000	62.220000	74.000
62.270000	62.530000	66.000
62.270000	62.360000	69.000
62.270000	62.360000	64.000
62.410000	63.480000	73.000
62.410000	62.840000	81.000
62.410000	62.680000	61.000
62.410000	62.530000	78.000
62.580000	63.620000	66.000
62.580000	62.840000	78.000
62.730000	62.840000	90.000
62.730000	62.840000	69.000
62.730000	62.840000	64.000
62.890000	63.480000	78.000
62.890000	63.150000	85.000
62.890000	63.150000	81.000
62.890000	63.150000	76.000
62.890000	63.150000	61.000
63.200000	63.780000	69.000
63.200000	63.480000	93.000
63.200000	63.310000	76.000
63.360000	63.780000	81.000
63.360000	63.480000	76.000
63.360000	63.480000	64.000
63.530000	63.780000	78.000
63.530000	63.620000	73.000
63.670000	64.740000	66.000
63.670000	63.780000	73.000
63.830000	64.260000	81.000
63.830000	64.260000	78.000
63.830000	64.260000	74.000
63.830000	64.110000	73.000
63.830000	64.110000	59.000
64.160000	64.260000	73.000
64.160000	64.260000	69.000
64.160000	64.260000	62.000
64.310000	64.740000	81.000
64.310000	64.740000	62.000
64.310000	64.420000	78.000
64.310000	64.420000	74.000
64.470000	64.740000	90.000
64.470000	64.740000	78.000
64.470000	64.740000	73.000
64.790000	65.350000	73.000
64.790000	65.200000	78.000
64.790000	65.040000	93.000
64.790000	65.040000	81.000
64.790000	65.040000	57.000
65.090000	65.350000	69.000
65.090000	65.350000	61.000
65.090000	65.200000	81.000
65.250000	65.350000	81.000
65.250000	65.350000	78.000
65.400000	66.620000	81.000
65.400000	65.680000	78.000
65.400000	65.680000	73.000
65.400000	65.680000	69.000
65.730000	66.010000	93.000
65.730000	66.010000	90.000
65.730000	66.010000	78.000
65.730000	66.010000	69.000
65.730000	66.010000	66.000
66.060000	66.290000	69.000
66.060000	66.160000	93.000
66.060000	66.160000	90.000
66.060000	66.160000	78.000
66.210000	66.620000	90.000
66.210000	66.620000	78.000
66.210000	66.290000	93.000
66.210000	66.290000	66.000
66.340000	66.460000	88.000
66.340000	66.460000	68.000
66.510000	66.620000	86.000
66.510000	66.620000	74.000
66.510000	66.620000	66.000
66.510000	66.620000	64.000
66.670000	67.090000	64.000
66.670000	66.930000	85.000
66.670000	66.930000	76.000
66.670000	66.930000	61.000
66.980000	67.560000	76.000
66.980000	67.250000	69.000
66.980000	67.090000	85.000
66.980000	67.090000	73.000
67.140000	67.400000	64.000
67.140000	67.250000	85.000
67.140000	67.250000	73.000
67.300000	67.400000	83.000
67.300000	67.400000	74.000
67.300000	67.400000	71.000
67.450000	68.180000	62.000
67.450000	68.030000	81.000
67.450000	67.560000	73.000
67.450000	67.560000	69.000
67.610000	67.880000	90.000
67.610000	67.880000	83.000
67.610000	67.880000	74.000
67.930000	68.180000	69.000
67.930000	68.030000	83.000
67.930000	68.030000	74.000
67.930000	68.030000	71.000
68.080000	68.520000	71.000
68.080000	68.340000	83.000
68.080000	68.180000	74.000
68.230000	68.520000	64.000
68.230000	68.340000	85.000
68.230000	68.340000	76.000
68.230000	68.340000	73.000
68.230000	68.340000	66.000
68.390000	68.520000	83.000
68.390000	68.520000	74.000
68.570000	69.450000	78.000
68.570000	68.820000	73.000
68.570000	68.820000	42.000
68.870000	69.130000	73.000
68.870000	69.130000	66.000
68.870000	69.130000	30.000
69.180000	70.070000	66.000
69.180000	69.450000	73.000
69.500000	70.220000	85.000
69.500000	69.920000	78.000
69.500000	69.920000	42.000
69.500000	69.760000	69.000
69.810000	70.070000	69.000
69.810000	69.920000	90.000
69.970000	70.070000	90.000
69.970000	70.070000	78.000
70.120000	70.220000	88.000
70.120000	70.220000	80.000
70.270000	70.700000	69.000
70.270000	70.400000	74.000
70.270000	70.400000	66.000
70.270000	70.400000	64.000
70.450000	71.010000	61.000
70.450000	70.860000	64.000
70.450000	70.700000	85.000
70.750000	71.010000	85.000
70.750000	71.010000	76.000
70.750000	70.860000	73.000
70.910000	71.170000	64.000
70.910000	71.010000	73.000
71.060000	71.170000	78.000
71.060000	71.170000	74.000
71.060000	71.170000	71.000
71.220000	71.330000	73.000
71.220000	71.330000	69.000
71.380000	71.950000	83.000
71.380000	71.950000	59.000
71.380000	71.780000	74.000
71.380000	71.780000	66.000
71.380000	71.630000	93.000
71.680000	71.780000	71.000
71.830000	72.090000	71.000
71.830000	71.950000	74.000
72.000000	72.270000	83.000
72.000000	72.090000	85.000
72.000000	72.090000	76.000
72.000000	72.090000	61.000
72.140000	72.270000	71.000
72.140000	72.270000	69.000
72.140000	72.270000	62.000
72.320000	72.600000	78.000
72.320000	72.600000	73.000
72.320000	72.600000	42.000
72.650000	73.730000	42.000
72.650000	73.230000	73.000
72.650000	72.900000	78.000
72.820000	73.560000	66.000
72.950000	74.500000	85.000
72.950000	73.230000	78.000
73.280000	73.850000	73.000
73.280000	73.730000	78.000
73.610000	74.450000	66.000
73.610000	73.850000	30.000
73.780000	73.850000	78.000
73.780000	73.850000	42.000
73.900000	74.180000	78.000
73.900000	74.180000	42.000
73.900000	74.140000	73.000
74.230000	74.500000	78.000
74.230000	74.500000	73.000
74.230000	74.500000	42.000
74.230000	74.450000	69.000
74.550000	74.780000	80.000
74.550000	74.780000	78.000
74.550000	74.780000	71.000
74.550000	74.780000	42.000
74.550000	74.780000	40.000
74.830000	75.650000	69.000
74.830000	75.100000	64.000
74.830000	75.100000	61.000
74.830000	75.100000	38.000
75.150000	75.420000	86.000
75.150000	75.420000	81.000
75.150000	75.420000	66.000
75.150000	75.420000	50.000
75.150000	75.420000	37.000
75.470000	75.850000	76.000
75.470000	75.850000	73.000
75.470000	75.650000	35.000
75.700000	75.740000	47.000
75.790000	76.050000	54.000
75.900000	76.050000	66.000
75.900000	76.050000	33.000
76.100000	76.360000	71.000
76.100000	76.360000	68.000
76.100000	76.360000	32.000
76.410000	76.660000	78.000
76.410000	76.660000	74.000
76.410000	76.660000	69.000
76.710000	77.840000	29.000
76.710000	77.680000	80.000
76.710000	77.540000	71.000
76.710000	77.540000	30.000
77.890000	77.930000	29.000
77.980000	79.350000	66.000
77.980000	78.600000	81.000
77.980000	78.600000	61.000
77.980000	78.600000	30.000
78.650000	78.880000	81.000
78.650000	78.880000	78.000
78.930000	79.500000	28.000
78.930000	79.350000	85.000
78.930000	79.350000	81.000
78.930000	79.350000	78.000
79.400000	79.820000	81.000
79.550000	80.760000	78.000
79.550000	79.820000	90.000
79.870000	81.230000	81.000
79.870000	80.140000	90.000
80.190000	80.760000	66.000
80.190000	80.760000	62.000
80.190000	80.760000	57.000
80.190000	80.760000	26.000
80.810000	81.710000	69.000
80.810000	81.710000	25.000
81.280000	82.170000	81.000
81.440000	81.710000	78.000
81.760000	83.590000	69.000
81.760000	82.650000	23.000
81.760000	82.170000	54.000
82.220000	82.320000	81.000
82.370000	82.650000	90.000
82.370000	82.650000	81.000
82.370000	82.650000	78.000
82.700000	83.270000	81.000
82.700000	83.270000	25.000
82.700000	83.110000	71.000
82.700000	83.110000	64.000
83.320000	83.900000	90.000
83.320000	83.900000	78.000
83.320000	83.590000	81.000
83.640000	84.210000	81.000
83.950000	84.540000	66.000
83.950000	84.540000	26.000
83.950000	84.210000	69.000
83.950000	84.210000	62.000
84.260000	84.540000	81.000
84.260000	84.540000	78.000
84.260000	84.540000	38.000
84.590000	85.170000	27.000
84.590000	85.010000	81.000
84.590000	84.870000	78.000
85.060000	85.170000	81.000
85.220000	85.480000	71.000
85.220000	85.480000	64.000
85.220000	85.480000	28.000
85.530000	86.120000	69.000
85.530000	85.970000	73.000
85.530000	85.810000	66.000
85.530000	85.810000	30.000
86.020000	86.430000	42.000
86.020000	86.120000	81.000
86.170000	87.040000	81.000
86.170000	86.430000	78.000
86.480000	87.370000	85.000
86.480000	87.040000	78.000
86.480000	87.040000	28.000
86.480000	86.740000	69.000
86.790000	87.680000	69.000
87.090000	87.680000	66.000
87.090000	87.370000	81.000
87.090000	87.370000	78.000
87.420000	88.930000	81.000
87.420000	87.680000	93.000
87.420000	87.680000	88.000
87.420000	87.680000	85.000
87.420000	87.680000	78.000
87.730000	88.620000	85.000
87.730000	88.300000	69.000
87.730000	88.300000	26.000
88.040000	88.300000	78.000
88.040000	88.300000	66.000
88.350000	89.580000	69.000
88.350000	88.620000	37.000
88.670000	89.260000	85.000
88.670000	89.260000	25.000
88.670000	88.930000	68.000
88.980000	89.720000	78.000
88.980000	89.260000	81.000
89.310000	89.580000	81.000
89.310000	89.580000	74.000
89.310000	89.580000	54.000
89.310000	89.580000	23.000
89.630000	89.880000	35.000
89.630000	89.720000	68.000
89.770000	90.510000	69.000
89.770000	89.880000	23.000
89.930000	90.830000	81.000
89.930000	90.510000	78.000
90.260000	91.150000	25.000
90.260000	90.510000	93.000
90.260000	90.510000	88.000
90.260000	90.510000	57.000
90.560000	90.670000	68.000
90.720000	91.150000	69.000
90.880000	91.460000	90.000
90.880000	91.460000	78.000
90.880000	91.150000	81.000
90.880000	91.150000	49.000
91.200000	92.090000	85.000
91.200000	91.770000	93.000
91.200000	91.770000	81.000
91.200000	91.460000	69.000
91.510000	92.090000	26.000
91.510000	91.770000	78.000
91.510000	91.770000	73.000
91.510000	91.770000	69.000
91.820000	92.090000	81.000
91.820000	92.090000	78.000
92.140000	93.280000	78.000
92.140000	93.280000	71.000
92.140000	93.040000	27.000
92.140000	92.570000	85.000
92.140000	92.570000	81.000
92.930000	93.040000	69.000
93.090000	94.300000	56.000
93.090000	93.660000	40.000
93.090000	93.280000	92.000
93.330000	93.980000	92.000
93.330000	93.480000	71.000
93.530000	93.660000	68.000
93.530000	93.550000	52.000
93.710000	94.300000	75.000
93.710000	93.980000	68.000
93.710000	93.980000	39.000
93.710000	93.980000	32.000
94.030000	94.920000	37.000
94.030000	94.600000	68.000
94.030000	94.300000	64.000
94.350000	94.600000	64.000
94.500000	94.600000	66.000
94.650000	94.760000	68.000
94.810000	95.400000	57.000
94.970000	96.490000	54.000
94.970000	95.400000	38.000
94.970000	95.220000	85.000
95.270000	95.860000	85.000
95.450000	96.490000	66.000
95.450000	95.860000	73.000
95.450000	95.860000	69.000
95.910000	96.630000	64.000
95.910000	96.490000	81.000
95.910000	96.490000	74.000
95.910000	96.490000	43.000
95.910000	96.490000	35.000
96.540000	96.630000	66.000
96.680000	97.760000	67.000
96.680000	96.800000	35.000
96.850000	98.710000	76.000
96.850000	97.130000	71.000
96.850000	97.130000	36.000
97.180000	97.440000	64.000
97.180000	97.440000	48.000
97.180000	97.280000	71.000
97.330000	97.760000	71.000
97.330000	97.440000	55.000
97.490000	98.710000	64.000
97.490000	97.760000	31.000
97.810000	98.710000	72.000
97.810000	98.710000	67.000
97.810000	98.710000	33.000
98.760000	99.470000	32.000
98.760000	98.990000	78.000
98.760000	98.990000	69.000
98.760000	98.990000	62.000
99.040000	99.310000	64.000
99.040000	99.310000	62.000
99.360000	99.470000	66.000
99.520000	99.650000	66.000
99.610000	99.650000	78.000
99.700000	100.260000	61.000
99.700000	99.930000	66.000
99.700000	99.930000	65.000
99.700000	99.930000	25.000
99.980000	100.260000	66.000
99.980000	100.260000	27.000
100.310000	100.570000	78.000
100.310000	100.570000	68.000
100.310000	100.570000	29.000
100.620000	101.050000	68.000
100.620000	100.910000	63.000
100.620000	100.910000	61.000
100.960000	101.210000	65.000
100.960000	101.050000	77.000
101.100000	101.360000	78.000
101.100000	101.360000	73.000
101.100000	101.360000	66.000
101.260000	101.360000	92.000
101.260000	101.360000	68.000
101.410000	101.530000	93.000
101.410000	101.530000	81.000
101.410000	101.530000	73.000
101.410000	101.530000	65.000
101.580000	102.480000	73.000
101.580000	101.680000	66.000
101.730000	102.150000	61.000
101.890000	102.150000	71.000
102.200000	102.640000	66.000
102.200000	102.640000	61.000
102.200000	102.480000	57.000
102.200000	102.480000	30.000
102.530000	102.940000	57.000
102.690000	102.940000	64.000
102.690000	102.940000	30.000
102.840000	103.100000	66.000
102.990000	103.100000	92.000
102.990000	103.100000	78.000
103.150000	103.240000	93.000
103.290000	103.420000	71.000
103.470000	103.710000	71.000
103.620000	103.710000	68.000
103.760000	104.350000	78.000
103.760000	104.130000	73.000
103.760000	104.130000	41.000
103.760000	104.040000	71.000
103.760000	104.040000	68.000
104.180000	105.360000	73.000
104.180000	104.350000	42.000
104.400000	107.790000	78.000
104.400000	105.300000	61.000
104.400000	105.010000	69.000
104.400000	105.010000	30.000
105.060000	105.360000	66.000
105.060000	105.360000	49.000
105.410000	105.930000	66.000
105.410000	105.430000	69.000
105.480000	107.790000	85.000
105.480000	106.370000	50.000
105.480000	106.240000	69.000
105.480000	106.240000	62.000
105.480000	105.930000	81.000
105.480000	105.930000	54.000
105.980000	106.370000	66.000
105.980000	106.240000	81.000
106.290000	106.370000	63.000
106.420000	107.180000	63.000
106.420000	106.870000	66.000
106.420000	106.730000	81.000
106.420000	106.730000	69.000
106.420000	106.730000	51.000
106.780000	107.270000	69.000
106.920000	107.270000	66.000
106.920000	107.180000	54.000
106.920000	107.180000	51.000
107.320000	107.940000	61.000
107.320000	107.940000	52.000
107.320000	107.790000	81.000
107.320000	107.790000	69.000
107.320000	107.790000	54.000
107.840000	108.120000	69.000
107.840000	107.940000	78.000
107.840000	107.940000	66.000
107.990000	108.120000	78.000
107.990000	108.120000	73.000
107.990000	108.120000	66.000
108.170000	109.080000	78.000
108.170000	108.880000	81.000
108.170000	108.880000	76.000
108.170000	108.880000	73.000
108.170000	108.880000	69.000
108.170000	108.880000	66.000
108.170000	108.880000	62.000
108.170000	108.880000	35.000
108.930000	110.020000	73.000
108.930000	109.080000	66.000
109.130000	110.510000	57.000
109.130000	110.090000	78.000
109.130000	110.020000	52.000
109.130000	110.020000	37.000
110.140000	110.650000	78.000
110.140000	110.650000	38.000
110.140000	110.200000	69.000
110.250000	110.510000	69.000
110.250000	110.510000	68.000
110.560000	110.650000	68.000
110.700000	111.000000	38.000
110.700000	110.850000	78.000
110.900000	111.000000	78.000
111.050000	111.280000	74.000
111.050000	111.280000	65.000
111.050000	111.280000	25.000
111.330000	111.920000	71.000
111.330000	111.590000	73.000
111.330000	111.590000	66.000
111.330000	111.590000	27.000
111.640000	113.160000	73.000
111.640000	111.920000	68.000
111.640000	111.920000	66.000
111.640000	111.920000	29.000
111.970000	112.990000	30.000
111.970000	112.690000	68.000
111.970000	112.240000	66.000
111.970000	112.240000	61.000
112.290000	112.990000	66.000
112.290000	112.540000	61.000
112.590000	112.690000	61.000
112.740000	112.990000	61.000
112.740000	112.870000	68.000
112.920000	113.460000	42.000
113.040000	113.300000	66.000
113.040000	113.160000	61.000
113.040000	113.160000	35.000
113.210000	113.780000	54.000
113.210000	113.460000	47.000
113.350000	114.110000	66.000
113.350000	113.780000	61.000
113.350000	113.610000	35.000
113.510000	114.590000	73.000
113.510000	113.780000	42.000
113.660000	113.780000	78.000
113.660000	113.780000	47.000
113.830000	115.190000	56.000
113.830000	114.250000	61.000
113.830000	114.250000	46.000
113.830000	114.110000	54.000
114.160000	114.730000	34.000
114.300000	115.190000	61.000
114.300000	114.730000	63.000
114.300000	114.590000	65.000
114.640000	114.730000	65.000
114.780000	115.190000	78.000
114.780000	115.190000	73.000
114.780000	115.190000	68.000
114.780000	115.190000	63.000
114.780000	115.190000	47.000
114.780000	115.190000	37.000
115.240000	115.680000	38.000
115.240000	115.600000	77.000
115.240000	115.600000	75.000
115.240000	115.600000	68.000
115.240000	115.600000	59.000
115.730000	116.180000	54.000
115.730000	116.180000	51.000
115.730000	115.930000	61.000
115.730000	115.930000	58.000
115.980000	116.620000	61.000
115.980000	116.310000	66.000
115.980000	116.180000	39.000
116.230000	116.620000	58.000
116.230000	116.310000	51.000
116.360000	116.450000	66.000
116.360000	116.450000	49.000
116.360000	116.450000	32.000
116.500000	116.620000	66.000
116.500000	116.620000	39.000
116.500000	116.620000	35.000
116.670000	117.700000	61.000
116.670000	117.560000	56.000
116.670000	117.260000	65.000
116.670000	116.940000	34.000
116.990000	117.560000	34.000
117.310000	117.700000	68.000
117.310000	117.560000	65.000
117.610000	119.130000	54.000
117.750000	118.480000	35.000
117.750000	118.320000	75.000
117.750000	118.320000	68.000
117.750000	118.170000	42.000
118.060000	118.480000	66.000
118.060000	118.170000	61.000
118.220000	119.130000	61.000
118.430000	119.130000	42.000
118.530000	119.450000	73.000
118.530000	118.810000	66.000
118.530000	118.810000	37.000
118.530000	118.810000	35.000
118.860000	119.130000	66.000
118.860000	119.130000	27.000
119.180000	119.990000	61.000
119.180000	119.270000	66.000
119.320000	119.450000	68.000
119.320000	119.450000	59.000
119.320000	119.450000	29.000
119.500000	122.280000	73.000
119.500000	120.360000	66.000
119.500000	120.360000	30.000
119.500000	119.990000	70.000
120.040000	121.010000	70.000
120.040000	121.010000	61.000
120.040000	120.360000	77.000
120.410000	121.340000	68.000
120.410000	121.340000	51.000
120.410000	121.340000	35.000
120.410000	121.010000	66.000
120.410000	121.010000	46.000
121.060000	121.340000	70.000
121.060000	121.340000	66.000
121.060000	121.340000	61.000
121.390000	121.650000	68.000
121.390000	121.650000	61.000
121.700000	123.220000	68.000
121.700000	122.740000	61.000
121.860000	122.740000	54.000
121.860000	122.280000	34.000
122.330000	122.740000	80.000
122.330000	122.740000	75.000
122.330000	122.740000	71.000
122.330000	122.740000	66.000
122.330000	122.740000	44.000
122.330000	122.740000	37.000
122.330000	122.740000	35.000
122.790000	123.220000	84.000
122.790000	123.220000	80.000
122.790000	123.220000	54.000
122.790000	123.220000	53.000
122.790000	123.220000	49.000
122.790000	123.220000	38.000
123.270000	123.690000	68.000
123.270000	123.380000	54.000
123.430000	124.140000	78.000
123.430000	123.850000	42.000
123.430000	123.850000	39.000
123.740000	124.140000	66.000
123.740000	124.010000	61.000
123.740000	123.850000	58.000
123.900000	124.140000	51.000
123.900000	124.010000	37.000
124.060000	125.870000	61.000
124.060000	124.140000	54.000
124.190000	125.100000	68.000
124.190000	125.100000	65.000
124.190000	125.100000	39.000
124.190000	125.100000	34.000
125.150000	126.060000	78.000
125.150000	126.060000	42.000
125.150000	126.060000	35.000
125.150000	125.710000	75.000
125.760000	126.060000	66.000
125.920000	126.060000	75.000
126.110000	128.870000	37.000
126.110000	126.990000	77.000
126.110000	126.500000	84.000
126.110000	126.500000	73.000
126.110000	126.500000	68.000
126.110000	126.500000	63.000
126.550000	128.870000	68.000
126.550000	127.910000	73.000
126.550000	126.990000	53.000
127.040000	128.870000	25.000
127.040000	127.910000	56.000
127.040000	127.910000	54.000
127.040000	127.820000	59.000
127.960000	129.340000	56.000
127.960000	128.870000	92.000
127.960000	128.870000	59.000
128.920000	129.670000	37.000
128.920000	129.540000	68.000
128.920000	129.120000	73.000
129.170000	129.760000	25.000
129.170000	129.340000	73.000
129.390000	129.670000	73.000
129.720000	129.830000	73.000
129.880000	130.330000	78.000
129.880000	130.330000	73.000
129.880000	130.330000	68.000
129.880000	130.330000	42.000
130.380000	130.790000	78.000
130.380000	130.790000	73.000
130.380000	130.620000	66.000
130.670000	130.790000	66.000
130.840000	131.560000	78.000
130.840000	131.260000	77.000
130.840000	131.110000	85.000
130.840000	131.110000	73.000
130.840000	131.110000	66.000
131.160000	131.710000	66.000
131.160000	131.560000	73.000
131.160000	131.260000	85.000
131.310000	131.560000	85.000
131.310000	131.560000	77.000
131.610000	131.710000	85.000
131.610000	131.710000	77.000
131.610000	131.710000	73.000
131.760000	133.410000	59.000
131.760000	132.950000	66.000
131.760000	132.640000	85.000
131.760000	132.500000	75.000
131.760000	132.200000	73.000
132.080000	132.200000	71.000
132.250000	133.410000	71.000
132.250000	132.830000	90.000
132.250000	132.640000	78.000
132.250000	132.640000	73.000
132.690000	133.410000	78.000
132.690000	133.100000	73.000
132.690000	132.830000	42.000
132.880000	133.250000	42.000
133.000000	133.250000	85.000
133.150000	134.050000	73.000
133.150000	133.570000	66.000
133.150000	133.410000	68.000
133.150000	133.250000	30.000
133.300000	133.890000	42.000
133.460000	134.350000	30.000
133.460000	133.890000	68.000
133.620000	133.890000	66.000
133.940000	134.050000	66.000
134.100000	134.200000	73.000
134.100000	134.200000	66.000
134.250000	134.350000	78.000
134.250000	134.350000	73.000
134.250000	134.350000	66.000
134.400000	134.840000	66.000
134.400000	134.520000	78.000
134.400000	134.520000	73.000
134.570000	135.000000	85.000
134.570000	135.000000	77.000
134.570000	134.840000	78.000
134.570000	134.840000	73.000
134.890000	135.490000	78.000
134.890000	135.000000	73.000
134.890000	135.000000	66.000
135.050000	135.970000	66.000
135.050000	135.310000	85.000
135.050000	135.310000	77.000
135.050000	135.310000	73.000
135.360000	135.490000	85.000
135.360000	135.490000	73.000
135.360000	135.490000	30.000
135.540000	136.270000	85.000
135.540000	136.270000	59.000
135.540000	135.810000	78.000
135.540000	135.810000	75.000
135.540000	135.810000	73.000
135.860000	135.970000	78.000
135.860000	135.970000	75.000
135.860000	135.970000	73.000
135.860000	135.970000	71.000
136.020000	137.820000	78.000
136.020000	136.440000	90.000
136.020000	136.440000	73.000
136.020000	136.440000	71.000
136.020000	136.440000	66.000
136.020000	136.270000	75.000
136.320000	137.040000	85.000
136.320000	136.620000	42.000
136.320000	136.440000	49.000
136.490000	136.740000	73.000
136.490000	136.740000	71.000
136.490000	136.620000	66.000
136.490000	136.620000	30.000
136.790000	137.380000	66.000
136.790000	137.220000	73.000
136.790000	137.040000	30.000
137.090000	140.370000	85.000
137.090000	137.220000	54.000
137.270000	137.660000	73.000
137.270000	137.380000	42.000
137.430000	138.290000	66.000
137.430000	137.820000	30.000
137.430000	137.660000	61.000
137.710000	139.720000	54.000
137.870000	137.990000	78.000
137.870000	137.990000	49.000
137.870000	137.990000	42.000
138.040000	138.380000	78.000
138.040000	138.380000	73.000
138.040000	138.290000	42.000
138.340000	139.290000	66.000
138.430000	139.240000	73.000
138.430000	138.770000	78.000
138.430000	138.650000	42.000
138.430000	138.650000	30.000
138.700000	138.920000	42.000
138.820000	138.920000	78.000
138.970000	139.290000	42.000
138.970000	139.240000	78.000
138.970000	139.240000	49.000
139.340000	142.090000	66.000
139.340000	139.880000	73.000
139.340000	139.560000	42.000
139.610000	140.020000	78.000
139.610000	139.720000	42.000
139.770000	141.130000	90.000
139.770000	139.940000	61.000
139.770000	139.880000	54.000
139.990000	140.200000	54.000
140.070000	140.300000	78.000
140.070000	140.300000	42.000
140.250000	141.480000	54.000
140.350000	140.370000	78.000
140.420000	140.820000	42.000
140.420000	140.650000	78.000
140.700000	140.820000	78.000
140.870000	141.480000	78.000
140.870000	141.480000	42.000
140.870000	141.130000	73.000
140.870000	141.130000	30.000
141.180000	141.480000	73.000
141.180000	141.480000	57.000
141.530000	141.780000	78.000
141.530000	141.780000	71.000
141.530000	141.780000	56.000
141.530000	141.780000	40.000
141.830000	142.530000	69.000
141.830000	142.090000	64.000
141.830000	142.090000	61.000
141.830000	142.090000	38.000
142.140000	142.530000	81.000
142.140000	142.410000	86.000
142.140000	142.410000	66.000
142.140000	142.410000	50.000
142.140000	142.410000	37.000
142.580000	143.030000	73.000
142.580000	142.730000	64.000
142.580000	142.730000	35.000
142.780000	143.030000	90.000
142.780000	143.030000	54.000
142.780000	142.940000	33.000
143.080000	143.350000	83.000
143.080000	143.350000	68.000
143.080000	143.350000	32.000
143.400000	143.650000	78.000
143.400000	143.650000	74.000
143.400000	143.650000	69.000
143.400000	143.650000	30.000
143.700000	144.830000	29.000
143.700000	144.000000	71.000
144.880000	145.030000	29.000
145.080000	145.350000	81.000
145.080000	145.350000	66.000
145.080000	145.350000	61.000
145.080000	145.350000	30.000
145.400000	145.880000	65.000
145.400000	145.880000	29.000
145.840000	145.880000	41.000
145.930000	146.350000	66.000
145.930000	146.350000	30.000
145.930000	146.090000	29.000
146.140000	146.350000	81.000
146.140000	146.350000	61.000
146.400000	146.890000	29.000
146.400000	146.780000	68.000
147.050000	148.140000	93.000
147.050000	148.140000	79.000
147.050000	148.140000	66.000
147.050000	148.140000	61.000
147.050000	148.140000	57.000
147.050000	148.140000	43.000
147.050000	148.140000	30.000
148.600000	154.650000	73.000
148.600000	148.760000	68.000
148.600000	148.760000	41.000
148.810000	154.650000	86.000
148.810000	154.650000	81.000
148.810000	154.650000	79.000
148.810000	154.650000	66.000
148.810000	154.650000	50.000
148.810000	154.650000	43.000
148.810000	154.650000	34.000
148.810000	154.650000	33.000
148.810000	154.650000	30.000
