5.642449	5.642449	5.642
11.900227	11.900227	11.900
13.711383	13.711383	13.711
14.431202	14.431202	14.431
14.942041	14.942041	14.942
15.650249	15.650249	15.650
15.766349	15.766349	15.766
16.079819	16.079819	16.080
17.031837	17.031837	17.032
17.298866	17.298866	17.299
19.156463	19.156463	19.156
19.469932	19.469932	19.470
20.747029	20.747029	20.747
21.083719	21.083719	21.084
21.559728	21.559728	21.560
23.150295	23.150295	23.150
23.545034	23.545034	23.545
23.962993	23.962993	23.963
24.392562	24.392562	24.393
24.822132	24.822132	24.822
25.251701	25.251701	25.252
25.658050	25.658050	25.658
26.563628	26.563628	26.564
26.819048	26.819048	26.819
26.946757	26.946757	26.947
27.225397	27.225397	27.225
27.364717	27.364717	27.365
27.654966	27.654966	27.655
27.794286	27.794286	27.794
28.061315	28.061315	28.061
28.258685	28.258685	28.259
28.374785	28.374785	28.375
28.595374	28.595374	28.595
29.013333	29.013333	29.013
29.071383	29.071383	29.071
29.141043	29.141043	29.141
29.396463	29.396463	29.396
29.640272	29.640272	29.640
29.756372	29.756372	29.756
30.046621	30.046621	30.047
30.174331	30.174331	30.174
30.267211	30.267211	30.267
30.592290	30.592290	30.592
30.743220	30.743220	30.743
30.975420	30.975420	30.975
31.393379	31.393379	31.393
31.486259	31.486259	31.486
31.625578	31.625578	31.626
31.799728	31.799728	31.800
32.182857	32.182857	32.183
32.310567	32.310567	32.311
32.577596	32.577596	32.578
32.693696	32.693696	32.694
32.972336	32.972336	32.972
33.250975	33.250975	33.251
33.378685	33.378685	33.379
33.634104	33.634104	33.634
33.773424	33.773424	33.773
34.179773	34.179773	34.180
34.597732	34.597732	34.598
34.992472	34.992472	34.992
35.096961	35.096961	35.097
35.387211	35.387211	35.387
35.503311	35.503311	35.503
35.584580	35.584580	35.585
35.677460	35.677460	35.677
35.793560	35.793560	35.794
36.188299	36.188299	36.188
36.304399	36.304399	36.304
36.443719	36.443719	36.444
36.571429	36.571429	36.571
36.966168	36.966168	36.966
37.140317	37.140317	37.140
37.372517	37.372517	37.373
37.500227	37.500227	37.500
37.651156	37.651156	37.651
37.778866	37.778866	37.779
38.022676	38.022676	38.023
38.185215	38.185215	38.185
38.429025	38.429025	38.429
38.579955	38.579955	38.580
38.742494	38.742494	38.742
38.835374	38.835374	38.835
38.986304	38.986304	38.986
39.230113	39.230113	39.230
39.392653	39.392653	39.393
39.543583	39.543583	39.544
39.636463	39.636463	39.636
39.787392	39.787392	39.787
39.949932	39.949932	39.950
40.182132	40.182132	40.182
40.588481	40.588481	40.588
40.704580	40.704580	40.705
40.843900	40.843900	40.844
40.994830	40.994830	40.995
41.099320	41.099320	41.099
41.168980	41.168980	41.169
41.389569	41.389569	41.390
41.633379	41.633379	41.633
41.784308	41.784308	41.784
42.039728	42.039728	42.040
42.190658	42.190658	42.191
42.446077	42.446077	42.446
42.573787	42.573787	42.574
42.840816	42.840816	42.841
42.991746	42.991746	42.992
43.119456	43.119456	43.119
43.305215	43.305215	43.305
43.374875	43.374875	43.375
43.630295	43.630295	43.630
43.792834	43.792834	43.793
44.036644	44.036644	44.037
44.187574	44.187574	44.188
44.280454	44.280454	44.280
44.582313	44.582313	44.582
44.826122	44.826122	44.826
44.965442	44.965442	44.965
45.383401	45.383401	45.383
45.476281	45.476281	45.476
45.638821	45.638821	45.639
45.778141	45.778141	45.778
45.836190	45.836190	45.836
45.998730	45.998730	45.999
46.080000	46.080000	46.080
46.184490	46.184490	46.184
46.463129	46.463129	46.463
46.579229	46.579229	46.579
46.823039	46.823039	46.823
46.973968	46.973968	46.974
47.240998	47.240998	47.241
47.391927	47.391927	47.392
47.786667	47.786667	47.787
48.018866	48.018866	48.019
48.181406	48.181406	48.181
48.309116	48.309116	48.309
48.448435	48.448435	48.448
48.587755	48.587755	48.588
48.866395	48.866395	48.866
48.970884	48.970884	48.971
49.075374	49.075374	49.075
49.249524	49.249524	49.250
49.377234	49.377234	49.377
49.470113	49.470113	49.470
49.621043	49.621043	49.621
49.783583	49.783583	49.784
50.015782	50.015782	50.016
50.178322	50.178322	50.178
50.468571	50.468571	50.469
50.584671	50.584671	50.585
50.979410	50.979410	50.979
51.153560	51.153560	51.154
51.258050	51.258050	51.258
51.374150	51.374150	51.374
51.513469	51.513469	51.513
51.617959	51.617959	51.618
51.792109	51.792109	51.792
51.896599	51.896599	51.897
52.047528	52.047528	52.048
52.175238	52.175238	52.175
52.326168	52.326168	52.326
52.442268	52.442268	52.442
52.593197	52.593197	52.593
52.697687	52.697687	52.698
52.848617	52.848617	52.849
52.987937	52.987937	52.988
53.254966	53.254966	53.255
53.405896	53.405896	53.406
53.649705	53.649705	53.650
53.789025	53.789025	53.789
53.905125	53.905125	53.905
54.032834	54.032834	54.033
54.172154	54.172154	54.172
54.288254	54.288254	54.288
54.485624	54.485624	54.486
54.624943	54.624943	54.625
54.833923	54.833923	54.834
54.973243	54.973243	54.973
55.240272	55.240272	55.240
55.356372	55.356372	55.356
55.437642	55.437642	55.438
55.623401	55.623401	55.623
55.785941	55.785941	55.786
55.925261	55.925261	55.925
56.029751	56.029751	56.030
56.180680	56.180680	56.181
56.343220	56.343220	56.343
56.587029	56.587029	56.587
56.854059	56.854059	56.854
56.993379	56.993379	56.993
57.213968	57.213968	57.214
57.272018	57.272018	57.272
57.388118	57.388118	57.388
57.782857	57.782857	57.783
58.189206	58.189206	58.189
58.433016	58.433016	58.433
58.572336	58.572336	58.572
58.688435	58.688435	58.688
58.827755	58.827755	58.828
58.990295	58.990295	58.990
59.245714	59.245714	59.246
59.385034	59.385034	59.385
59.512744	59.512744	59.513
59.640454	59.640454	59.640
59.779773	59.779773	59.780
60.046803	60.046803	60.047
60.186122	60.186122	60.186
60.592472	60.592472	60.592
60.987211	60.987211	60.987
61.126531	61.126531	61.127
61.231020	61.231020	61.231
61.381950	61.381950	61.382
61.509660	61.509660	61.510
61.614150	61.614150	61.614
61.776689	61.776689	61.777
62.183039	62.183039	62.183
62.589388	62.589388	62.589
62.984127	62.984127	62.984
63.239546	63.239546	63.240
63.390476	63.390476	63.390
63.645896	63.645896	63.646
63.785215	63.785215	63.785
63.970975	63.970975	63.971
64.214785	64.214785	64.215
64.307664	64.307664	64.308
64.586304	64.586304	64.586
64.853333	64.853333	64.853
64.981043	64.981043	64.981
65.190023	65.190023	65.190
65.387392	65.387392	65.387
65.503492	65.503492	65.503
65.642812	65.642812	65.643
65.782132	65.782132	65.782
66.049161	66.049161	66.049
66.200091	66.200091	66.200
66.467120	66.467120	66.467
66.571610	66.571610	66.572
66.687710	66.687710	66.688
66.768980	66.768980	66.769
66.989569	66.989569	66.990
67.384308	67.384308	67.384
67.523628	67.523628	67.524
67.802268	67.802268	67.802
68.185397	68.185397	68.185
68.591746	68.591746	68.592
68.847166	68.847166	68.847
68.974875	68.974875	68.975
69.392834	69.392834	69.393
69.648254	69.648254	69.648
69.787574	69.787574	69.788
70.042993	70.042993	70.043
70.182313	70.182313	70.182
70.460952	70.460952	70.461
70.588662	70.588662	70.589
70.844082	70.844082	70.844
70.983401	70.983401	70.983
71.250431	71.250431	71.250
71.401361	71.401361	71.401
71.494240	71.494240	71.494
71.645170	71.645170	71.645
71.807710	71.807710	71.808
71.923810	71.923810	71.924
72.063129	72.063129	72.063
72.214059	72.214059	72.214
72.457868	72.457868	72.458
72.585578	72.585578	72.586
72.852608	72.852608	72.853
72.980317	72.980317	72.980
73.108027	73.108027	73.108
73.386667	73.386667	73.387
73.502766	73.502766	73.503
73.793016	73.793016	73.793
73.862676	73.862676	73.863
74.187755	74.187755	74.188
74.315465	74.315465	74.315
74.431565	74.431565	74.432
74.594104	74.594104	74.594
74.652154	74.652154	74.652
74.907574	74.907574	74.908
74.988844	74.988844	74.989
75.070113	75.070113	75.070
75.244263	75.244263	75.244
75.395193	75.395193	75.395
75.476463	75.476463	75.476
75.546122	75.546122	75.546
75.627392	75.627392	75.627
75.778322	75.778322	75.778
76.196281	76.196281	76.196
76.289161	76.289161	76.289
76.579410	76.579410	76.579
76.811610	76.811610	76.812
76.974150	76.974150	76.974
77.252789	77.252789	77.253
77.392109	77.392109	77.392
77.624308	77.624308	77.624
77.786848	77.786848	77.787
78.077098	78.077098	78.077
78.181587	78.181587	78.182
78.297687	78.297687	78.298
78.344127	78.344127	78.344
78.437007	78.437007	78.437
78.576327	78.576327	78.576
78.727256	78.727256	78.727
78.854966	78.854966	78.855
78.982676	78.982676	78.983
79.389025	79.389025	79.389
79.632834	79.632834	79.633
79.772154	79.772154	79.772
80.074014	80.074014	80.074
80.190113	80.190113	80.190
80.364263	80.364263	80.364
80.573243	80.573243	80.573
80.828662	80.828662	80.829
80.979592	80.979592	80.980
81.049252	81.049252	81.049
81.235011	81.235011	81.235
81.374331	81.374331	81.374
81.652971	81.652971	81.653
81.769070	81.769070	81.769
82.012880	82.012880	82.013
82.175420	82.175420	82.175
82.442449	82.442449	82.442
82.581769	82.581769	82.582
82.674649	82.674649	82.675
82.976508	82.976508	82.977
83.231927	83.231927	83.232
83.371247	83.371247	83.371
83.498957	83.498957	83.499
83.777596	83.777596	83.778
84.044626	84.044626	84.045
84.183946	84.183946	84.184
84.300045	84.300045	84.300
84.450975	84.450975	84.451
84.578685	84.578685	84.579
84.718005	84.718005	84.718
84.973424	84.973424	84.973
85.252063	85.252063	85.252
85.391383	85.391383	85.391
85.623583	85.623583	85.624
85.797732	85.797732	85.798
85.902222	85.902222	85.902
86.180862	86.180862	86.181
86.320181	86.320181	86.320
86.436281	86.436281	86.436
86.587211	86.587211	86.587
86.819410	86.819410	86.819
86.993560	86.993560	86.994
87.109660	87.109660	87.110
87.237370	87.237370	87.237
87.411519	87.411519	87.412
87.504399	87.504399	87.504
87.690159	87.690159	87.690
87.783039	87.783039	87.783
87.910748	87.910748	87.911
88.003628	88.003628	88.004
88.177778	88.177778	88.178
88.259048	88.259048	88.259
88.444807	88.444807	88.445
88.584127	88.584127	88.584
88.839546	88.839546	88.840
88.955646	88.955646	88.956
89.385215	89.385215	89.385
89.652245	89.652245	89.652
89.768345	89.768345	89.768
90.046984	90.046984	90.047
90.174694	90.174694	90.175
90.453333	90.453333	90.453
90.592653	90.592653	90.593
90.708753	90.708753	90.709
90.801633	90.801633	90.802
90.999002	90.999002	90.999
91.242812	91.242812	91.243
91.382132	91.382132	91.382
91.637551	91.637551	91.638
91.788481	91.788481	91.788
92.043900	92.043900	92.044
92.183220	92.183220	92.183
92.577959	92.577959	92.578
92.844989	92.844989	92.845
92.984308	92.984308	92.984
93.135238	93.135238	93.135
93.239728	93.239728	93.240
93.402268	93.402268	93.402
93.529977	93.529977	93.530
93.634467	93.634467	93.634
93.750567	93.750567	93.751
93.901497	93.901497	93.901
94.005986	94.005986	94.006
94.180136	94.180136	94.180
94.319456	94.319456	94.319
94.447166	94.447166	94.447
94.586485	94.586485	94.586
94.807075	94.807075	94.807
94.981224	94.981224	94.981
95.120544	95.120544	95.121
95.259864	95.259864	95.260
95.399184	95.399184	95.399
95.480454	95.480454	95.480
95.631383	95.631383	95.631
95.782313	95.782313	95.782
96.188662	96.188662	96.189
96.409252	96.409252	96.409
96.595011	96.595011	96.595
96.850431	96.850431	96.850
96.989751	96.989751	96.990
97.094240	97.094240	97.094
97.280000	97.280000	97.280
97.396100	97.396100	97.396
97.639909	97.639909	97.640
97.790839	97.790839	97.791
98.034649	98.034649	98.035
98.185578	98.185578	98.186
98.313288	98.313288	98.313
98.440998	98.440998	98.441
98.580317	98.580317	98.580
98.812517	98.812517	98.813
98.998277	98.998277	98.998
99.230476	99.230476	99.230
99.393016	99.393016	99.393
99.625215	99.625215	99.625
99.787755	99.787755	99.788
100.043175	100.043175	100.043
100.182494	100.182494	100.182
100.252154	100.252154	100.252
100.403084	100.403084	100.403
100.577234	100.577234	100.577
100.704943	100.704943	100.705
100.821043	100.821043	100.821
100.971973	100.971973	100.972
101.134512	101.134512	101.135
101.227392	101.227392	101.227
101.378322	101.378322	101.378
101.773061	101.773061	101.773
102.179410	102.179410	102.179
102.388390	102.388390	102.388
102.458050	102.458050	102.458
102.574150	102.574150	102.574
102.968889	102.968889	102.969
103.235918	103.235918	103.236
103.456508	103.456508	103.457
103.526168	103.526168	103.526
103.584218	103.584218	103.584
103.769977	103.769977	103.770
104.048617	104.048617	104.049
104.187937	104.187937	104.188
104.373696	104.373696	104.374
104.582676	104.582676	104.583
104.838095	104.838095	104.838
104.989025	104.989025	104.989
105.186395	105.186395	105.186
105.383764	105.383764	105.384
105.639184	105.639184	105.639
105.801723	105.801723	105.802
106.033923	106.033923	106.034
106.184853	106.184853	106.185
106.312562	106.312562	106.313
106.579592	106.579592	106.580
106.765351	106.765351	106.765
106.985941	106.985941	106.986
107.380680	107.380680	107.381
107.612880	107.612880	107.613
107.787029	107.787029	107.787
107.926349	107.926349	107.926
108.019229	108.019229	108.019
108.193379	108.193379	108.193
108.321088	108.321088	108.321
108.588118	108.588118	108.588
108.808707	108.808707	108.809
109.052517	109.052517	109.053
109.389206	109.389206	109.389
109.633016	109.633016	109.633
109.795556	109.795556	109.796
110.050975	110.050975	110.051
110.167075	110.167075	110.167
110.445714	110.445714	110.446
110.596644	110.596644	110.597
110.701134	110.701134	110.701
110.863673	110.863673	110.864
111.002993	111.002993	111.003
111.107483	111.107483	111.107
111.258413	111.258413	111.258
111.409342	111.409342	111.409
111.513832	111.513832	111.514
111.792472	111.792472	111.792
112.047891	112.047891	112.048
112.175601	112.175601	112.176
112.431020	112.431020	112.431
112.593560	112.593560	112.594
112.721270	112.721270	112.721
112.814150	112.814150	112.814
112.976689	112.976689	112.977
113.104399	113.104399	113.104
113.383039	113.383039	113.383
113.789388	113.789388	113.789
114.044807	114.044807	114.045
114.195737	114.195737	114.196
114.439546	114.439546	114.440
114.590476	114.590476	114.590
114.706576	114.706576	114.707
114.857506	114.857506	114.858
114.996825	114.996825	114.997
115.217415	115.217415	115.217
115.379955	115.379955	115.380
115.646984	115.646984	115.647
115.786304	115.786304	115.786
116.041723	116.041723	116.042
116.192653	116.192653	116.193
116.308753	116.308753	116.309
116.436463	116.436463	116.436
116.575782	116.575782	116.576
116.703492	116.703492	116.703
116.854422	116.854422	116.854
116.982132	116.982132	116.982
117.098231	117.098231	117.098
117.225941	117.225941	117.226
117.376871	117.376871	117.377
117.794830	117.794830	117.795
117.852880	117.852880	117.853
117.957370	117.957370	117.957
118.038639	118.038639	118.039
118.189569	118.189569	118.190
118.479819	118.479819	118.480
118.572698	118.572698	118.573
118.677188	118.677188	118.677
118.839728	118.839728	118.840
118.990658	118.990658	118.991
119.234467	119.234467	119.234
119.373787	119.373787	119.374
119.501497	119.501497	119.501
119.698866	119.698866	119.699
119.791746	119.791746	119.792
120.093605	120.093605	120.094
120.221315	120.221315	120.221
120.453515	120.453515	120.454
120.581224	120.581224	120.581
120.732154	120.732154	120.732
120.848254	120.848254	120.848
120.987574	120.987574	120.988
121.242993	121.242993	121.243
121.382313	121.382313	121.382
121.637732	121.637732	121.638
121.777052	121.777052	121.777
122.183401	122.183401	122.183
122.299501	122.299501	122.300
122.392381	122.392381	122.392
122.578141	122.578141	122.578
122.729070	122.729070	122.729
122.845170	122.845170	122.845
122.972880	122.972880	122.973
123.100590	123.100590	123.101
123.205079	123.205079	123.205
123.425669	123.425669	123.426
123.530159	123.530159	123.530
123.634649	123.634649	123.635
123.785578	123.785578	123.786
124.052608	124.052608	124.053
124.180317	124.180317	124.180
124.586667	124.586667	124.587
124.969796	124.969796	124.970
125.097506	125.097506	125.098
125.225215	125.225215	125.225
125.387755	125.387755	125.388
125.631565	125.631565	125.632
125.782494	125.782494	125.782
126.061134	126.061134	126.061
126.177234	126.177234	126.177
126.328163	126.328163	126.328
126.444263	126.444263	126.444
126.583583	126.583583	126.584
126.792562	126.792562	126.793
126.862222	126.862222	126.862
126.989932	126.989932	126.990
127.222132	127.222132	127.222
127.384671	127.384671	127.385
127.500771	127.500771	127.501
127.779410	127.779410	127.779
128.058050	128.058050	128.058
128.162540	128.162540	128.163
128.452789	128.452789	128.453
128.580499	128.580499	128.580
128.789478	128.789478	128.789
128.975238	128.975238	128.975
129.126168	129.126168	129.126
129.381587	129.381587	129.382
129.509297	129.509297	129.509
129.648617	129.648617	129.649
129.776327	129.776327	129.776
130.043356	130.043356	130.043
130.182676	130.182676	130.183
130.449705	130.449705	130.450
130.600635	130.600635	130.601
130.983764	130.983764	130.984
131.146304	131.146304	131.146
131.239184	131.239184	131.239
131.390113	131.390113	131.390
131.633923	131.633923	131.634
131.784853	131.784853	131.785
132.017052	132.017052	132.017
132.179592	132.179592	132.180
132.435011	132.435011	132.435
132.585941	132.585941	132.586
132.771701	132.771701	132.772
132.852971	132.852971	132.853
132.969070	132.969070	132.969
133.259320	133.259320	133.259
133.375419	133.375419	133.375
133.549569	133.549569	133.550
133.654059	133.654059	133.654
133.793379	133.793379	133.793
133.921088	133.921088	133.921
134.188118	134.188118	134.188
134.420317	134.420317	134.420
134.571247	134.571247	134.571
134.710567	134.710567	134.711
134.838277	134.838277	134.838
135.000816	135.000816	135.001
135.256236	135.256236	135.256
135.360726	135.360726	135.361
135.790295	135.790295	135.790
135.883175	135.883175	135.883
136.045714	136.045714	136.046
136.161814	136.161814	136.162
136.405624	136.405624	136.406
136.579773	136.579773	136.580
136.846803	136.846803	136.847
136.974512	136.974512	136.975
137.113832	137.113832	137.114
137.380862	137.380862	137.381
137.601451	137.601451	137.601
137.798821	137.798821	137.799
138.193560	138.193560	138.194
138.437370	138.437370	138.437
138.588299	138.588299	138.588
138.843719	138.843719	138.844
138.983039	138.983039	138.983
139.250068	139.250068	139.250
139.389388	139.389388	139.389
139.493878	139.493878	139.494
139.586757	139.586757	139.587
139.772517	139.772517	139.773
139.900227	139.900227	139.900
140.004717	140.004717	140.005
140.190476	140.190476	140.190
140.306576	140.306576	140.307
140.434286	140.434286	140.434
140.585215	140.585215	140.585
140.840635	140.840635	140.841
140.979955	140.979955	140.980
141.119274	141.119274	141.119
141.235374	141.235374	141.235
141.351474	141.351474	141.351
141.641723	141.641723	141.642
141.757823	141.757823	141.758
142.024853	142.024853	142.025
142.152562	142.152562	142.153
142.315102	142.315102	142.315
142.442812	142.442812	142.443
142.570522	142.570522	142.571
142.686621	142.686621	142.687
142.825941	142.825941	142.826
142.953651	142.953651	142.954
143.081361	143.081361	143.081
143.220680	143.220680	143.221
143.441270	143.441270	143.441
143.522540	143.522540	143.523
143.777959	143.777959	143.778
143.882449	143.882449	143.882
144.044989	144.044989	144.045
144.184308	144.184308	144.184
144.579048	144.579048	144.579
144.834467	144.834467	144.834
144.973787	144.973787	144.974
145.229206	145.229206	145.229
145.380136	145.380136	145.380
145.635556	145.635556	145.636
145.786485	145.786485	145.786
145.914195	145.914195	145.914
145.949025	145.949025	145.949
146.041905	146.041905	146.042
146.169615	146.169615	146.170
146.308934	146.308934	146.309
146.436644	146.436644	146.437
146.634014	146.634014	146.634
146.726893	146.726893	146.727
146.877823	146.877823	146.878
146.970703	146.970703	146.971
147.121633	147.121633	147.122
147.249342	147.249342	147.249
147.365442	147.365442	147.365
147.562812	147.562812	147.563
147.678912	147.678912	147.679
147.783401	147.783401	147.783
148.178141	148.178141	148.178
148.305850	148.305850	148.306
148.421950	148.421950	148.422
148.572880	148.572880	148.573
148.897959	148.897959	148.898
148.979229	148.979229	148.979
149.025669	149.025669	149.026
149.246259	149.246259	149.246
149.385578	149.385578	149.386
149.640998	149.640998	149.641
149.791927	149.791927	149.792
150.175057	150.175057	150.175
150.337596	150.337596	150.338
150.488526	150.488526	150.489
150.593016	150.593016	150.593
150.999365	150.999365	150.999
151.312834	151.312834	151.313
151.382494	151.382494	151.382
151.649524	151.649524	151.650
151.777234	151.777234	151.777
151.870113	151.870113	151.870
152.044263	152.044263	152.044
152.171973	152.171973	152.172
152.427392	152.427392	152.427
152.578322	152.578322	152.578
152.822132	152.822132	152.822
152.973061	152.973061	152.973
153.100771	153.100771	153.101
153.228481	153.228481	153.228
153.391020	153.391020	153.391
153.634830	153.634830	153.635
153.774150	153.774150	153.774
153.913469	153.913469	153.913
154.203719	154.203719	154.204
154.296599	154.296599	154.297
154.447528	154.447528	154.448
154.586848	154.586848	154.587
154.714558	154.714558	154.715
154.842268	154.842268	154.842
154.981587	154.981587	154.982
155.237007	155.237007	155.237
155.387937	155.387937	155.388
155.643356	155.643356	155.643
155.794286	155.794286	155.794
155.921995	155.921995	155.922
156.038095	156.038095	156.038
156.200635	156.200635	156.201
156.456054	156.456054	156.456
156.572154	156.572154	156.572
156.699864	156.699864	156.700
156.978503	156.978503	156.979
157.233923	157.233923	157.234
157.384853	157.384853	157.385
157.709932	157.709932	157.710
157.791202	157.791202	157.791
158.035011	158.035011	158.035
158.174331	158.174331	158.174
158.290431	158.290431	158.290
158.383311	158.383311	158.383
158.511020	158.511020	158.511
158.580680	158.580680	158.581
158.836100	158.836100	158.836
158.987029	158.987029	158.987
159.242449	159.242449	159.242
159.393379	159.393379	159.393
159.486259	159.486259	159.486
159.706848	159.706848	159.707
159.788118	159.788118	159.788
160.066757	160.066757	160.067
160.182857	160.182857	160.183
160.426667	160.426667	160.427
160.589206	160.589206	160.589
160.995556	160.995556	160.996
161.111655	161.111655	161.112
161.390295	161.390295	161.390
161.645714	161.645714	161.646
161.773424	161.773424	161.773
162.191383	162.191383	162.191
162.435193	162.435193	162.435
162.586122	162.586122	162.586
162.829932	162.829932	162.830
162.980862	162.980862	162.981
163.073741	163.073741	163.074
163.213061	163.213061	163.213
163.387211	163.387211	163.387
163.514921	163.514921	163.515
163.619410	163.619410	163.619
163.781950	163.781950	163.782
163.967710	163.967710	163.968
164.199909	164.199909	164.200
164.583039	164.583039	164.583
164.722358	164.722358	164.722
164.826848	164.826848	164.827
164.977778	164.977778	164.978
165.233197	165.233197	165.233
165.384127	165.384127	165.384
165.511837	165.511837	165.512
165.651156	165.651156	165.651
165.778866	165.778866	165.779
165.906576	165.906576	165.907
166.185215	166.185215	166.185
166.312925	166.312925	166.313
166.382585	166.382585	166.383
166.614785	166.614785	166.615
166.788934	166.788934	166.789
166.858594	166.858594	166.859
166.986304	166.986304	166.986
167.114014	167.114014	167.114
167.253333	167.253333	167.253
167.613243	167.613243	167.613
167.799002	167.799002	167.799
167.915102	167.915102	167.915
168.193741	168.193741	168.194
168.460771	168.460771	168.461
168.623311	168.623311	168.623
168.843900	168.843900	168.844
168.983220	168.983220	168.983
169.227029	169.227029	169.227
169.354739	169.354739	169.355
169.575329	169.575329	169.575
169.772698	169.772698	169.773
169.935238	169.935238	169.935
170.039728	170.039728	170.040
170.167438	170.167438	170.167
170.306757	170.306757	170.307
170.852426	170.852426	170.852
170.968526	170.968526	170.969
171.247166	171.247166	171.247
171.386485	171.386485	171.386
171.653515	171.653515	171.654
171.781224	171.781224	171.781
171.885714	171.885714	171.886
172.048254	172.048254	172.048
172.187574	172.187574	172.188
172.582313	172.582313	172.582
172.756463	172.756463	172.756
172.849342	172.849342	172.849
172.988662	172.988662	172.989
173.220862	173.220862	173.221
173.395011	173.395011	173.395
173.627211	173.627211	173.627
173.778141	173.778141	173.778
174.184490	174.184490	174.184
174.439909	174.439909	174.440
174.590839	174.590839	174.591
174.985578	174.985578	174.986
175.229388	175.229388	175.229
175.380317	175.380317	175.380
175.508027	175.508027	175.508
175.658957	175.658957	175.659
175.775057	175.775057	175.775
176.065306	176.065306	176.065
176.181406	176.181406	176.181
176.448435	176.448435	176.448
176.599365	176.599365	176.599
176.854785	176.854785	176.855
176.994104	176.994104	176.994
177.110204	177.110204	177.110
177.237914	177.237914	177.238
177.388844	177.388844	177.389
177.528163	177.528163	177.528
177.632653	177.632653	177.633
177.795193	177.795193	177.795
178.039002	178.039002	178.039
178.189932	178.189932	178.190
178.445351	178.445351	178.445
178.573061	178.573061	178.573
178.677551	178.677551	178.678
178.840091	178.840091	178.840
179.002630	179.002630	179.003
179.188390	179.188390	179.188
179.385760	179.385760	179.386
179.792109	179.792109	179.792
180.035918	180.035918	180.036
180.198458	180.198458	180.198
180.581587	180.581587	180.582
180.709297	180.709297	180.709
180.860227	180.860227	180.860
180.964717	180.964717	180.965
181.243356	181.243356	181.243
181.394286	181.394286	181.394
181.638095	181.638095	181.638
181.777415	181.777415	181.777
182.009615	182.009615	182.010
182.183764	182.183764	182.184
182.381134	182.381134	182.381
182.474014	182.474014	182.474
182.578503	182.578503	182.579
182.659773	182.659773	182.660
182.833923	182.833923	182.834
182.996463	182.996463	182.996
183.240272	183.240272	183.240
183.391202	183.391202	183.391
183.646621	183.646621	183.647
183.785941	183.785941	183.786
183.902041	183.902041	183.902
184.029751	184.029751	184.030
184.192290	184.192290	184.192
184.459320	184.459320	184.459
184.587029	184.587029	184.587
184.737959	184.737959	184.738
184.854059	184.854059	184.854
185.004989	185.004989	185.005
185.202358	185.202358	185.202
185.388118	185.388118	185.388
185.794467	185.794467	185.794
185.945397	185.945397	185.945
186.189206	186.189206	186.189
186.444626	186.444626	186.445
186.583946	186.583946	186.584
186.990295	186.990295	186.990
187.152834	187.152834	187.153
187.385034	187.385034	187.385
187.512744	187.512744	187.513
187.617234	187.617234	187.617
187.791383	187.791383	187.791
187.919093	187.919093	187.919
188.035193	188.035193	188.035
188.186122	188.186122	188.186
188.441542	188.441542	188.442
188.580862	188.580862	188.581
188.708571	188.708571	188.709
188.836281	188.836281	188.836
188.963991	188.963991	188.964
189.068481	189.068481	189.068
189.231020	189.231020	189.231
189.381950	189.381950	189.382
189.521270	189.521270	189.521
189.788299	189.788299	189.788
190.043719	190.043719	190.044
190.183039	190.183039	190.183
190.438458	190.438458	190.438
190.589388	190.589388	190.589
190.705488	190.705488	190.705
190.984127	190.984127	190.984
191.262766	191.262766	191.263
191.518186	191.518186	191.518
191.634286	191.634286	191.634
191.796825	191.796825	191.797
192.168345	192.168345	192.168
192.423764	192.423764	192.424
192.586304	192.586304	192.586
192.992653	192.992653	192.993
193.120363	193.120363	193.120
193.387392	193.387392	193.387
193.596372	193.596372	193.596
193.782132	193.782132	193.782
194.049161	194.049161	194.049
194.176871	194.176871	194.177
194.443900	194.443900	194.444
194.583220	194.583220	194.583
194.722540	194.722540	194.723
194.827029	194.827029	194.827
194.977959	194.977959	194.978
195.372698	195.372698	195.373
195.639728	195.639728	195.640
195.790658	195.790658	195.791
196.046077	196.046077	196.046
196.197007	196.197007	196.197
196.452426	196.452426	196.452
196.568526	196.568526	196.569
196.847166	196.847166	196.847
196.986485	196.986485	196.986
197.241905	197.241905	197.242
197.369615	197.369615	197.370
197.520544	197.520544	197.521
197.636644	197.636644	197.637
197.799184	197.799184	197.799
197.926893	197.926893	197.927
198.182313	198.182313	198.182
198.588662	198.588662	198.589
198.797642	198.797642	198.798
198.983401	198.983401	198.983
199.076281	199.076281	199.076
199.227211	199.227211	199.227
199.378141	199.378141	199.378
199.529070	199.529070	199.529
199.633560	199.633560	199.634
199.784490	199.784490	199.784
200.063129	200.063129	200.063
200.179229	200.179229	200.179
200.446259	200.446259	200.446
200.597188	200.597188	200.597
200.829388	200.829388	200.829
200.980317	200.980317	200.980
201.247347	201.247347	201.247
201.386667	201.386667	201.387
201.781406	201.781406	201.781
201.839456	201.839456	201.839
202.036825	202.036825	202.037
202.187755	202.187755	202.188
202.315465	202.315465	202.315
202.408345	202.408345	202.408
202.594104	202.594104	202.594
202.837914	202.837914	202.838
202.977234	202.977234	202.977
203.104943	203.104943	203.105
203.255873	203.255873	203.256
203.395193	203.395193	203.395
203.639002	203.639002	203.639
203.778322	203.778322	203.778
204.056961	204.056961	204.057
204.184671	204.184671	204.185
204.579410	204.579410	204.579
204.776780	204.776780	204.777
205.032200	205.032200	205.032
205.159909	205.159909	205.160
205.392109	205.392109	205.392
205.647528	205.647528	205.648
205.775238	205.775238	205.775
205.926168	205.926168	205.926
206.053878	206.053878	206.054
206.181587	206.181587	206.182
206.413787	206.413787	206.414
206.587937	206.587937	206.588
206.878186	206.878186	206.878
206.994286	206.994286	206.994
207.110385	207.110385	207.110
207.249705	207.249705	207.250
207.389025	207.389025	207.389
207.644444	207.644444	207.644
207.783764	207.783764	207.784
208.178503	208.178503	208.179
208.468753	208.468753	208.469
208.584853	208.584853	208.585
208.840272	208.840272	208.840
208.991202	208.991202	208.991
209.235011	209.235011	209.235
209.385941	209.385941	209.386
209.490431	209.490431	209.490
209.618141	209.618141	209.618
209.792290	209.792290	209.792
209.954830	209.954830	209.955
210.036100	210.036100	210.036
210.198639	210.198639	210.199
210.454059	210.454059	210.454
210.604989	210.604989	210.605
210.674649	210.674649	210.675
210.779138	210.779138	210.779
210.976508	210.976508	210.977
211.382857	211.382857	211.383
211.638277	211.638277	211.638
211.789206	211.789206	211.789
212.195556	212.195556	212.196
212.300045	212.300045	212.300
212.590295	212.590295	212.590
212.741224	212.741224	212.741
212.996644	212.996644	212.997
213.240454	213.240454	213.240
213.391383	213.391383	213.391
213.635193	213.635193	213.635
213.786122	213.786122	213.786
214.180862	214.180862	214.181
214.436281	214.436281	214.436
214.587211	214.587211	214.587
214.842630	214.842630	214.843
214.993560	214.993560	214.994
215.248980	215.248980	215.249
215.388299	215.388299	215.388
215.632109	215.632109	215.632
215.783039	215.783039	215.783
216.073288	216.073288	216.073
216.200998	216.200998	216.201
216.595737	216.595737	216.596
216.851156	216.851156	216.851
217.002086	217.002086	217.002
217.129796	217.129796	217.130
217.199456	217.199456	217.199
217.385215	217.385215	217.385
217.640635	217.640635	217.641
217.768345	217.768345	217.768
217.849615	217.849615	217.850
218.197914	218.197914	218.198
218.592653	218.592653	218.593
218.975782	218.975782	218.976
219.115102	219.115102	219.115
219.382132	219.382132	219.382
219.788481	219.788481	219.788
220.183220	220.183220	220.183
220.438639	220.438639	220.439
220.589569	220.589569	220.590
220.868209	220.868209	220.868
220.984308	220.984308	220.984
221.251338	221.251338	221.251
221.390658	221.390658	221.391
221.657687	221.657687	221.658
221.797007	221.797007	221.797
222.052426	222.052426	222.052
222.180136	222.180136	222.180
222.447166	222.447166	222.447
222.598095	222.598095	222.598
222.679365	222.679365	222.679
222.841905	222.841905	222.842
222.981224	222.981224	222.981
223.236644	223.236644	223.237
223.434014	223.434014	223.434
223.642993	223.642993	223.643
223.793923	223.793923	223.794
224.037732	224.037732	224.038
224.235102	224.235102	224.235
224.409252	224.409252	224.409
224.583401	224.583401	224.583
224.989751	224.989751	224.990
225.361270	225.361270	225.361
225.639909	225.639909	225.640
225.767619	225.767619	225.768
226.023039	226.023039	226.023
226.173968	226.173968	226.174
226.440998	226.440998	226.441
226.580317	226.580317	226.580
226.986667	226.986667	226.987
227.242086	227.242086	227.242
227.393016	227.393016	227.393
227.462676	227.462676	227.463
227.625215	227.625215	227.625
227.776145	227.776145	227.776
228.194104	228.194104	228.194
228.333424	228.333424	228.333
228.577234	228.577234	228.577
228.821043	228.821043	228.821
229.006803	229.006803	229.007
229.239002	229.239002	229.239
229.389932	229.389932	229.390
229.656961	229.656961	229.657
229.796281	229.796281	229.796
230.028481	230.028481	230.028
230.191020	230.191020	230.191
230.434830	230.434830	230.435
230.585760	230.585760	230.586
230.643810	230.643810	230.644
230.817959	230.817959	230.818
231.003719	231.003719	231.004
231.386848	231.386848	231.387
231.793197	231.793197	231.793
232.048617	232.048617	232.049
232.199546	232.199546	232.200
232.594286	232.594286	232.594
232.989025	232.989025	232.989
233.383764	233.383764	233.384
233.790113	233.790113	233.790
234.196463	234.196463	234.196
234.591202	234.591202	234.591
234.985941	234.985941	234.986
235.798639	235.798639	235.799
236.054059	236.054059	236.054
