0.330000	1.760000	58.000
0.690000	3.210000	66.000
0.690000	2.120000	63.000
1.430000	2.120000	84.000
1.430000	2.120000	77.000
1.810000	2.120000	58.000
2.170000	3.210000	63.000
2.170000	3.210000	58.000
2.170000	2.830000	78.000
2.880000	3.210000	77.000
2.880000	3.210000	65.000
3.260000	5.400000	77.000
3.260000	4.690000	58.000
3.620000	5.050000	63.000
4.740000	6.170000	58.000
5.100000	5.790000	63.000
5.450000	6.530000	66.000
5.840000	6.170000	84.000
6.220000	8.000000	58.000
6.220000	6.530000	77.000
6.220000	6.530000	49.000
6.580000	8.000000	63.000
6.580000	8.000000	51.000
6.940000	9.090000	66.000
6.940000	8.340000	56.000
6.940000	8.000000	77.000
8.050000	9.450000	63.000
8.050000	9.090000	58.000
8.050000	8.340000	54.000
8.390000	9.450000	51.000
8.390000	9.090000	53.000
9.140000	9.810000	58.000
9.140000	9.450000	49.000
9.500000	10.920000	63.000
9.500000	9.810000	51.000
9.860000	10.920000	66.000
9.860000	10.550000	88.000
9.860000	10.550000	73.000
9.860000	10.550000	53.000
10.600000	10.920000	58.000
10.600000	10.920000	56.000
10.600000	10.920000	54.000
10.970000	12.380000	77.000
10.970000	12.380000	65.000
10.970000	12.380000	63.000
10.970000	12.380000	58.000
12.430000	14.960000	77.000
12.430000	14.960000	58.000
12.430000	13.820000	63.000
13.870000	15.310000	63.000
13.870000	14.960000	65.000
15.010000	15.670000	58.000
15.010000	15.310000	77.000
15.360000	16.770000	63.000
15.720000	16.420000	66.000
15.720000	16.060000	78.000
16.110000	16.770000	77.000
16.110000	16.420000	84.000
16.470000	17.150000	58.000
16.470000	16.770000	49.000
16.820000	18.230000	63.000
16.820000	17.870000	51.000
17.200000	18.230000	77.000
17.200000	17.870000	66.000
17.200000	17.870000	58.000
17.550000	17.870000	84.000
17.920000	19.310000	58.000
17.920000	18.230000	56.000
18.280000	19.700000	63.000
18.280000	18.590000	54.000
18.640000	20.060000	66.000
18.640000	19.700000	51.000
18.640000	19.310000	53.000
19.360000	22.270000	58.000
19.360000	19.700000	73.000
19.360000	19.700000	49.000
19.750000	21.180000	63.000
19.750000	20.060000	51.000
20.110000	24.880000	66.000
20.110000	22.270000	51.000
20.110000	21.180000	82.000
20.110000	21.180000	80.000
21.230000	22.660000	63.000
21.230000	22.270000	84.000
22.320000	25.230000	58.000
22.320000	22.660000	49.000
22.710000	24.110000	77.000
22.710000	24.110000	63.000
22.710000	24.110000	56.000
22.710000	24.110000	51.000
24.160000	24.880000	63.000
24.160000	24.880000	54.000
24.160000	24.880000	53.000
24.930000	25.990000	66.000
24.930000	25.640000	51.000
24.930000	25.230000	63.000
25.280000	26.810000	58.000
25.280000	25.640000	73.000
25.280000	25.640000	49.000
25.690000	28.770000	51.000
25.690000	27.270000	63.000
26.040000	26.810000	82.000
26.040000	26.810000	77.000
26.040000	26.810000	66.000
26.860000	28.770000	58.000
26.860000	27.270000	80.000
27.320000	28.770000	84.000
27.320000	28.770000	77.000
27.320000	28.770000	63.000
28.820000	32.620000	80.000
28.820000	32.620000	73.000
28.820000	32.620000	58.000
28.820000	32.620000	49.000
32.670000	34.730000	63.000
32.670000	33.660000	58.000
32.670000	32.990000	27.000
32.670000	32.990000	23.000
33.040000	33.660000	51.000
33.040000	33.590000	39.000
33.480000	34.260000	67.000
33.480000	33.590000	46.000
33.710000	34.730000	58.000
33.710000	34.260000	51.000
33.710000	34.260000	27.000
34.310000	34.910000	51.000
34.310000	34.560000	67.000
34.310000	34.560000	46.000
34.610000	34.910000	46.000
34.780000	35.530000	58.000
34.780000	35.230000	63.000
34.780000	35.230000	27.000
34.960000	36.210000	51.000
34.960000	35.880000	46.000
34.960000	35.880000	39.000
35.580000	36.840000	58.000
35.580000	36.210000	27.000
35.930000	36.500000	46.000
35.930000	36.210000	39.000
36.260000	37.460000	51.000
36.550000	37.810000	46.000
36.550000	37.010000	27.000
36.890000	37.460000	39.000
37.360000	38.150000	58.000
37.510000	38.150000	51.000
37.510000	38.150000	39.000
37.860000	38.430000	46.000
38.200000	38.930000	51.000
38.200000	38.770000	58.000
38.480000	39.090000	39.000
38.480000	38.930000	27.000
38.480000	38.770000	36.000
38.820000	39.730000	46.000
38.820000	38.930000	55.000
38.980000	40.030000	51.000
39.310000	41.340000	58.000
39.450000	40.030000	39.000
39.450000	40.030000	27.000
39.450000	39.730000	34.000
39.780000	40.360000	46.000
39.950000	40.840000	75.000
40.080000	41.340000	51.000
40.080000	40.840000	39.000
40.410000	43.260000	63.000
40.410000	41.010000	27.000
40.410000	40.840000	34.000
40.890000	41.970000	75.000
40.890000	41.010000	82.000
40.890000	41.010000	39.000
41.060000	41.970000	82.000
41.060000	41.340000	46.000
41.390000	42.600000	51.000
41.390000	42.300000	80.000
41.390000	42.300000	73.000
41.390000	42.300000	58.000
41.390000	41.970000	27.000
42.020000	42.300000	82.000
42.020000	42.300000	61.000
42.020000	42.300000	46.000
42.020000	42.300000	39.000
42.350000	42.600000	47.000
42.350000	42.600000	39.000
42.650000	43.260000	39.000
42.650000	42.940000	78.000
42.650000	42.940000	47.000
42.990000	44.720000	70.000
42.990000	43.640000	75.000
42.990000	43.260000	59.000
43.310000	46.980000	58.000
43.310000	43.930000	27.000
43.690000	44.230000	46.000
43.690000	44.230000	39.000
43.690000	43.930000	75.000
43.980000	45.200000	75.000
43.980000	44.230000	82.000
43.980000	44.230000	77.000
44.280000	45.200000	46.000
44.280000	44.720000	82.000
44.280000	44.720000	39.000
44.770000	45.200000	51.000
44.770000	45.200000	39.000
45.250000	46.170000	46.000
45.250000	45.850000	39.000
45.250000	45.700000	51.000
45.750000	45.850000	51.000
45.900000	48.430000	51.000
46.220000	47.610000	46.000
46.220000	46.980000	39.000
46.560000	46.980000	77.000
47.030000	48.100000	58.000
47.180000	48.100000	39.000
47.180000	47.780000	27.000
47.180000	47.610000	35.000
47.660000	47.780000	46.000
47.830000	48.100000	46.000
48.150000	48.430000	39.000
48.320000	50.030000	63.000
48.320000	48.750000	27.000
48.480000	51.970000	51.000
48.480000	49.710000	82.000
48.480000	49.070000	46.000
48.480000	49.070000	39.000
48.480000	48.750000	87.000
49.120000	50.030000	61.000
49.120000	49.710000	46.000
49.120000	49.710000	39.000
49.760000	50.030000	82.000
50.080000	52.320000	63.000
50.080000	50.680000	71.000
50.080000	50.680000	27.000
50.430000	51.330000	39.000
50.430000	51.000000	75.000
50.430000	51.000000	59.000
50.430000	50.680000	46.000
51.050000	52.320000	70.000
51.050000	51.730000	27.000
51.050000	51.330000	75.000
51.380000	51.970000	46.000
51.380000	51.970000	39.000
51.380000	51.730000	82.000
51.380000	51.730000	75.000
51.380000	51.730000	35.000
51.780000	52.650000	75.000
51.780000	51.970000	82.000
51.780000	51.970000	77.000
52.020000	52.810000	51.000
52.020000	52.650000	46.000
52.370000	53.900000	63.000
52.370000	53.900000	58.000
52.370000	52.650000	27.000
52.700000	52.930000	46.000
52.700000	52.930000	39.000
52.860000	53.260000	51.000
52.980000	54.230000	39.000
52.980000	53.590000	46.000
52.980000	53.260000	75.000
52.980000	53.260000	55.000
53.310000	54.230000	51.000
53.640000	53.900000	46.000
53.950000	54.590000	58.000
53.950000	54.590000	27.000
53.950000	54.540000	63.000
54.280000	55.180000	39.000
54.280000	54.590000	51.000
54.280000	54.590000	46.000
54.640000	55.180000	46.000
54.640000	54.860000	58.000
54.640000	54.860000	51.000
54.910000	56.170000	58.000
54.910000	56.170000	51.000
54.910000	55.520000	27.000
55.230000	55.520000	46.000
55.230000	55.250000	39.000
55.300000	55.830000	39.000
55.570000	55.830000	46.000
55.880000	56.510000	27.000
55.880000	56.170000	66.000
55.880000	56.170000	63.000
56.220000	56.800000	39.000
56.220000	56.340000	46.000
56.390000	56.510000	47.000
56.730000	56.860000	51.000
56.910000	58.580000	51.000
56.910000	57.770000	58.000
56.910000	57.490000	27.000
56.910000	57.170000	47.000
57.220000	57.340000	65.000
57.220000	57.340000	39.000
57.390000	57.770000	39.000
57.390000	57.490000	66.000
57.540000	57.770000	82.000
57.540000	57.770000	46.000
57.870000	58.740000	58.000
57.870000	58.310000	27.000
57.870000	58.120000	66.000
57.870000	58.120000	63.000
58.170000	58.580000	39.000
58.170000	58.310000	84.000
58.170000	58.310000	46.000
58.360000	58.450000	66.000
58.630000	59.700000	51.000
58.630000	59.070000	46.000
58.630000	58.740000	82.000
58.790000	60.060000	58.000
58.790000	59.400000	27.000
58.790000	59.070000	66.000
58.790000	59.070000	63.000
59.120000	59.700000	39.000
59.120000	59.240000	46.000
59.290000	59.400000	66.000
59.450000	60.060000	63.000
59.450000	59.700000	46.000
59.750000	60.220000	46.000
59.750000	60.060000	66.000
59.750000	60.060000	39.000
60.110000	60.220000	68.000
60.270000	60.670000	66.000
60.420000	61.030000	51.000
60.420000	60.510000	58.000
60.560000	60.670000	46.000
60.720000	61.190000	46.000
60.720000	61.190000	39.000
60.720000	61.030000	82.000
60.720000	61.030000	66.000
61.080000	61.350000	27.000
61.080000	61.190000	68.000
61.080000	61.190000	65.000
61.240000	61.640000	66.000
61.240000	61.640000	39.000
61.510000	62.160000	63.000
61.510000	62.000000	51.000
61.690000	62.330000	27.000
61.690000	62.000000	70.000
61.690000	62.000000	66.000
62.050000	62.600000	46.000
62.050000	62.160000	39.000
62.210000	62.970000	39.000
62.210000	62.330000	66.000
62.380000	63.130000	51.000
62.380000	62.970000	66.000
62.380000	62.600000	58.000
62.650000	63.280000	27.000
62.650000	62.970000	70.000
62.650000	62.970000	63.000
62.650000	62.970000	47.000
63.020000	63.280000	46.000
63.020000	63.280000	39.000
63.180000	63.570000	66.000
63.330000	63.570000	64.000
63.330000	63.570000	51.000
63.700000	64.240000	63.000
63.700000	63.920000	66.000
63.700000	63.920000	27.000
63.970000	64.090000	75.000
63.970000	64.090000	46.000
63.970000	64.090000	39.000
64.140000	64.410000	75.000
64.290000	64.540000	73.000
64.460000	64.540000	41.000
64.590000	65.200000	89.000
64.590000	65.200000	82.000
64.590000	65.040000	30.000
64.590000	64.880000	42.000
64.930000	65.200000	58.000
64.930000	65.200000	42.000
65.250000	65.350000	68.000
65.400000	65.510000	32.000
65.560000	65.840000	68.000
65.690000	66.320000	35.000
65.890000	66.470000	68.000
66.050000	66.150000	56.000
66.050000	66.150000	54.000
66.050000	66.150000	47.000
66.200000	66.470000	56.000
66.200000	66.320000	70.000
66.370000	66.820000	47.000
66.520000	66.980000	75.000
66.520000	66.980000	46.000
66.520000	66.980000	39.000
66.520000	66.820000	44.000
66.520000	66.820000	35.000
66.870000	67.610000	63.000
66.870000	67.140000	27.000
66.870000	66.980000	58.000
67.030000	67.140000	75.000
67.030000	67.140000	39.000
67.190000	67.610000	75.000
67.190000	67.430000	39.000
67.480000	67.610000	58.000
67.480000	67.610000	51.000
67.660000	68.710000	34.000
67.660000	68.250000	41.000
67.660000	67.930000	70.000
67.980000	68.250000	51.000
68.300000	69.370000	46.000
68.300000	68.410000	54.000
68.460000	69.550000	53.000
68.460000	68.710000	68.000
68.760000	69.370000	34.000
68.760000	69.050000	68.000
69.100000	69.370000	85.000
69.100000	69.370000	54.000
69.100000	69.370000	41.000
69.420000	70.970000	41.000
69.420000	69.550000	46.000
69.600000	70.970000	53.000
69.600000	69.700000	60.000
69.750000	71.210000	46.000
69.750000	69.870000	62.000
69.920000	70.020000	51.000
70.070000	70.330000	78.000
70.380000	71.310000	34.000
70.380000	71.140000	92.000
70.380000	70.970000	87.000
70.380000	70.970000	70.000
70.380000	70.970000	65.000
70.380000	70.970000	56.000
71.020000	71.210000	66.000
71.360000	72.130000	53.000
71.360000	71.980000	46.000
71.530000	72.280000	34.000
71.860000	71.980000	63.000
71.860000	71.980000	51.000
72.030000	72.280000	46.000
72.030000	72.130000	77.000
72.180000	72.280000	54.000
72.330000	74.070000	46.000
72.330000	72.480000	82.000
72.530000	73.240000	41.000
72.680000	73.240000	34.000
72.820000	72.930000	63.000
72.980000	73.590000	58.000
72.980000	73.240000	65.000
73.290000	74.070000	34.000
73.290000	73.590000	70.000
73.640000	73.770000	65.000
73.640000	73.770000	50.000
73.820000	74.070000	51.000
74.120000	74.220000	66.000
74.120000	74.220000	53.000
74.120000	74.220000	46.000
74.270000	74.560000	46.000
74.430000	75.180000	34.000
74.430000	74.560000	70.000
74.430000	74.560000	48.000
74.430000	74.560000	41.000
74.610000	75.020000	41.000
74.610000	74.890000	46.000
74.610000	74.720000	62.000
74.770000	74.890000	63.000
74.940000	75.510000	46.000
75.070000	75.180000	78.000
75.070000	75.180000	53.000
75.230000	75.710000	27.000
75.230000	75.510000	63.000
75.560000	75.820000	56.000
75.560000	75.710000	46.000
75.560000	75.710000	39.000
75.760000	76.140000	39.000
75.760000	75.820000	37.000
75.870000	76.460000	66.000
75.870000	76.140000	75.000
75.870000	76.140000	49.000
75.870000	76.140000	44.000
75.870000	76.140000	35.000
76.190000	77.100000	35.000
76.190000	76.460000	75.000
76.190000	76.460000	71.000
76.510000	78.400000	70.000
76.510000	78.080000	34.000
76.510000	76.780000	65.000
76.830000	77.100000	65.000
76.830000	77.100000	44.000
77.150000	77.760000	65.000
77.150000	77.430000	44.000
77.530000	78.080000	53.000
77.530000	77.760000	46.000
77.530000	77.760000	44.000
77.810000	78.400000	49.000
77.810000	78.080000	46.000
77.810000	78.080000	42.000
78.130000	78.400000	63.000
78.130000	78.400000	58.000
78.130000	78.400000	42.000
78.450000	78.710000	48.000
78.450000	78.710000	41.000
78.760000	79.360000	87.000
78.760000	79.030000	58.000
78.760000	79.030000	51.000
78.760000	79.030000	47.000
79.080000	79.130000	75.000
79.180000	79.680000	39.000
79.180000	79.360000	75.000
79.180000	79.360000	70.000
79.180000	79.360000	23.000
79.410000	79.990000	73.000
79.410000	79.680000	80.000
79.410000	79.680000	63.000
79.410000	79.680000	37.000
79.730000	79.840000	54.000
79.730000	79.840000	47.000
79.890000	80.970000	39.000
79.890000	80.320000	71.000
79.890000	80.320000	59.000
79.890000	79.990000	61.000
80.370000	80.970000	59.000
80.370000	80.640000	70.000
80.370000	80.640000	65.000
80.370000	80.640000	34.000
80.690000	80.970000	75.000
80.690000	80.970000	68.000
80.690000	80.970000	32.000
81.020000	81.300000	77.000
81.020000	81.300000	70.000
81.020000	81.300000	34.000
81.020000	81.170000	56.000
81.220000	81.300000	46.000
81.350000	81.620000	75.000
81.350000	81.620000	68.000
81.350000	81.620000	32.000
81.670000	81.940000	66.000
81.670000	81.800000	73.000
81.850000	81.940000	30.000
81.990000	82.260000	73.000
81.990000	82.260000	66.000
81.990000	82.260000	39.000
81.990000	82.260000	30.000
82.310000	82.580000	65.000
82.310000	82.370000	54.000
82.420000	82.580000	72.000
82.420000	82.580000	56.000
82.420000	82.580000	29.000
82.630000	82.910000	54.000
82.630000	82.910000	51.000
82.630000	82.910000	47.000
82.960000	84.840000	51.000
82.960000	83.550000	46.000
82.960000	83.240000	67.000
82.960000	83.240000	47.000
83.290000	85.640000	39.000
83.290000	83.550000	73.000
83.290000	83.550000	68.000
83.290000	83.550000	37.000
83.600000	83.880000	66.000
83.600000	83.880000	49.000
83.600000	83.880000	35.000
83.930000	84.520000	35.000
83.930000	84.200000	66.000
84.250000	84.840000	65.000
84.250000	84.840000	34.000
84.570000	85.160000	53.000
84.570000	85.160000	46.000
84.570000	84.840000	44.000
84.890000	86.200000	34.000
84.890000	85.570000	65.000
84.890000	85.160000	74.000
85.210000	86.130000	44.000
85.210000	85.570000	53.000
85.210000	85.480000	46.000
85.690000	85.810000	46.000
85.690000	85.810000	42.000
85.860000	86.200000	61.000
85.860000	85.940000	46.000
85.990000	86.310000	46.000
85.990000	86.200000	42.000
85.990000	86.130000	39.000
86.280000	86.310000	41.000
86.360000	86.450000	46.000
86.360000	86.450000	44.000
86.360000	86.450000	41.000
86.500000	86.770000	75.000
86.500000	86.770000	44.000
86.500000	86.640000	42.000
86.500000	86.640000	39.000
86.690000	86.960000	39.000
86.820000	87.350000	75.000
87.010000	87.420000	39.000
87.170000	87.740000	37.000
87.170000	87.420000	73.000
87.170000	87.420000	68.000
87.170000	87.420000	51.000
87.470000	87.740000	71.000
87.470000	87.740000	49.000
87.470000	87.740000	39.000
87.470000	87.740000	35.000
87.790000	88.050000	78.000
87.790000	88.050000	71.000
87.790000	88.050000	35.000
88.100000	88.380000	70.000
88.100000	88.380000	65.000
88.100000	88.380000	59.000
88.100000	88.380000	34.000
88.430000	88.780000	44.000
88.430000	88.700000	80.000
88.430000	88.700000	75.000
88.830000	89.340000	34.000
88.830000	89.040000	70.000
88.830000	89.040000	65.000
89.090000	89.340000	80.000
89.090000	89.340000	75.000
89.090000	89.340000	70.000
89.090000	89.340000	44.000
89.390000	89.680000	66.000
89.390000	89.680000	30.000
89.390000	89.550000	73.000
89.390000	89.550000	44.000
89.600000	90.020000	54.000
89.730000	90.260000	30.000
89.730000	90.020000	66.000
89.730000	90.020000	61.000
90.070000	90.320000	84.000
90.070000	90.320000	77.000
90.070000	90.320000	41.000
90.070000	90.260000	42.000
90.370000	100.570000	63.000
90.370000	94.490000	70.000
90.370000	90.640000	54.000
90.370000	90.640000	27.000
90.690000	103.620000	39.000
90.690000	94.490000	46.000
90.690000	94.170000	75.000
90.690000	92.570000	85.000
90.690000	92.570000	77.000
90.690000	92.570000	69.000
92.620000	94.170000	82.000
92.620000	94.170000	77.000
94.220000	95.120000	75.000
94.540000	96.090000	70.000
95.170000	96.410000	75.000
95.170000	96.410000	46.000
96.140000	99.930000	51.000
96.460000	97.050000	78.000
97.100000	97.380000	89.000
97.430000	98.330000	87.000
97.430000	98.010000	78.000
98.060000	98.330000	85.000
98.380000	98.970000	87.000
98.380000	98.970000	78.000
98.380000	98.970000	77.000
99.340000	99.610000	78.000
99.660000	99.930000	77.000
99.830000	99.930000	78.000
99.980000	101.850000	51.000
99.980000	100.250000	92.000
99.980000	100.250000	87.000
100.300000	100.570000	78.000
100.620000	101.210000	77.000
100.790000	100.900000	78.000
100.950000	101.690000	75.000
100.950000	101.530000	70.000
101.260000	101.530000	78.000
101.260000	101.530000	46.000
101.580000	101.850000	77.000
101.740000	102.180000	78.000
101.900000	104.100000	51.000
101.900000	102.180000	87.000
101.900000	102.180000	85.000
102.230000	103.130000	87.000
102.230000	103.130000	78.000
102.230000	102.820000	77.000
103.180000	103.620000	78.000
103.180000	103.460000	85.000
103.510000	103.780000	85.000
103.670000	105.070000	39.000
103.670000	103.780000	78.000
103.830000	104.100000	92.000
103.830000	104.100000	75.000
104.150000	107.480000	51.000
104.150000	104.740000	78.000
104.150000	104.400000	83.000
104.450000	104.740000	83.000
104.790000	105.700000	75.000
104.790000	105.070000	89.000
104.790000	105.070000	58.000
105.120000	106.150000	39.000
105.120000	105.550000	82.000
105.120000	105.550000	78.000
105.600000	105.700000	82.000
105.750000	106.150000	75.000
105.750000	106.030000	85.000
105.750000	106.030000	78.000
106.080000	106.670000	78.000
106.200000	107.320000	39.000
106.200000	106.990000	59.000
106.200000	106.670000	75.000
106.720000	107.320000	75.000
106.720000	106.990000	78.000
106.720000	106.990000	71.000
107.040000	107.630000	61.000
107.040000	107.480000	78.000
107.040000	107.480000	58.000
107.040000	107.320000	63.000
107.370000	110.840000	39.000
107.370000	107.480000	77.000
107.530000	109.230000	51.000
107.530000	107.630000	58.000
107.680000	107.950000	75.000
107.680000	107.950000	63.000
107.680000	107.950000	61.000
107.680000	107.950000	58.000
108.000000	108.430000	59.000
108.000000	108.430000	56.000
108.000000	108.270000	78.000
108.320000	108.430000	77.000
108.320000	108.430000	68.000
108.480000	108.910000	71.000
108.480000	108.590000	78.000
108.480000	108.590000	68.000
108.640000	109.550000	75.000
108.640000	109.230000	59.000
108.640000	108.910000	68.000
108.960000	109.550000	70.000
108.960000	109.230000	78.000
109.280000	110.200000	51.000
109.280000	109.880000	58.000
109.450000	109.880000	78.000
109.450000	109.880000	63.000
109.600000	111.160000	75.000
109.600000	110.200000	70.000
109.600000	109.880000	85.000
109.930000	110.840000	47.000
109.930000	110.200000	78.000
109.930000	110.200000	63.000
110.250000	111.490000	63.000
110.250000	110.370000	66.000
110.420000	111.320000	66.000
110.420000	110.520000	56.000
110.570000	111.160000	58.000
110.570000	110.840000	59.000
110.890000	111.810000	70.000
110.890000	111.160000	78.000
111.210000	111.320000	58.000
111.370000	112.450000	51.000
111.370000	112.140000	66.000
111.370000	111.490000	58.000
111.540000	112.450000	63.000
111.540000	111.810000	92.000
111.540000	111.810000	58.000
111.860000	113.100000	47.000
111.860000	112.450000	87.000
111.860000	112.450000	78.000
112.190000	112.780000	66.000
112.190000	112.780000	59.000
112.500000	113.250000	63.000
112.500000	112.780000	70.000
112.500000	112.780000	68.000
112.830000	113.750000	70.000
112.830000	113.100000	66.000
112.830000	113.100000	58.000
113.150000	115.030000	51.000
113.150000	114.060000	66.000
113.150000	113.750000	58.000
113.300000	113.750000	63.000
113.480000	113.750000	85.000
113.800000	116.000000	63.000
113.800000	115.030000	47.000
113.800000	114.060000	78.000
114.110000	115.030000	66.000
114.110000	114.710000	68.000
114.110000	114.390000	78.000
114.440000	115.680000	70.000
114.760000	115.030000	78.000
114.760000	115.030000	58.000
115.080000	116.320000	51.000
115.080000	116.000000	66.000
115.080000	115.360000	58.000
115.410000	116.320000	75.000
115.410000	115.680000	92.000
115.410000	115.680000	58.000
115.730000	116.320000	47.000
115.730000	116.000000	87.000
115.730000	116.000000	78.000
116.050000	117.290000	66.000
116.050000	117.290000	63.000
116.050000	116.320000	77.000
116.050000	116.160000	58.000
116.370000	117.290000	75.000
116.370000	116.970000	70.000
116.370000	116.640000	58.000
116.370000	116.640000	56.000
116.690000	117.610000	51.000
116.690000	116.970000	78.000
117.020000	117.290000	77.000
117.020000	117.290000	70.000
117.340000	118.110000	75.000
117.340000	117.940000	63.000
117.340000	117.610000	85.000
117.340000	117.610000	78.000
117.340000	117.610000	70.000
117.660000	119.110000	51.000
117.660000	118.260000	39.000
117.660000	118.110000	46.000
118.310000	118.420000	47.000
118.470000	118.580000	39.000
118.630000	118.900000	46.000
118.950000	119.060000	58.000
119.160000	119.380000	47.000
119.160000	119.300000	51.000
119.350000	119.380000	51.000
119.480000	119.540000	39.000
119.590000	120.030000	51.000
119.590000	120.030000	46.000
119.910000	120.030000	39.000
120.290000	120.350000	58.000
120.290000	120.350000	51.000
120.440000	120.510000	47.000
120.560000	121.000000	39.000
120.560000	120.830000	55.000
120.560000	120.830000	47.000
120.560000	120.830000	46.000
121.050000	121.480000	39.000
121.410000	121.960000	58.000
121.410000	121.800000	51.000
121.530000	121.800000	39.000
121.850000	122.450000	51.000
121.850000	121.960000	46.000
122.010000	122.280000	58.000
122.330000	122.810000	58.000
122.500000	122.810000	39.000
122.500000	122.760000	51.000
122.500000	122.760000	46.000
122.860000	123.090000	58.000
122.860000	123.090000	51.000
122.980000	123.090000	39.000
123.140000	123.730000	58.000
123.140000	123.250000	51.000
123.300000	123.730000	51.000
123.460000	123.730000	46.000
123.460000	123.730000	39.000
123.780000	124.380000	51.000
123.780000	123.890000	58.000
123.940000	124.220000	58.000
124.110000	124.380000	39.000
124.430000	125.010000	51.000
124.430000	125.010000	39.000
124.430000	124.700000	46.000
125.060000	125.230000	51.000
125.390000	125.990000	82.000
125.390000	125.840000	46.000
125.390000	125.840000	39.000
125.390000	125.680000	75.000
125.730000	125.990000	75.000
125.890000	126.950000	63.000
126.040000	126.320000	75.000
126.040000	126.160000	39.000
126.210000	126.950000	39.000
126.370000	126.950000	61.000
126.370000	126.810000	27.000
126.370000	126.650000	70.000
126.700000	126.950000	46.000
127.000000	127.280000	61.000
127.000000	127.280000	27.000
127.000000	127.130000	63.000
127.450000	127.940000	59.000
127.450000	127.770000	51.000
127.660000	127.770000	39.000
127.820000	128.250000	71.000
127.820000	127.940000	46.000
127.990000	128.250000	59.000
128.170000	129.880000	51.000
128.300000	128.770000	77.000
128.300000	128.770000	39.000
128.300000	128.600000	70.000
128.650000	129.210000	70.000
128.820000	128.890000	46.000
128.820000	128.890000	39.000
128.940000	129.560000	39.000
128.940000	129.210000	77.000
128.940000	129.210000	46.000
129.260000	130.200000	59.000
129.260000	129.720000	75.000
129.260000	129.560000	27.000
129.610000	130.200000	87.000
129.770000	130.200000	75.000
129.770000	129.880000	39.000
129.930000	130.510000	51.000
130.080000	130.510000	39.000
130.080000	130.200000	47.000
130.250000	131.050000	61.000
130.250000	130.510000	46.000
130.720000	131.140000	39.000
130.720000	130.990000	80.000
130.720000	130.990000	42.000
130.720000	130.990000	27.000
131.100000	131.500000	51.000
131.100000	131.140000	61.000
131.100000	131.140000	58.000
131.190000	132.110000	59.000
131.190000	131.500000	56.000
131.190000	131.500000	46.000
131.190000	131.500000	39.000
131.550000	132.110000	78.000
131.550000	132.110000	71.000
131.550000	131.810000	39.000
131.860000	132.110000	90.000
131.860000	132.110000	83.000
131.860000	131.990000	51.000
132.040000	132.960000	51.000
132.160000	132.420000	46.000
132.160000	132.420000	39.000
132.160000	132.420000	35.000
132.470000	132.750000	70.000
132.470000	132.600000	39.000
132.650000	132.750000	46.000
132.650000	132.750000	39.000
132.800000	133.080000	70.000
132.800000	132.960000	39.000
133.130000	133.890000	70.000
133.130000	133.720000	56.000
133.130000	133.590000	39.000
133.130000	133.420000	87.000
133.640000	133.770000	66.000
133.640000	133.720000	51.000
133.820000	134.690000	51.000
133.940000	134.040000	68.000
133.940000	134.040000	63.000
133.940000	134.040000	27.000
134.090000	134.530000	39.000
134.260000	134.690000	80.000
134.260000	134.390000	46.000
134.440000	134.530000	65.000
134.580000	134.870000	66.000
134.580000	134.690000	39.000
134.740000	135.980000	51.000
134.740000	134.920000	73.000
134.970000	135.340000	27.000
135.060000	136.300000	75.000
135.060000	135.510000	68.000
135.060000	135.510000	46.000
135.060000	135.340000	66.000
135.060000	135.340000	39.000
135.560000	135.660000	66.000
135.710000	137.910000	63.000
135.710000	135.980000	68.000
135.710000	135.980000	27.000
135.890000	135.980000	39.000
136.030000	136.300000	66.000
136.190000	136.630000	46.000
136.190000	136.460000	39.000
136.510000	138.390000	51.000
136.510000	137.270000	82.000
136.510000	136.630000	66.000
136.680000	136.940000	75.000
136.680000	136.940000	70.000
136.680000	136.940000	39.000
136.990000	137.910000	75.000
136.990000	137.270000	70.000
136.990000	137.270000	66.000
137.320000	137.910000	27.000
137.320000	137.750000	70.000
137.470000	137.910000	66.000
137.470000	137.750000	39.000
137.650000	137.750000	46.000
137.800000	137.910000	70.000
137.960000	138.230000	66.000
137.960000	138.230000	46.000
138.130000	138.560000	39.000
138.130000	138.230000	80.000
138.440000	139.150000	66.000
138.700000	138.880000	75.000
138.780000	139.150000	39.000
138.930000	139.020000	46.000
139.280000	139.540000	51.000
139.280000	139.360000	46.000
139.410000	139.540000	78.000
139.410000	139.540000	42.000
139.410000	139.540000	39.000
139.590000	140.020000	51.000
139.750000	140.170000	39.000
139.890000	140.020000	66.000
140.070000	140.810000	51.000
140.220000	140.590000	82.000
140.390000	140.810000	70.000
140.390000	140.590000	66.000
140.390000	140.590000	39.000
140.640000	140.810000	75.000
140.640000	140.810000	39.000
140.860000	141.110000	82.000
140.860000	141.110000	75.000
141.050000	141.610000	27.000
141.200000	141.610000	51.000
141.200000	141.520000	87.000
141.200000	141.320000	58.000
141.370000	141.610000	46.000
141.370000	141.520000	39.000
141.570000	141.610000	39.000
141.840000	142.750000	70.000
141.840000	142.480000	30.000
141.840000	142.130000	66.000
142.180000	142.750000	42.000
142.180000	142.480000	89.000
142.180000	142.290000	82.000
142.340000	142.480000	82.000
142.530000	142.600000	56.000
142.650000	142.750000	58.000
142.800000	143.420000	68.000
142.800000	143.420000	59.000
142.800000	143.090000	75.000
142.800000	143.090000	54.000
142.800000	143.090000	23.000
143.140000	143.420000	35.000
143.140000	143.250000	56.000
143.300000	143.420000	87.000
143.300000	143.420000	56.000
143.470000	143.560000	47.000
143.470000	143.560000	37.000
143.610000	144.060000	58.000
143.610000	143.710000	56.000
143.760000	144.850000	82.000
143.760000	144.670000	51.000
143.760000	144.380000	39.000
143.760000	144.060000	68.000
144.110000	144.380000	75.000
144.270000	144.380000	46.000
144.430000	145.000000	70.000
144.430000	144.670000	75.000
144.430000	144.670000	39.000
144.720000	145.500000	46.000
144.900000	146.610000	34.000
144.900000	145.600000	41.000
145.050000	145.170000	50.000
145.380000	145.500000	77.000
145.550000	145.800000	66.000
145.650000	145.800000	68.000
145.650000	145.800000	54.000
145.850000	146.280000	41.000
145.850000	145.970000	66.000
146.020000	146.280000	92.000
146.020000	146.280000	87.000
146.020000	146.280000	56.000
146.330000	146.610000	68.000
146.330000	146.610000	54.000
146.330000	146.610000	53.000
146.660000	147.580000	58.000
146.800000	147.080000	46.000
146.950000	148.210000	41.000
146.950000	148.210000	34.000
147.130000	147.360000	51.000
147.300000	149.330000	46.000
147.410000	147.580000	78.000
147.630000	148.210000	56.000
147.800000	148.440000	68.000
147.800000	148.210000	82.000
147.800000	148.210000	80.000
148.260000	148.490000	34.000
148.260000	148.440000	85.000
148.260000	148.440000	78.000
148.540000	148.910000	34.000
148.610000	148.730000	66.000
148.780000	149.400000	51.000
148.780000	148.910000	58.000
148.960000	149.620000	63.000
148.960000	149.400000	56.000
148.960000	149.330000	70.000
148.960000	149.330000	68.000
148.960000	149.330000	65.000
149.450000	149.510000	75.000
149.670000	149.880000	66.000
149.670000	149.880000	30.000
149.670000	149.840000	51.000
149.930000	150.030000	65.000
150.270000	150.510000	75.000
150.270000	150.510000	46.000
150.270000	150.510000	39.000
150.640000	151.450000	75.000
150.640000	150.760000	66.000
150.640000	150.760000	35.000
150.880000	151.220000	56.000
150.880000	151.220000	51.000
150.880000	151.160000	65.000
150.880000	151.160000	34.000
151.270000	151.450000	56.000
151.270000	151.450000	51.000
151.500000	151.770000	66.000
151.500000	151.770000	51.000
151.500000	151.770000	30.000
151.820000	151.920000	65.000
151.970000	152.410000	58.000
151.970000	152.100000	90.000
151.970000	152.100000	42.000
152.150000	152.740000	78.000
152.150000	152.740000	63.000
152.150000	152.410000	70.000
152.150000	152.410000	27.000
152.460000	152.740000	66.000
152.460000	152.740000	51.000
152.460000	152.740000	46.000
152.860000	152.900000	65.000
152.950000	153.070000	39.000
153.120000	153.380000	78.000
153.120000	153.380000	47.000
153.120000	153.380000	39.000
153.430000	153.710000	54.000
153.430000	153.710000	27.000
153.840000	153.870000	65.000
153.920000	154.350000	27.000
153.920000	154.030000	54.000
154.080000	154.350000	75.000
154.080000	154.350000	46.000
154.080000	154.350000	39.000
154.400000	155.310000	85.000
154.400000	154.670000	70.000
154.400000	154.670000	54.000
154.400000	154.670000	27.000
154.720000	155.000000	51.000
154.720000	154.840000	65.000
154.890000	155.000000	54.000
154.890000	155.000000	27.000
155.050000	155.150000	54.000
155.050000	155.150000	51.000
155.200000	155.640000	66.000
155.200000	155.310000	51.000
155.360000	155.640000	87.000
155.360000	155.640000	82.000
155.360000	155.640000	78.000
155.360000	155.640000	51.000
155.360000	155.640000	42.000
155.360000	155.640000	35.000
155.690000	155.960000	87.000
155.690000	155.810000	46.000
155.860000	155.960000	39.000
156.010000	156.280000	78.000
156.010000	156.280000	51.000
156.010000	156.280000	47.000
156.330000	156.610000	51.000
156.510000	157.160000	75.000
156.510000	156.610000	46.000
156.510000	156.610000	39.000
156.660000	156.780000	63.000
156.830000	157.090000	87.000
156.830000	157.090000	39.000
156.830000	156.920000	46.000
157.300000	158.700000	75.000
157.300000	158.060000	82.000
157.300000	157.660000	42.000
157.300000	157.580000	89.000
157.710000	157.980000	42.000
158.110000	158.210000	56.000
158.190000	158.210000	66.000
158.260000	158.920000	56.000
158.260000	158.920000	35.000
158.260000	158.860000	87.000
158.260000	158.530000	40.000
158.750000	159.190000	75.000
158.750000	159.070000	68.000
158.910000	159.020000	54.000
158.970000	159.070000	56.000
159.120000	159.190000	68.000
159.120000	159.190000	35.000
159.240000	160.140000	75.000
159.240000	159.570000	39.000
159.240000	159.500000	32.000
159.740000	160.140000	51.000
159.990000	160.140000	63.000
159.990000	160.140000	27.000
160.190000	161.750000	46.000
160.340000	164.010000	34.000
160.340000	161.750000	41.000
160.340000	160.470000	70.000
160.520000	160.790000	63.000
160.840000	161.300000	77.000
160.840000	161.300000	68.000
160.840000	161.300000	66.000
161.350000	163.060000	70.000
161.350000	161.750000	68.000
161.350000	161.750000	65.000
161.800000	162.010000	68.000
161.800000	162.010000	66.000
162.130000	164.010000	41.000
162.130000	163.700000	46.000
162.130000	162.580000	86.000
162.130000	162.580000	77.000
162.130000	162.580000	72.000
162.630000	163.060000	66.000
162.630000	163.060000	63.000
163.110000	163.700000	77.000
163.110000	163.700000	68.000
163.750000	164.010000	66.000
163.750000	164.010000	53.000
163.750000	164.010000	46.000
164.060000	165.950000	53.000
164.060000	165.950000	46.000
164.060000	164.360000	82.000
164.060000	164.360000	60.000
164.410000	164.980000	34.000
164.410000	164.810000	65.000
164.410000	164.690000	63.000
164.860000	164.980000	66.000
164.860000	164.980000	65.000
165.030000	165.500000	65.000
165.030000	165.210000	70.000
165.030000	165.210000	34.000
165.260000	165.950000	34.000
165.260000	165.830000	41.000
165.260000	165.500000	86.000
165.260000	165.500000	72.000
165.550000	165.830000	65.000
165.550000	165.830000	63.000
165.880000	165.950000	66.000
166.000000	166.600000	46.000
166.000000	166.180000	62.000
166.230000	166.780000	51.000
166.230000	166.600000	60.000
166.230000	166.600000	50.000
166.650000	166.780000	77.000
166.830000	166.990000	54.000
166.960000	166.990000	46.000
167.040000	167.400000	46.000
167.150000	167.240000	34.000
167.290000	167.560000	34.000
167.610000	168.370000	58.000
167.610000	167.880000	53.000
167.780000	168.370000	46.000
167.930000	168.850000	39.000
167.930000	168.220000	87.000
167.930000	168.220000	78.000
168.270000	168.370000	65.000
168.420000	168.540000	66.000
168.680000	168.850000	87.000
168.680000	168.850000	51.000
168.900000	169.810000	37.000
168.900000	169.190000	66.000
168.900000	169.190000	39.000
169.240000	169.810000	44.000
169.560000	169.810000	63.000
169.710000	169.810000	54.000
169.970000	170.780000	35.000
169.970000	170.140000	66.000
170.350000	170.700000	42.000
170.510000	170.610000	75.000
170.750000	170.960000	47.000
170.830000	171.110000	66.000
170.830000	170.960000	35.000
171.010000	171.110000	90.000
171.010000	171.110000	34.000
171.160000	171.750000	46.000
171.160000	171.430000	53.000
171.320000	171.430000	34.000
171.320000	171.430000	30.000
171.480000	172.010000	63.000
171.480000	171.750000	58.000
171.480000	171.750000	27.000
171.800000	172.070000	75.000
171.800000	172.070000	66.000
171.800000	172.070000	39.000
171.800000	172.010000	70.000
172.120000	173.050000	66.000
172.120000	172.710000	75.000
172.120000	172.710000	70.000
172.120000	172.710000	39.000
172.760000	173.680000	44.000
172.760000	173.680000	37.000
172.760000	173.050000	88.000
172.760000	173.050000	51.000
173.100000	173.680000	49.000
173.260000	174.020000	66.000
173.260000	173.680000	70.000
173.260000	173.680000	63.000
173.260000	173.680000	56.000
173.730000	174.330000	35.000
173.730000	174.170000	42.000
173.730000	174.020000	78.000
174.070000	174.170000	71.000
174.220000	174.650000	42.000
174.380000	174.650000	35.000
174.380000	174.470000	66.000
174.520000	174.650000	75.000
174.520000	174.650000	66.000
174.700000	174.970000	66.000
174.700000	174.970000	35.000
174.700000	174.970000	34.000
175.020000	175.470000	78.000
175.020000	175.470000	46.000
175.020000	175.290000	82.000
175.020000	175.290000	53.000
175.020000	175.290000	30.000
175.340000	175.710000	63.000
175.340000	175.620000	66.000
175.520000	175.620000	34.000
175.520000	175.620000	27.000
175.760000	176.580000	63.000
175.760000	176.110000	27.000
176.000000	176.110000	46.000
176.000000	176.110000	39.000
176.160000	176.920000	51.000
176.310000	176.490000	66.000
176.310000	176.490000	39.000
176.310000	176.420000	46.000
176.540000	176.920000	39.000
176.630000	176.920000	66.000
176.630000	176.920000	63.000
176.630000	176.920000	27.000
176.970000	178.510000	63.000
177.130000	177.550000	75.000
177.130000	177.550000	39.000
177.290000	177.890000	87.000
177.460000	177.550000	47.000
177.600000	178.360000	75.000
177.940000	178.110000	39.000
178.160000	178.210000	39.000
178.260000	178.360000	27.000
178.410000	179.010000	75.000
178.410000	178.840000	39.000
178.560000	178.840000	66.000
178.560000	178.840000	63.000
178.560000	178.840000	58.000
178.560000	178.840000	27.000
178.890000	180.140000	63.000
178.890000	179.010000	68.000
178.890000	179.010000	65.000
179.060000	179.170000	75.000
179.060000	179.170000	58.000
179.220000	179.480000	39.000
179.220000	179.340000	75.000
179.220000	179.340000	46.000
179.390000	179.480000	75.000
179.530000	180.440000	75.000
179.530000	179.970000	82.000
179.530000	179.970000	39.000
179.870000	180.960000	87.000
179.870000	180.290000	51.000
180.190000	181.270000	63.000
180.190000	180.290000	66.000
180.190000	180.290000	27.000
180.340000	181.750000	51.000
180.340000	180.440000	46.000
180.490000	180.960000	39.000
180.490000	180.790000	82.000
180.490000	180.790000	75.000
180.840000	181.410000	75.000
180.840000	180.960000	46.000
181.010000	181.750000	87.000
181.010000	181.410000	39.000
181.010000	181.130000	46.000
181.320000	181.410000	77.000
181.460000	182.880000	75.000
181.460000	181.750000	82.000
181.460000	181.750000	46.000
181.800000	183.940000	87.000
181.800000	182.060000	39.000
182.110000	183.070000	51.000
182.110000	182.230000	58.000
182.110000	182.230000	54.000
182.640000	183.070000	39.000
182.640000	182.740000	66.000
182.640000	182.740000	46.000
182.930000	183.350000	75.000
182.930000	183.070000	27.000
183.120000	183.940000	51.000
183.400000	184.190000	39.000
183.400000	183.940000	78.000
183.400000	183.940000	75.000
183.400000	183.940000	70.000
183.400000	183.940000	27.000
184.360000	184.850000	73.000
184.360000	184.850000	27.000
184.360000	184.760000	80.000
184.360000	184.760000	63.000
184.360000	184.760000	58.000
184.810000	184.910000	39.000
185.190000	185.280000	42.000
185.330000	185.850000	75.000
185.330000	185.850000	46.000
185.330000	185.800000	82.000
185.330000	185.550000	39.000
185.600000	185.850000	39.000
185.900000	185.980000	75.000
185.900000	185.980000	39.000
186.300000	186.770000	63.000
186.300000	186.630000	85.000
186.300000	186.630000	58.000
186.300000	186.630000	27.000
186.680000	186.770000	54.000
186.680000	186.770000	46.000
186.680000	186.770000	39.000
186.820000	186.930000	54.000
186.980000	187.220000	54.000
186.980000	187.220000	39.000
187.080000	191.610000	58.000
187.080000	191.610000	51.000
187.080000	187.220000	56.000
187.270000	191.610000	39.000
187.270000	191.080000	91.000
187.270000	191.080000	75.000
187.270000	191.080000	70.000
187.270000	191.080000	27.000
191.130000	192.350000	75.000
191.130000	191.610000	82.000
191.130000	191.610000	46.000
191.660000	192.980000	51.000
191.660000	192.820000	63.000
191.660000	192.350000	58.000
191.660000	192.350000	28.000
192.400000	192.820000	75.000
192.400000	192.660000	58.000
192.710000	192.820000	58.000
192.870000	193.300000	75.000
192.870000	193.300000	58.000
192.870000	192.980000	63.000
193.030000	193.620000	63.000
193.350000	205.410000	75.000
193.350000	193.620000	58.000
193.670000	193.940000	63.000
193.670000	193.940000	58.000
193.990000	205.410000	63.000
193.990000	194.260000	58.000
194.310000	205.410000	58.000
194.820000	205.410000	77.000
194.820000	205.410000	56.000
194.820000	205.410000	47.000
194.820000	205.410000	46.000
