0.090000	0.460000	71.000
0.090000	0.460000	63.000
0.300000	0.910000	66.000
0.300000	0.460000	75.000
0.510000	1.750000	71.000
0.510000	0.910000	78.000
0.510000	0.680000	75.000
0.730000	1.100000	75.000
0.960000	1.100000	83.000
0.960000	1.100000	78.000
1.150000	1.540000	78.000
1.370000	1.970000	75.000
1.590000	1.970000	78.000
1.800000	2.400000	63.000
1.800000	2.180000	71.000
2.020000	3.040000	66.000
2.020000	2.180000	78.000
2.020000	2.180000	75.000
2.230000	2.620000	78.000
2.230000	2.400000	75.000
2.450000	3.470000	71.000
2.450000	3.040000	75.000
2.670000	2.820000	83.000
2.670000	2.820000	78.000
2.870000	3.250000	78.000
2.870000	3.250000	63.000
3.090000	3.250000	75.000
3.090000	3.250000	66.000
3.300000	3.900000	78.000
3.300000	3.680000	75.000
3.300000	3.470000	66.000
3.520000	4.750000	66.000
3.520000	3.900000	63.000
3.520000	3.680000	71.000
3.730000	4.110000	75.000
3.730000	3.900000	71.000
3.950000	4.540000	78.000
4.160000	4.750000	75.000
4.160000	4.540000	71.000
4.380000	4.540000	83.000
4.590000	5.180000	71.000
4.590000	4.970000	78.000
4.590000	4.970000	63.000
4.800000	6.050000	66.000
4.800000	5.390000	75.000
4.800000	4.970000	83.000
5.020000	5.600000	78.000
5.230000	6.050000	63.000
5.230000	5.600000	71.000
5.440000	5.830000	75.000
5.650000	6.470000	71.000
5.650000	6.250000	78.000
5.880000	6.250000	75.000
6.100000	6.980000	66.000
6.100000	6.250000	83.000
6.300000	6.680000	78.000
6.520000	6.680000	75.000
6.520000	6.680000	71.000
6.730000	6.980000	78.000
7.030000	7.470000	71.000
7.030000	7.320000	78.000
7.150000	7.470000	66.000
7.150000	7.470000	63.000
7.370000	7.470000	78.000
7.520000	7.580000	50.000
7.810000	7.960000	83.000
8.010000	8.180000	78.000
8.010000	8.180000	71.000
8.010000	8.180000	53.000
8.300000	8.390000	52.000
8.880000	9.470000	66.000
8.880000	9.040000	75.000
8.880000	9.040000	71.000
9.090000	9.320000	78.000
9.370000	9.470000	75.000
9.700000	9.900000	78.000
9.700000	9.900000	72.000
9.950000	10.030000	66.000
10.080000	10.110000	75.000
10.080000	10.110000	66.000
10.160000	10.710000	78.000
10.160000	10.410000	66.000
10.160000	10.330000	46.000
10.380000	10.710000	71.000
10.460000	11.190000	66.000
10.550000	10.710000	45.000
10.760000	11.190000	78.000
10.910000	11.110000	63.000
11.240000	11.400000	83.000
11.240000	11.400000	45.000
11.450000	11.620000	78.000
11.670000	12.260000	66.000
11.670000	11.830000	75.000
11.880000	12.260000	78.000
12.100000	12.910000	71.000
12.310000	13.330000	66.000
12.310000	12.910000	75.000
12.310000	12.470000	78.000
12.520000	12.910000	78.000
12.960000	13.110000	83.000
13.160000	13.330000	78.000
13.600000	13.760000	78.000
13.810000	14.400000	71.000
13.810000	14.180000	78.000
14.020000	15.050000	66.000
14.020000	14.400000	75.000
14.230000	14.610000	78.000
14.450000	15.050000	75.000
14.450000	14.610000	71.000
14.660000	15.050000	71.000
14.660000	14.820000	83.000
14.870000	15.470000	83.000
14.870000	15.260000	78.000
15.100000	15.690000	75.000
15.100000	15.690000	66.000
15.100000	15.470000	71.000
15.310000	15.900000	78.000
15.520000	16.330000	63.000
15.520000	15.690000	71.000
15.740000	16.750000	66.000
15.740000	16.120000	75.000
15.740000	16.120000	71.000
15.950000	16.330000	78.000
16.170000	16.750000	75.000
16.170000	16.750000	71.000
16.380000	16.750000	83.000
16.380000	16.540000	78.000
16.590000	16.970000	78.000
16.590000	16.970000	63.000
16.800000	17.400000	75.000
16.800000	17.400000	66.000
16.800000	17.190000	71.000
16.800000	16.970000	83.000
17.020000	17.610000	78.000
17.240000	17.830000	71.000
17.240000	17.610000	63.000
17.450000	18.470000	66.000
17.450000	17.830000	75.000
17.660000	18.250000	78.000
17.880000	18.470000	71.000
17.880000	18.250000	75.000
18.090000	18.680000	83.000
18.300000	18.680000	78.000
18.300000	18.680000	63.000
18.520000	19.120000	66.000
18.520000	18.680000	75.000
18.520000	18.680000	71.000
18.730000	19.330000	78.000
18.730000	19.120000	75.000
18.950000	19.750000	63.000
18.950000	19.120000	71.000
19.170000	20.400000	66.000
19.170000	20.180000	71.000
19.170000	19.540000	75.000
19.380000	19.750000	78.000
19.590000	19.970000	75.000
19.800000	20.180000	83.000
19.800000	19.970000	78.000
20.020000	20.400000	78.000
20.020000	20.400000	63.000
20.230000	20.610000	71.000
20.230000	20.400000	75.000
20.450000	20.610000	83.000
20.450000	20.610000	78.000
20.450000	20.610000	75.000
20.660000	22.540000	59.000
20.660000	21.050000	83.000
20.660000	21.050000	71.000
20.660000	20.830000	78.000
20.880000	21.260000	78.000
20.880000	21.260000	66.000
21.100000	22.540000	71.000
21.100000	21.690000	83.000
21.310000	22.230000	87.000
21.310000	22.120000	75.000
21.540000	21.900000	66.000
21.740000	22.230000	63.000
21.740000	21.900000	83.000
21.950000	22.230000	78.000
21.950000	22.230000	66.000
22.170000	22.540000	83.000
22.280000	22.970000	64.000
22.280000	22.540000	88.000
22.590000	22.970000	68.000
22.810000	23.190000	71.000
22.810000	22.970000	76.000
23.020000	23.190000	78.000
23.240000	23.830000	71.000
23.240000	23.400000	78.000
23.240000	23.400000	59.000
23.450000	24.050000	59.000
23.450000	23.830000	63.000
23.670000	24.050000	78.000
23.670000	24.050000	66.000
23.670000	23.830000	83.000
23.880000	24.260000	83.000
23.880000	24.260000	71.000
23.990000	24.260000	73.000
24.100000	25.970000	54.000
24.100000	25.330000	66.000
24.100000	24.690000	78.000
24.100000	24.260000	90.000
24.310000	24.900000	58.000
24.310000	24.470000	88.000
24.310000	24.470000	76.000
24.310000	24.470000	70.000
24.520000	25.330000	73.000
24.520000	25.110000	61.000
24.950000	25.110000	78.000
25.160000	25.760000	70.000
25.160000	25.760000	58.000
25.380000	25.760000	73.000
25.380000	25.760000	61.000
25.590000	26.190000	78.000
25.590000	25.760000	76.000
25.810000	26.400000	59.000
25.810000	26.190000	75.000
25.810000	26.190000	66.000
25.810000	25.970000	73.000
26.020000	26.830000	71.000
26.020000	26.190000	63.000
26.240000	26.830000	78.000
26.240000	26.830000	66.000
26.240000	26.400000	80.000
26.450000	27.040000	90.000
26.450000	27.040000	59.000
26.450000	26.830000	75.000
26.880000	27.690000	78.000
26.880000	27.470000	71.000
26.880000	27.470000	66.000
27.090000	27.690000	59.000
27.090000	27.260000	63.000
27.310000	28.010000	63.000
27.310000	27.470000	83.000
27.520000	28.970000	71.000
27.520000	27.900000	83.000
27.740000	28.330000	66.000
27.740000	28.330000	59.000
27.740000	28.010000	78.000
27.950000	28.110000	83.000
28.060000	28.330000	63.000
28.060000	28.110000	78.000
28.160000	29.080000	87.000
28.160000	28.970000	75.000
28.160000	28.330000	83.000
28.380000	29.080000	59.000
28.380000	28.760000	78.000
28.380000	28.760000	66.000
28.600000	29.190000	63.000
28.600000	28.760000	83.000
28.810000	29.190000	66.000
28.810000	29.080000	78.000
29.020000	29.080000	75.000
29.020000	29.080000	71.000
29.130000	29.620000	71.000
29.130000	29.400000	88.000
29.130000	29.400000	76.000
29.130000	29.400000	59.000
29.240000	29.830000	64.000
29.240000	29.400000	83.000
29.450000	30.040000	76.000
29.450000	29.830000	68.000
29.450000	29.620000	82.000
29.670000	31.120000	71.000
29.670000	30.260000	83.000
29.670000	29.830000	80.000
29.770000	30.040000	59.000
29.880000	30.040000	90.000
29.880000	29.940000	78.000
29.990000	30.470000	78.000
30.090000	30.260000	80.000
30.090000	30.260000	59.000
30.310000	31.120000	59.000
30.310000	30.690000	83.000
30.310000	30.690000	63.000
30.520000	31.760000	78.000
30.520000	30.690000	66.000
30.740000	31.120000	85.000
30.740000	31.120000	83.000
30.740000	30.900000	66.000
30.950000	31.540000	54.000
30.950000	31.330000	66.000
30.950000	31.120000	90.000
30.950000	31.120000	73.000
31.170000	32.190000	58.000
31.170000	31.330000	76.000
31.170000	31.330000	70.000
31.380000	31.970000	73.000
31.380000	31.760000	66.000
31.380000	31.760000	61.000
31.590000	32.830000	54.000
31.590000	32.610000	82.000
31.810000	32.190000	66.000
31.810000	31.970000	78.000
32.020000	32.400000	73.000
32.020000	32.400000	70.000
32.020000	32.190000	61.000
32.240000	32.830000	61.000
32.240000	32.610000	66.000
32.240000	32.610000	58.000
32.450000	32.610000	73.000
32.450000	32.610000	70.000
32.660000	33.260000	71.000
32.660000	32.830000	66.000
32.660000	32.830000	59.000
32.880000	33.690000	78.000
32.880000	33.480000	66.000
32.880000	33.480000	59.000
33.090000	33.260000	75.000
33.310000	33.690000	83.000
33.310000	33.690000	71.000
33.530000	33.910000	66.000
33.530000	33.580000	59.000
33.630000	33.690000	59.000
33.740000	33.910000	54.000
33.740000	33.910000	42.000
33.960000	34.330000	54.000
33.960000	34.120000	66.000
33.960000	34.120000	61.000
34.170000	36.260000	66.000
34.170000	34.330000	83.000
34.380000	34.980000	83.000
34.380000	34.650000	47.000
34.600000	35.940000	78.000
34.600000	34.650000	40.000
34.700000	36.470000	59.000
34.700000	34.760000	47.000
35.030000	35.400000	47.000
35.030000	35.190000	87.000
35.030000	35.190000	83.000
35.240000	35.610000	83.000
35.240000	35.400000	54.000
35.450000	35.610000	47.000
35.580000	35.610000	54.000
35.660000	36.040000	54.000
35.660000	35.940000	51.000
35.660000	35.840000	47.000
35.890000	36.040000	47.000
36.090000	36.470000	52.000
36.090000	36.260000	83.000
36.310000	36.470000	56.000
36.310000	36.470000	47.000
36.310000	36.470000	40.000
36.520000	37.330000	59.000
36.520000	36.900000	68.000
36.520000	36.900000	52.000
36.730000	37.120000	78.000
36.730000	36.900000	56.000
36.730000	36.900000	47.000
36.730000	36.900000	40.000
36.950000	37.330000	47.000
36.950000	37.120000	52.000
37.170000	37.970000	78.000
37.170000	37.330000	83.000
37.170000	37.330000	63.000
37.170000	37.330000	40.000
37.380000	39.470000	66.000
37.380000	37.760000	59.000
37.600000	37.760000	47.000
37.600000	37.760000	42.000
37.600000	37.760000	40.000
37.810000	38.190000	54.000
37.810000	37.970000	59.000
38.020000	38.190000	46.000
38.020000	38.190000	42.000
38.240000	38.610000	61.000
38.240000	38.610000	54.000
38.450000	38.610000	73.000
38.450000	38.610000	46.000
38.450000	38.610000	42.000
38.660000	38.830000	61.000
38.660000	38.830000	54.000
38.880000	39.040000	61.000
38.880000	39.040000	54.000
38.880000	39.040000	46.000
39.090000	39.470000	61.000
39.090000	39.470000	54.000
39.310000	39.470000	76.000
39.310000	39.470000	49.000
39.310000	39.470000	46.000
39.520000	40.980000	66.000
39.520000	40.330000	59.000
39.740000	40.110000	47.000
39.740000	39.900000	83.000
39.740000	39.900000	63.000
39.740000	39.900000	40.000
40.160000	40.330000	54.000
40.160000	40.330000	47.000
40.380000	40.760000	59.000
40.380000	40.760000	54.000
40.590000	40.760000	78.000
40.590000	40.760000	47.000
40.810000	42.040000	59.000
41.030000	42.040000	66.000
41.030000	41.180000	71.000
41.030000	41.180000	35.000
41.230000	44.190000	71.000
41.450000	41.610000	78.000
41.450000	41.610000	47.000
41.660000	42.040000	51.000
41.660000	41.830000	78.000
41.660000	41.830000	47.000
41.880000	42.040000	63.000
41.880000	42.040000	47.000
42.090000	42.900000	66.000
42.090000	42.260000	59.000
42.310000	42.900000	59.000
42.310000	42.470000	54.000
42.310000	42.470000	47.000
42.740000	42.900000	47.000
42.740000	42.900000	40.000
42.950000	43.760000	64.000
42.950000	43.330000	59.000
43.170000	43.330000	56.000
43.170000	43.330000	47.000
43.170000	43.330000	40.000
43.380000	43.760000	59.000
43.380000	43.760000	52.000
43.380000	43.540000	56.000
43.590000	43.970000	83.000
43.590000	43.970000	78.000
43.590000	43.760000	56.000
43.590000	43.760000	47.000
43.590000	43.760000	40.000
43.810000	44.190000	59.000
44.020000	44.610000	83.000
44.020000	44.190000	78.000
44.020000	44.190000	51.000
44.020000	44.190000	47.000
44.020000	44.190000	40.000
44.240000	44.610000	71.000
44.240000	44.610000	54.000
44.450000	44.830000	78.000
44.450000	44.610000	47.000
44.450000	44.610000	42.000
44.660000	45.040000	54.000
44.660000	44.830000	90.000
44.660000	44.830000	47.000
44.880000	45.040000	46.000
44.880000	45.040000	42.000
45.090000	45.900000	54.000
45.090000	45.690000	61.000
45.090000	45.470000	58.000
45.310000	45.470000	46.000
45.520000	46.120000	73.000
45.520000	46.120000	66.000
45.740000	46.120000	61.000
45.740000	45.900000	82.000
45.740000	45.900000	46.000
45.950000	46.330000	70.000
45.950000	46.330000	54.000
46.170000	46.330000	82.000
46.170000	46.330000	73.000
46.170000	46.330000	61.000
46.170000	46.330000	46.000
46.380000	46.760000	47.000
46.380000	46.550000	83.000
46.600000	47.410000	78.000
46.600000	46.760000	54.000
46.600000	46.760000	40.000
46.810000	46.980000	87.000
46.810000	46.980000	47.000
47.030000	47.190000	83.000
47.030000	47.190000	54.000
47.030000	47.190000	47.000
47.030000	47.190000	40.000
47.240000	47.410000	54.000
47.240000	47.410000	47.000
47.460000	47.930000	78.000
47.460000	47.610000	51.000
47.460000	47.610000	47.000
47.660000	48.480000	59.000
47.880000	48.050000	47.000
48.100000	48.900000	71.000
48.100000	48.690000	76.000
48.100000	48.480000	40.000
48.310000	48.900000	52.000
48.310000	48.690000	83.000
48.310000	48.480000	56.000
48.310000	48.480000	47.000
48.530000	48.580000	68.000
48.740000	48.900000	83.000
48.740000	48.900000	76.000
48.740000	48.900000	47.000
48.740000	48.900000	40.000
48.950000	49.330000	68.000
49.170000	49.330000	56.000
49.170000	49.330000	51.000
49.170000	49.330000	47.000
49.170000	49.330000	40.000
49.380000	49.760000	68.000
49.380000	49.550000	76.000
49.380000	49.550000	71.000
49.600000	51.690000	71.000
49.600000	49.760000	80.000
49.600000	49.760000	40.000
49.600000	49.760000	37.000
49.810000	50.190000	78.000
49.810000	49.970000	47.000
50.020000	50.190000	47.000
50.020000	50.190000	40.000
50.130000	50.190000	68.000
50.240000	50.400000	78.000
50.450000	51.260000	78.000
50.450000	50.620000	83.000
50.450000	50.620000	68.000
50.450000	50.620000	47.000
50.450000	50.620000	42.000
50.670000	51.040000	54.000
50.670000	50.830000	47.000
50.880000	51.040000	83.000
50.880000	51.040000	47.000
50.880000	51.040000	40.000
51.090000	51.690000	83.000
51.090000	51.480000	54.000
51.090000	51.260000	47.000
51.310000	51.690000	78.000
51.310000	51.480000	47.000
51.310000	51.480000	42.000
51.530000	51.690000	54.000
51.530000	51.690000	47.000
51.740000	52.550000	54.000
51.850000	51.900000	46.000
51.950000	52.330000	61.000
51.950000	52.330000	58.000
52.170000	52.550000	73.000
52.170000	52.330000	46.000
52.170000	52.330000	42.000
52.380000	52.760000	66.000
52.600000	52.760000	82.000
52.600000	52.760000	46.000
52.810000	53.190000	61.000
53.020000	54.790000	66.000
53.020000	53.190000	76.000
53.020000	53.190000	49.000
53.020000	53.190000	46.000
53.240000	53.510000	47.000
53.240000	53.400000	87.000
53.450000	53.510000	40.000
53.560000	53.610000	47.000
53.660000	54.040000	47.000
53.880000	54.040000	90.000
53.880000	54.040000	54.000
53.880000	54.040000	40.000
54.090000	54.470000	78.000
54.090000	54.260000	47.000
54.310000	54.470000	54.000
54.310000	54.470000	47.000
54.310000	54.470000	40.000
54.520000	55.760000	59.000
54.520000	54.790000	54.000
54.740000	54.900000	47.000
54.740000	54.790000	40.000
54.840000	54.900000	35.000
54.950000	55.550000	71.000
54.950000	55.330000	80.000
54.950000	55.220000	40.000
55.270000	55.760000	52.000
55.270000	55.330000	56.000
55.270000	55.330000	47.000
55.380000	55.760000	83.000
55.380000	55.550000	56.000
55.600000	55.760000	71.000
55.600000	55.760000	40.000
55.810000	56.830000	64.000
55.810000	56.190000	68.000
56.020000	56.190000	83.000
56.020000	56.190000	51.000
56.020000	56.190000	47.000
56.020000	56.190000	40.000
56.240000	56.610000	49.000
56.240000	56.400000	76.000
56.450000	56.610000	80.000
56.450000	56.610000	40.000
56.660000	57.040000	47.000
56.660000	56.830000	78.000
56.660000	56.830000	52.000
56.880000	57.040000	40.000
56.990000	57.040000	63.000
57.200000	57.260000	47.000
57.310000	57.690000	54.000
57.310000	57.470000	90.000
57.310000	57.470000	47.000
57.310000	57.470000	40.000
57.520000	57.690000	47.000
57.740000	59.610000	78.000
57.740000	58.120000	83.000
57.740000	57.900000	47.000
57.740000	57.900000	40.000
57.950000	58.120000	66.000
57.950000	58.120000	63.000
58.170000	58.330000	83.000
58.170000	58.330000	51.000
58.170000	58.330000	47.000
58.380000	59.190000	54.000
58.380000	58.550000	47.000
58.700000	58.760000	46.000
58.810000	58.970000	85.000
59.020000	59.190000	82.000
59.020000	59.190000	49.000
59.020000	59.190000	46.000
59.020000	59.190000	42.000
59.240000	59.830000	54.000
59.880000	60.050000	54.000
59.880000	60.050000	49.000
59.880000	60.050000	46.000
60.100000	60.580000	59.000
60.100000	60.370000	47.000
60.310000	61.330000	78.000
60.420000	60.690000	47.000
60.630000	61.750000	59.000
60.740000	61.120000	83.000
60.740000	61.120000	54.000
60.740000	61.040000	47.000
61.090000	61.750000	47.000
61.170000	61.750000	54.000
61.380000	61.540000	51.000
61.800000	62.610000	66.000
61.800000	62.400000	63.000
61.800000	62.180000	71.000
62.230000	62.610000	78.000
62.230000	62.610000	71.000
62.450000	62.610000	75.000
62.660000	62.820000	83.000
62.870000	63.260000	83.000
62.870000	63.260000	78.000
63.090000	63.690000	75.000
63.090000	63.690000	66.000
63.090000	63.470000	71.000
63.310000	63.690000	78.000
63.520000	64.330000	63.000
63.520000	63.690000	71.000
63.740000	64.760000	75.000
63.740000	64.330000	66.000
63.740000	63.900000	78.000
63.740000	63.900000	71.000
63.950000	64.540000	78.000
63.950000	64.330000	71.000
64.380000	64.760000	83.000
64.380000	64.540000	71.000
64.590000	64.970000	78.000
64.590000	64.970000	63.000
64.590000	64.760000	71.000
64.810000	65.400000	83.000
64.810000	65.400000	75.000
64.810000	65.400000	66.000
64.810000	65.180000	71.000
65.020000	65.400000	78.000
65.230000	66.680000	71.000
65.230000	66.040000	63.000
65.450000	67.110000	66.000
65.450000	65.830000	75.000
65.450000	65.610000	78.000
65.660000	66.040000	78.000
65.880000	66.470000	75.000
66.090000	66.470000	83.000
66.300000	66.680000	78.000
66.300000	66.680000	63.000
66.520000	67.110000	75.000
66.520000	66.680000	83.000
66.730000	67.330000	78.000
66.950000	67.970000	71.000
66.950000	67.760000	63.000
67.160000	68.400000	66.000
67.160000	68.180000	75.000
67.380000	67.760000	78.000
67.810000	68.400000	83.000
67.810000	67.970000	78.000
68.020000	68.400000	78.000
68.020000	68.400000	63.000
68.230000	68.400000	75.000
68.230000	68.400000	71.000
68.450000	68.610000	83.000
68.660000	69.040000	83.000
68.660000	69.040000	59.000
68.880000	69.480000	78.000
69.090000	69.900000	71.000
69.090000	69.900000	59.000
69.090000	69.680000	83.000
69.310000	69.900000	87.000
69.530000	69.900000	78.000
69.730000	70.110000	63.000
69.730000	69.900000	83.000
69.730000	69.900000	75.000
69.950000	70.220000	87.000
69.950000	70.220000	78.000
69.950000	70.220000	75.000
70.160000	70.330000	83.000
70.270000	70.550000	88.000
70.380000	71.180000	76.000
70.380000	70.760000	64.000
70.380000	70.550000	83.000
70.600000	71.180000	68.000
70.600000	70.760000	80.000
70.810000	71.620000	87.000
70.810000	71.400000	83.000
70.810000	70.970000	80.000
71.020000	71.620000	80.000
71.020000	71.400000	78.000
71.020000	71.180000	90.000
71.230000	71.930000	59.000
71.230000	71.830000	90.000
71.450000	72.050000	75.000
71.450000	71.830000	83.000
71.450000	71.620000	63.000
71.670000	72.900000	78.000
71.670000	72.050000	66.000
71.880000	72.470000	83.000
71.980000	72.260000	85.000
71.980000	72.260000	73.000
72.100000	72.900000	66.000
72.100000	72.260000	90.000
72.310000	72.470000	88.000
72.310000	72.470000	70.000
72.310000	72.470000	58.000
72.520000	73.120000	73.000
72.520000	72.900000	61.000
72.730000	72.900000	82.000
72.730000	72.900000	70.000
72.950000	73.330000	78.000
72.950000	73.330000	66.000
73.170000	73.540000	82.000
73.170000	73.540000	73.000
73.170000	73.540000	54.000
73.170000	73.330000	70.000
73.380000	74.400000	66.000
73.380000	73.760000	85.000
73.380000	73.540000	70.000
73.380000	73.540000	58.000
73.590000	74.180000	78.000
73.590000	73.760000	88.000
73.590000	73.760000	73.000
73.590000	73.760000	61.000
73.810000	74.830000	59.000
73.810000	74.620000	71.000
73.810000	73.970000	87.000
74.020000	74.400000	83.000
74.020000	74.400000	73.000
74.020000	74.180000	75.000
74.020000	74.180000	63.000
74.230000	74.620000	78.000
74.450000	74.830000	83.000
74.450000	74.620000	90.000
74.670000	75.050000	90.000
74.670000	74.830000	78.000
74.670000	74.830000	75.000
74.670000	74.830000	71.000
74.670000	74.830000	63.000
74.880000	75.680000	78.000
74.880000	75.260000	66.000
75.100000	75.470000	75.000
75.100000	75.470000	63.000
75.310000	75.470000	83.000
75.520000	76.540000	59.000
75.520000	75.900000	83.000
75.520000	75.900000	71.000
75.730000	76.110000	78.000
75.730000	76.110000	66.000
75.730000	75.900000	75.000
75.950000	76.330000	71.000
75.950000	76.110000	83.000
75.950000	76.110000	75.000
76.160000	76.760000	87.000
76.160000	76.330000	83.000
76.160000	76.330000	75.000
76.380000	76.760000	78.000
76.380000	76.540000	83.000
76.590000	77.080000	75.000
76.590000	76.970000	83.000
76.590000	76.760000	63.000
76.810000	77.080000	87.000
76.810000	77.080000	78.000
77.020000	77.400000	83.000
77.230000	78.050000	76.000
77.230000	77.620000	64.000
77.450000	77.830000	68.000
77.450000	77.620000	83.000
77.450000	77.620000	80.000
77.670000	78.260000	83.000
77.670000	78.260000	80.000
77.670000	77.830000	87.000
77.880000	78.470000	78.000
77.880000	78.050000	90.000
78.100000	78.900000	71.000
78.100000	78.800000	90.000
78.100000	78.680000	59.000
78.310000	78.470000	75.000
78.310000	78.470000	63.000
78.310000	78.400000	83.000
78.450000	78.680000	83.000
78.520000	78.900000	66.000
78.520000	78.800000	78.000
78.520000	78.680000	75.000
78.730000	78.900000	83.000
78.730000	78.800000	75.000
78.850000	79.760000	78.000
78.850000	79.120000	85.000
78.850000	79.120000	73.000
78.950000	79.760000	66.000
78.950000	79.330000	83.000
78.950000	79.120000	90.000
79.170000	79.760000	58.000
79.170000	79.330000	88.000
79.170000	79.330000	70.000
79.380000	80.180000	73.000
79.380000	79.760000	61.000
79.590000	79.970000	82.000
79.590000	79.760000	70.000
79.810000	80.180000	78.000
79.810000	79.970000	66.000
80.020000	80.400000	82.000
80.020000	80.180000	70.000
80.020000	80.180000	66.000
80.020000	80.180000	54.000
80.230000	80.610000	85.000
80.230000	80.400000	73.000
80.230000	80.400000	70.000
80.230000	80.400000	66.000
80.230000	80.400000	58.000
80.450000	80.610000	82.000
80.450000	80.610000	73.000
80.450000	80.610000	70.000
80.450000	80.610000	61.000
80.660000	81.040000	71.000
80.660000	81.040000	66.000
80.660000	81.040000	59.000
80.660000	80.830000	83.000
80.880000	82.550000	78.000
80.880000	81.680000	75.000
81.090000	81.680000	71.000
81.090000	81.260000	87.000
81.090000	81.260000	59.000
81.310000	81.680000	87.000
81.310000	81.680000	83.000
81.730000	82.330000	61.000
81.730000	81.910000	83.000
81.730000	81.910000	66.000
81.730000	81.910000	54.000
81.960000	82.550000	66.000
81.960000	82.120000	54.000
82.170000	82.330000	83.000
82.380000	82.660000	47.000
82.380000	82.550000	83.000
82.600000	82.970000	78.000
82.600000	82.760000	66.000
82.710000	82.760000	54.000
82.710000	82.760000	47.000
82.810000	84.040000	66.000
82.920000	83.180000	47.000
83.020000	83.180000	40.000
83.230000	83.610000	63.000
83.230000	83.400000	83.000
83.230000	83.400000	47.000
83.450000	83.610000	54.000
83.450000	83.610000	47.000
83.660000	84.260000	83.000
83.660000	83.830000	54.000
83.660000	83.830000	47.000
83.880000	84.040000	40.000
83.880000	83.940000	47.000
83.990000	84.040000	47.000
84.090000	84.470000	64.000
84.090000	84.370000	47.000
84.310000	84.370000	40.000
84.420000	84.900000	68.000
84.420000	84.690000	52.000
84.740000	84.900000	78.000
84.740000	84.900000	56.000
84.740000	84.900000	52.000
84.740000	84.900000	47.000
84.950000	85.330000	78.000
84.950000	85.120000	47.000
85.170000	85.330000	83.000
85.170000	85.330000	63.000
85.170000	85.330000	47.000
85.170000	85.330000	40.000
85.380000	85.760000	59.000
85.380000	85.550000	66.000
85.600000	85.760000	47.000
85.600000	85.660000	40.000
85.710000	85.970000	73.000
85.810000	86.190000	54.000
85.810000	85.970000	85.000
85.810000	85.970000	71.000
86.020000	86.190000	42.000
86.240000	87.040000	61.000
86.240000	86.830000	54.000
86.240000	86.400000	58.000
86.450000	87.470000	73.000
86.450000	86.610000	66.000
86.450000	86.610000	46.000
86.660000	86.830000	66.000
86.880000	87.040000	82.000
86.880000	87.040000	66.000
86.880000	87.040000	46.000
87.090000	87.470000	61.000
87.310000	87.470000	76.000
87.310000	87.470000	54.000
87.310000	87.470000	49.000
87.520000	87.800000	47.000
87.740000	87.800000	40.000
87.850000	87.900000	51.000
87.850000	87.900000	47.000
88.170000	88.550000	78.000
88.170000	88.330000	47.000
88.170000	88.330000	40.000
88.380000	90.260000	66.000
88.380000	88.970000	59.000
88.600000	89.400000	78.000
88.600000	88.760000	54.000
88.600000	88.760000	47.000
88.600000	88.760000	40.000
88.810000	89.180000	54.000
88.810000	88.970000	47.000
89.020000	89.400000	83.000
89.020000	89.180000	47.000
89.320000	90.470000	59.000
89.450000	90.040000	78.000
89.450000	89.610000	47.000
89.660000	90.260000	83.000
89.660000	90.040000	51.000
89.660000	89.830000	47.000
89.880000	90.470000	87.000
89.880000	90.040000	54.000
89.880000	90.040000	47.000
90.090000	90.260000	54.000
90.310000	90.690000	63.000
90.310000	90.470000	47.000
90.310000	90.470000	40.000
90.520000	92.400000	59.000
90.520000	90.900000	66.000
90.520000	90.690000	51.000
90.740000	91.110000	83.000
90.740000	90.900000	47.000
90.740000	90.900000	40.000
90.950000	91.220000	64.000
90.950000	91.110000	47.000
91.160000	91.330000	40.000
91.270000	91.440000	56.000
91.270000	91.330000	47.000
91.380000	91.760000	52.000
91.590000	92.190000	78.000
91.590000	91.760000	47.000
91.590000	91.760000	40.000
91.810000	91.970000	47.000
92.020000	92.510000	83.000
92.020000	92.190000	51.000
92.020000	92.190000	47.000
92.020000	92.190000	40.000
92.240000	92.510000	51.000
92.240000	92.400000	47.000
92.450000	92.510000	59.000
92.560000	93.040000	73.000
92.560000	92.830000	59.000
92.560000	92.620000	47.000
92.670000	92.830000	78.000
92.670000	92.830000	47.000
92.880000	93.260000	54.000
92.990000	93.040000	42.000
93.090000	94.330000	73.000
93.090000	93.260000	42.000
93.310000	94.330000	61.000
93.310000	93.690000	54.000
93.310000	93.470000	46.000
93.520000	94.550000	66.000
93.740000	93.900000	70.000
93.740000	93.900000	54.000
93.740000	93.900000	46.000
93.950000	94.330000	49.000
93.950000	94.120000	54.000
94.170000	94.330000	46.000
94.380000	94.650000	47.000
94.380000	94.550000	83.000
94.600000	94.760000	78.000
94.600000	94.760000	66.000
94.700000	94.760000	51.000
94.700000	94.760000	47.000
94.810000	95.830000	66.000
94.810000	94.970000	63.000
95.020000	95.410000	83.000
95.020000	95.190000	47.000
95.020000	95.190000	38.000
95.240000	95.620000	47.000
95.240000	95.410000	87.000
95.460000	95.620000	54.000
95.670000	96.040000	54.000
95.880000	96.040000	66.000
95.990000	96.040000	35.000
96.090000	96.470000	59.000
96.090000	96.470000	52.000
96.310000	96.690000	83.000
96.310000	96.690000	56.000
96.310000	96.470000	47.000
96.310000	96.470000	40.000
96.610000	96.900000	52.000
96.740000	97.120000	76.000
96.740000	96.900000	83.000
96.740000	96.900000	47.000
96.740000	96.900000	40.000
96.950000	97.330000	68.000
97.170000	97.330000	56.000
97.170000	97.330000	51.000
97.170000	97.330000	47.000
97.170000	97.330000	40.000
97.380000	97.550000	80.000
97.380000	97.550000	76.000
97.600000	97.760000	80.000
97.600000	97.760000	47.000
97.600000	97.760000	40.000
97.810000	97.980000	78.000
97.810000	97.980000	47.000
98.030000	98.080000	47.000
98.030000	98.080000	40.000
98.130000	98.190000	47.000
98.240000	98.300000	63.000
98.450000	98.830000	78.000
98.450000	98.620000	47.000
98.670000	99.690000	59.000
98.880000	99.040000	78.000
98.880000	99.040000	51.000
98.880000	99.040000	47.000
98.880000	99.040000	40.000
99.090000	99.470000	83.000
99.090000	99.470000	78.000
99.090000	99.260000	51.000
99.090000	99.260000	47.000
99.310000	99.800000	54.000
99.310000	99.470000	47.000
99.310000	99.470000	40.000
99.520000	100.120000	78.000
99.520000	99.690000	47.000
99.740000	99.800000	42.000
99.850000	99.900000	54.000
99.950000	100.330000	61.000
99.950000	100.330000	54.000
100.170000	100.550000	73.000
100.170000	100.330000	78.000
100.170000	100.330000	46.000
100.170000	100.330000	42.000
100.380000	100.980000	66.000
100.380000	100.760000	78.000
100.600000	101.190000	61.000
100.600000	100.980000	73.000
100.600000	100.760000	70.000
100.810000	100.980000	70.000
100.810000	100.980000	54.000
101.030000	101.190000	76.000
101.030000	101.190000	73.000
101.030000	101.190000	49.000
101.030000	101.190000	46.000
101.240000	101.410000	63.000
101.240000	101.410000	47.000
101.460000	101.620000	47.000
101.460000	101.510000	40.000
101.560000	101.620000	54.000
101.770000	102.900000	59.000
101.990000	102.800000	66.000
102.090000	102.260000	47.000
102.310000	102.470000	83.000
102.310000	102.470000	47.000
102.310000	102.470000	40.000
102.520000	102.900000	47.000
102.520000	102.800000	83.000
102.520000	102.690000	54.000
102.850000	102.900000	35.000
102.950000	103.550000	83.000
102.950000	103.230000	52.000
103.170000	103.230000	40.000
103.280000	103.330000	56.000
103.280000	103.330000	52.000
103.600000	104.190000	83.000
103.600000	103.980000	76.000
103.600000	103.760000	47.000
103.600000	103.760000	40.000
103.600000	103.760000	36.000
103.810000	106.330000	71.000
103.810000	104.190000	68.000
103.810000	104.190000	64.000
104.030000	104.190000	56.000
104.030000	104.190000	47.000
104.030000	104.190000	40.000
104.240000	105.040000	59.000
104.240000	104.610000	68.000
104.240000	104.610000	64.000
104.450000	104.610000	56.000
104.450000	104.610000	49.000
104.450000	104.610000	47.000
104.450000	104.610000	40.000
104.660000	105.040000	47.000
104.660000	104.830000	78.000
104.880000	104.940000	40.000
105.090000	107.190000	66.000
105.090000	106.550000	59.000
105.310000	105.470000	90.000
105.310000	105.470000	54.000
105.310000	105.470000	47.000
105.310000	105.470000	40.000
105.520000	105.690000	54.000
105.520000	105.690000	47.000
105.740000	106.120000	83.000
105.740000	105.900000	78.000
105.740000	105.900000	47.000
105.950000	106.970000	78.000
105.950000	106.120000	47.000
106.170000	106.330000	83.000
106.170000	106.330000	47.000
106.170000	106.330000	40.000
106.380000	106.550000	54.000
106.600000	106.760000	54.000
106.700000	106.760000	46.000
106.810000	107.830000	85.000
106.810000	107.830000	54.000
107.020000	108.040000	73.000
107.020000	107.610000	78.000
107.020000	107.190000	46.000
107.020000	107.190000	42.000
107.240000	107.610000	66.000
107.450000	107.610000	82.000
107.450000	107.610000	46.000
107.660000	108.040000	49.000
107.880000	108.040000	82.000
107.880000	108.040000	46.000
108.090000	108.580000	83.000
108.090000	108.470000	59.000
108.090000	108.260000	66.000
108.090000	108.260000	61.000
108.310000	109.550000	66.000
108.310000	109.120000	78.000
108.410000	108.690000	47.000
108.410000	108.470000	54.000
108.520000	108.910000	59.000
108.740000	109.330000	83.000
108.740000	109.120000	47.000
108.960000	109.960000	59.000
108.960000	109.330000	75.000
108.960000	109.120000	54.000
109.170000	109.960000	47.000
109.170000	109.550000	54.000
109.380000	109.550000	51.000
109.600000	109.660000	51.000
109.710000	109.760000	54.000
109.810000	109.960000	71.000
109.810000	109.960000	63.000
110.010000	111.040000	71.000
110.010000	110.180000	75.000
110.010000	110.180000	66.000
110.230000	110.820000	78.000
110.230000	110.400000	63.000
110.450000	110.610000	75.000
110.660000	111.690000	83.000
110.870000	111.260000	78.000
110.870000	111.040000	75.000
110.870000	111.040000	63.000
111.090000	111.690000	75.000
111.090000	111.690000	66.000
111.090000	111.470000	71.000
111.310000	111.690000	78.000
111.520000	112.760000	71.000
111.520000	111.900000	63.000
111.740000	112.760000	66.000
111.740000	112.110000	83.000
111.740000	112.110000	75.000
111.740000	111.900000	78.000
111.950000	112.110000	78.000
112.160000	112.760000	75.000
112.160000	112.540000	78.000
112.160000	112.330000	83.000
112.380000	113.190000	83.000
112.590000	112.970000	78.000
112.590000	112.970000	63.000
112.810000	113.400000	66.000
112.810000	113.190000	75.000
112.810000	113.190000	71.000
113.020000	113.610000	78.000
113.240000	114.680000	71.000
113.240000	113.610000	63.000
113.240000	113.400000	75.000
113.450000	115.120000	66.000
113.450000	113.830000	75.000
113.660000	114.040000	78.000
113.880000	114.470000	75.000
114.090000	114.470000	83.000
114.310000	114.680000	63.000
114.310000	114.470000	78.000
114.520000	114.680000	78.000
114.520000	114.680000	75.000
114.730000	115.330000	78.000
114.730000	115.120000	75.000
114.950000	115.760000	71.000
114.950000	115.330000	63.000
115.170000	115.760000	66.000
115.170000	115.540000	75.000
115.380000	115.760000	78.000
115.590000	116.190000	75.000
115.810000	116.400000	83.000
116.020000	116.400000	63.000
116.020000	116.190000	78.000
116.240000	117.690000	75.000
116.240000	116.400000	78.000
116.450000	116.620000	83.000
116.670000	118.110000	59.000
116.670000	117.690000	71.000
116.670000	117.040000	83.000
116.880000	117.260000	78.000
116.880000	117.040000	66.000
117.090000	117.690000	83.000
117.310000	117.480000	87.000
117.310000	117.480000	78.000
117.530000	117.900000	78.000
117.530000	117.690000	87.000
117.740000	118.220000	71.000
117.740000	118.110000	83.000
117.740000	118.110000	63.000
117.740000	117.900000	75.000
117.950000	118.220000	75.000
117.950000	118.110000	87.000
117.950000	118.110000	78.000
118.160000	118.330000	83.000
118.270000	118.540000	88.000
118.380000	119.190000	76.000
118.380000	118.760000	83.000
118.380000	118.760000	64.000
118.590000	118.760000	68.000
118.810000	119.400000	87.000
118.810000	119.400000	83.000
118.810000	118.970000	80.000
119.020000	119.400000	78.000
119.020000	119.190000	90.000
119.020000	119.190000	80.000
119.240000	119.940000	59.000
119.240000	119.830000	90.000
119.240000	119.620000	80.000
119.450000	119.940000	71.000
119.450000	119.830000	83.000
119.450000	119.620000	63.000
119.670000	120.040000	78.000
119.670000	120.040000	66.000
119.880000	120.480000	83.000
119.990000	121.760000	85.000
119.990000	120.250000	73.000
120.090000	120.690000	78.000
120.090000	120.480000	54.000
120.090000	120.250000	71.000
120.090000	120.250000	66.000
120.300000	121.110000	66.000
120.300000	120.480000	90.000
120.300000	120.480000	88.000
120.300000	120.480000	70.000
120.300000	120.480000	58.000
120.530000	120.900000	73.000
120.530000	120.690000	61.000
120.740000	121.110000	82.000
120.740000	121.110000	70.000
120.740000	120.900000	78.000
120.950000	121.330000	78.000
120.950000	121.330000	73.000
121.160000	121.970000	66.000
121.160000	121.540000	82.000
121.160000	121.330000	70.000
121.160000	121.330000	54.000
121.380000	121.970000	73.000
121.380000	121.540000	61.000
121.590000	122.190000	78.000
121.590000	121.760000	88.000
121.810000	122.190000	71.000
121.810000	122.190000	59.000
121.810000	121.970000	87.000
122.020000	122.190000	83.000
122.020000	122.190000	63.000
122.240000	122.830000	71.000
122.240000	122.620000	78.000
122.240000	122.620000	75.000
122.240000	122.620000	66.000
122.240000	122.620000	59.000
122.240000	122.400000	92.000
122.240000	122.400000	83.000
122.450000	122.620000	90.000
122.450000	122.620000	83.000
122.670000	123.050000	90.000
122.670000	123.050000	75.000
122.670000	122.830000	83.000
122.670000	122.830000	78.000
122.670000	122.830000	63.000
122.880000	123.690000	78.000
122.880000	123.260000	66.000
123.100000	123.470000	75.000
123.100000	123.470000	63.000
123.310000	123.470000	83.000
123.520000	124.110000	59.000
123.520000	123.900000	83.000
123.520000	123.690000	75.000
123.740000	124.330000	78.000
123.740000	123.900000	66.000
123.950000	124.540000	83.000
123.950000	124.330000	71.000
124.160000	124.970000	59.000
124.160000	124.540000	75.000
124.160000	124.330000	87.000
124.380000	125.190000	71.000
124.380000	124.760000	87.000
124.380000	124.760000	78.000
124.590000	125.080000	75.000
124.590000	124.760000	83.000
124.590000	124.760000	63.000
124.810000	125.080000	87.000
124.810000	125.080000	78.000
125.020000	125.190000	83.000
125.130000	125.400000	88.000
125.240000	125.620000	76.000
125.240000	125.620000	64.000
125.240000	125.400000	83.000
125.450000	126.050000	68.000
125.450000	125.620000	83.000
125.450000	125.620000	80.000
125.670000	126.260000	83.000
125.670000	126.050000	76.000
125.670000	125.830000	80.000
125.880000	126.260000	80.000
125.880000	126.260000	78.000
125.880000	126.050000	90.000
126.100000	126.800000	90.000
126.100000	126.800000	59.000
126.100000	126.260000	68.000
126.310000	126.690000	83.000
126.310000	126.480000	75.000
126.310000	126.480000	63.000
126.530000	126.900000	78.000
126.530000	126.900000	66.000
126.740000	127.330000	83.000
126.850000	127.110000	85.000
126.850000	127.110000	73.000
126.950000	127.540000	66.000
126.950000	127.330000	78.000
126.950000	127.330000	54.000
127.160000	127.540000	73.000
127.160000	127.330000	88.000
127.160000	127.330000	61.000
127.380000	128.610000	85.000
127.380000	127.760000	78.000
127.590000	128.190000	73.000
127.590000	127.970000	82.000
127.590000	127.970000	66.000
127.590000	127.760000	70.000
127.810000	128.190000	78.000
128.020000	128.610000	66.000
128.020000	128.190000	82.000
128.020000	128.190000	70.000
128.020000	128.190000	54.000
128.240000	128.390000	73.000
128.240000	128.390000	61.000
128.440000	128.610000	82.000
128.440000	128.610000	78.000
128.440000	128.610000	70.000
128.660000	129.690000	71.000
128.660000	129.260000	83.000
128.660000	129.040000	59.000
128.880000	129.260000	78.000
129.090000	129.690000	87.000
129.090000	129.690000	59.000
129.310000	129.890000	83.000
129.310000	129.890000	78.000
129.740000	129.890000	42.000
129.940000	130.330000	54.000
129.940000	130.120000	66.000
129.940000	130.120000	61.000
130.170000	130.760000	66.000
130.170000	130.330000	83.000
130.380000	130.970000	83.000
130.380000	130.550000	87.000
130.380000	130.550000	47.000
130.600000	131.390000	78.000
130.600000	130.760000	47.000
130.600000	130.660000	40.000
130.710000	130.870000	63.000
130.810000	131.390000	66.000
131.020000	131.390000	54.000
131.020000	131.190000	87.000
131.020000	131.190000	83.000
131.020000	131.190000	47.000
131.020000	131.190000	40.000
131.240000	131.610000	47.000
131.240000	131.390000	83.000
131.440000	131.830000	83.000
131.440000	131.610000	40.000
131.660000	132.470000	59.000
131.660000	131.830000	51.000
131.880000	132.040000	83.000
131.880000	132.040000	47.000
131.880000	132.040000	42.000
131.880000	132.040000	40.000
132.090000	132.370000	52.000
132.090000	132.260000	83.000
132.090000	132.260000	47.000
132.310000	132.370000	40.000
132.420000	132.470000	52.000
132.420000	132.470000	47.000
132.520000	132.890000	52.000
132.740000	133.120000	78.000
132.740000	132.890000	56.000
132.740000	132.890000	47.000
132.740000	132.890000	40.000
132.940000	133.970000	59.000
132.940000	133.120000	56.000
133.170000	134.190000	78.000
133.170000	133.330000	83.000
133.170000	133.330000	51.000
133.170000	133.330000	47.000
133.170000	133.330000	40.000
133.380000	134.190000	71.000
133.380000	133.760000	54.000
133.600000	133.760000	47.000
133.600000	133.760000	42.000
133.710000	133.970000	73.000
133.810000	134.190000	54.000
133.810000	133.970000	90.000
133.810000	133.970000	47.000
134.240000	135.470000	73.000
134.240000	134.390000	78.000
134.440000	134.830000	78.000
134.440000	134.610000	66.000
134.440000	134.610000	46.000
134.660000	134.830000	66.000
134.880000	135.040000	82.000
134.880000	135.040000	46.000
135.090000	135.690000	61.000
135.090000	135.260000	58.000
135.310000	135.470000	76.000
135.310000	135.470000	46.000
135.520000	135.890000	47.000
135.740000	135.800000	40.000
135.850000	135.890000	51.000
135.940000	136.330000	59.000
136.060000	136.110000	47.000
136.160000	137.170000	78.000
136.160000	136.330000	83.000
136.160000	136.330000	47.000
136.160000	136.330000	40.000
136.380000	138.900000	59.000
136.380000	136.550000	66.000
136.600000	136.980000	66.000
136.600000	136.760000	54.000
136.600000	136.760000	47.000
136.600000	136.760000	40.000
136.810000	137.510000	47.000
136.810000	137.170000	54.000
137.030000	137.400000	66.000
137.030000	137.170000	71.000
137.030000	137.170000	40.000
137.030000	137.170000	35.000
137.220000	139.120000	71.000
137.220000	137.400000	78.000
137.450000	138.690000	66.000
137.450000	137.830000	78.000
137.450000	137.510000	40.000
137.560000	137.620000	47.000
137.670000	137.830000	83.000
137.670000	137.830000	47.000
137.880000	138.040000	47.000
137.880000	138.040000	42.000
137.880000	138.040000	40.000
138.090000	138.260000	83.000
138.090000	138.260000	47.000
138.310000	138.690000	54.000
138.310000	138.470000	87.000
138.310000	138.470000	47.000
138.310000	138.470000	40.000
138.520000	138.690000	90.000
138.740000	139.120000	83.000
138.740000	138.900000	63.000
138.740000	138.900000	47.000
138.740000	138.900000	42.000
138.950000	139.550000	64.000
138.950000	139.120000	59.000
139.170000	139.550000	68.000
139.170000	139.330000	52.000
139.170000	139.330000	47.000
139.380000	139.440000	52.000
139.600000	139.970000	78.000
139.600000	139.760000	56.000
139.600000	139.760000	47.000
139.600000	139.760000	40.000
139.810000	140.190000	59.000
140.020000	140.190000	83.000
140.020000	140.190000	51.000
140.020000	140.190000	47.000
140.020000	140.190000	40.000
140.240000	140.830000	54.000
140.240000	140.610000	59.000
140.450000	140.830000	85.000
140.450000	140.610000	47.000
140.450000	140.610000	42.000
140.660000	141.690000	66.000
140.660000	141.470000	73.000
140.880000	141.050000	54.000
140.990000	141.050000	46.000
140.990000	141.050000	42.000
141.310000	141.470000	54.000
141.310000	141.470000	46.000
141.520000	141.690000	78.000
141.740000	142.120000	70.000
141.740000	142.120000	58.000
141.950000	142.330000	73.000
142.170000	142.330000	70.000
142.170000	142.330000	49.000
142.170000	142.330000	46.000
142.380000	142.550000	83.000
142.380000	142.550000	61.000
142.380000	142.550000	47.000
142.600000	142.970000	78.000
142.600000	142.760000	47.000
142.600000	142.650000	40.000
142.810000	142.870000	47.000
143.020000	143.610000	83.000
143.020000	143.190000	47.000
143.020000	143.190000	40.000
143.240000	143.410000	63.000
143.240000	143.410000	47.000
143.460000	143.830000	78.000
143.460000	143.610000	47.000
143.660000	144.690000	83.000
143.660000	143.830000	54.000
143.660000	143.830000	47.000
143.880000	144.050000	47.000
143.880000	144.050000	40.000
144.100000	144.900000	59.000
144.100000	144.470000	52.000
144.310000	144.900000	71.000
144.310000	144.470000	56.000
144.310000	144.470000	40.000
144.520000	144.690000	56.000
144.520000	144.690000	52.000
144.740000	145.120000	83.000
144.740000	144.900000	73.000
144.740000	144.900000	52.000
144.740000	144.900000	47.000
144.950000	145.330000	71.000
144.950000	145.330000	68.000
144.950000	145.330000	64.000
145.170000	145.330000	83.000
145.170000	145.330000	56.000
145.170000	145.330000	47.000
145.170000	145.330000	40.000
145.380000	146.170000	71.000
145.380000	145.760000	76.000
145.600000	145.760000	56.000
145.600000	145.760000	49.000
145.600000	145.760000	47.000
145.600000	145.760000	40.000
145.810000	146.400000	78.000
145.810000	146.080000	83.000
145.810000	145.980000	47.000
146.030000	146.170000	47.000
146.030000	146.170000	40.000
146.450000	146.620000	78.000
146.450000	146.620000	47.000
146.450000	146.620000	40.000
146.670000	148.120000	78.000
146.670000	146.830000	47.000
146.880000	147.040000	51.000
146.880000	147.040000	47.000
146.880000	147.040000	40.000
147.090000	147.160000	51.000
147.310000	147.470000	47.000
147.520000	148.330000	66.000
147.520000	148.120000	73.000
147.520000	147.690000	59.000
147.840000	147.900000	54.000
147.840000	147.900000	46.000
147.950000	148.980000	61.000
147.950000	148.330000	54.000
148.170000	148.980000	73.000
148.170000	148.330000	78.000
148.170000	148.330000	46.000
148.170000	148.330000	42.000
148.380000	148.760000	66.000
148.380000	148.550000	78.000
148.600000	148.980000	70.000
148.600000	148.760000	58.000
148.810000	149.190000	58.000
148.810000	149.190000	54.000
148.810000	149.190000	49.000
149.030000	149.400000	73.000
149.030000	149.400000	61.000
149.240000	149.510000	47.000
149.450000	149.510000	40.000
149.560000	149.610000	51.000
149.560000	149.610000	47.000
149.660000	150.470000	59.000
149.780000	150.900000	66.000
149.880000	150.260000	78.000
149.880000	150.040000	47.000
149.880000	150.040000	40.000
150.090000	150.260000	47.000
150.310000	150.690000	83.000
150.310000	150.470000	51.000
150.310000	150.470000	47.000
150.520000	150.900000	71.000
150.520000	150.900000	54.000
150.520000	150.690000	51.000
150.740000	150.900000	47.000
150.950000	151.220000	59.000
150.950000	151.220000	52.000
151.170000	151.220000	40.000
151.270000	151.330000	59.000
151.270000	151.330000	56.000
151.270000	151.330000	52.000
151.380000	151.760000	64.000
151.380000	151.550000	68.000
151.470000	151.760000	52.000
151.600000	151.970000	76.000
151.600000	151.760000	83.000
151.600000	151.760000	47.000
151.600000	151.760000	40.000
151.810000	152.400000	68.000
151.810000	152.190000	71.000
152.020000	152.190000	83.000
152.020000	152.190000	56.000
152.020000	152.190000	51.000
152.020000	152.190000	47.000
152.240000	154.550000	71.000
152.240000	152.400000	80.000
152.240000	152.400000	76.000
152.240000	152.400000	49.000
152.450000	152.610000	80.000
152.450000	152.610000	47.000
152.450000	152.610000	40.000
152.660000	153.260000	78.000
152.660000	153.040000	47.000
152.880000	153.150000	51.000
152.880000	153.040000	40.000
153.310000	153.470000	78.000
153.310000	153.470000	47.000
153.310000	153.470000	40.000
153.520000	154.550000	78.000
153.520000	153.900000	47.000
153.740000	153.900000	83.000
153.740000	153.900000	40.000
153.950000	154.330000	83.000
153.950000	154.120000	47.000
154.170000	154.330000	47.000
154.170000	154.330000	42.000
154.380000	154.760000	54.000
154.380000	154.550000	90.000
154.700000	155.190000	66.000
154.700000	154.760000	46.000
154.810000	155.190000	54.000
155.030000	156.040000	73.000
155.030000	155.830000	78.000
155.030000	155.190000	46.000
155.030000	155.190000	42.000
155.240000	155.830000	66.000
155.450000	155.830000	82.000
155.450000	155.610000	46.000
155.450000	155.610000	42.000
155.660000	156.040000	70.000
155.660000	156.040000	61.000
155.880000	156.040000	82.000
155.880000	156.040000	49.000
155.880000	156.040000	46.000
156.090000	156.470000	47.000
156.090000	156.370000	83.000
156.090000	156.260000	78.000
156.310000	156.470000	78.000
156.520000	156.690000	47.000
156.630000	156.690000	54.000
156.740000	156.900000	47.000
156.740000	156.900000	40.000
156.950000	157.760000	78.000
156.950000	157.330000	47.000
157.170000	157.330000	54.000
157.170000	157.330000	40.000
157.380000	158.190000	59.000
157.380000	157.760000	66.000
157.600000	157.760000	47.000
157.600000	157.660000	40.000
157.810000	158.190000	52.000
157.810000	157.980000	83.000
158.030000	158.190000	83.000
158.030000	158.190000	56.000
158.030000	158.190000	47.000
158.030000	158.190000	40.000
158.240000	158.400000	83.000
158.240000	158.400000	56.000
158.240000	158.400000	52.000
158.450000	158.620000	83.000
158.450000	158.620000	76.000
158.450000	158.620000	47.000
158.450000	158.620000	40.000
158.670000	161.410000	71.000
158.670000	159.040000	68.000
158.670000	158.840000	51.000
158.890000	159.040000	56.000
158.890000	159.040000	47.000
159.090000	159.470000	76.000
159.090000	159.470000	59.000
159.090000	159.260000	68.000
159.310000	159.470000	68.000
159.310000	159.470000	47.000
159.520000	160.330000	59.000
159.740000	160.120000	63.000
159.740000	159.790000	40.000
159.840000	159.900000	51.000
159.840000	159.900000	47.000
160.060000	160.330000	66.000
160.170000	160.980000	63.000
160.170000	160.550000	78.000
160.170000	160.330000	47.000
160.380000	160.760000	66.000
160.380000	160.760000	59.000
160.600000	160.980000	78.000
160.600000	160.760000	47.000
160.600000	160.760000	40.000
160.600000	160.760000	39.000
160.810000	161.620000	66.000
160.810000	161.410000	59.000
161.030000	161.410000	78.000
161.030000	161.190000	47.000
161.030000	161.190000	42.000
161.240000	161.410000	90.000
161.240000	161.410000	54.000
161.240000	161.410000	47.000
161.460000	162.040000	54.000
161.560000	161.620000	46.000
161.670000	162.040000	73.000
161.670000	162.040000	66.000
161.880000	162.260000	78.000
161.880000	162.040000	46.000
161.880000	162.040000	42.000
162.090000	162.900000	73.000
162.090000	162.470000	66.000
162.090000	162.470000	58.000
162.310000	162.690000	82.000
162.310000	162.470000	78.000
162.310000	162.470000	61.000
162.310000	162.470000	46.000
162.520000	162.900000	61.000
162.520000	162.690000	58.000
162.740000	162.900000	76.000
162.740000	162.900000	54.000
162.950000	164.400000	66.000
162.950000	163.330000	59.000
162.950000	163.120000	75.000
163.170000	163.330000	47.000
163.170000	163.330000	40.000
163.590000	164.520000	78.000
163.590000	163.760000	83.000
163.590000	163.760000	47.000
163.590000	163.760000	40.000
163.810000	164.180000	59.000
164.030000	164.180000	51.000
164.030000	164.180000	47.000
164.030000	164.180000	40.000
164.230000	164.620000	54.000
164.230000	164.400000	47.000
164.450000	164.620000	47.000
164.670000	165.260000	80.000
164.670000	165.260000	76.000
164.670000	165.050000	83.000
164.670000	164.830000	47.000
164.880000	165.050000	52.000
164.990000	165.050000	68.000
164.990000	165.050000	47.000
165.200000	165.260000	68.000
165.310000	165.900000	83.000
165.310000	165.690000	76.000
165.310000	165.470000	47.000
165.310000	165.470000	40.000
165.520000	165.690000	52.000
165.740000	165.900000	68.000
165.740000	165.900000	56.000
165.740000	165.900000	51.000
165.740000	165.900000	47.000
165.950000	166.120000	76.000
165.950000	166.120000	56.000
165.950000	166.120000	49.000
166.170000	166.330000	56.000
166.170000	166.330000	47.000
166.170000	166.330000	40.000
166.380000	167.190000	78.000
166.380000	166.660000	47.000
166.380000	166.550000	56.000
166.600000	166.760000	40.000
166.710000	168.050000	59.000
167.020000	167.190000	54.000
167.020000	167.190000	47.000
167.020000	167.190000	40.000
167.240000	167.400000	78.000
167.240000	167.400000	47.000
167.450000	168.260000	71.000
167.450000	167.830000	78.000
167.450000	167.830000	63.000
167.450000	167.620000	40.000
167.670000	168.050000	54.000
167.880000	168.050000	47.000
167.880000	168.050000	42.000
168.100000	168.690000	66.000
168.100000	168.260000	59.000
168.420000	169.330000	54.000
168.530000	169.330000	73.000
168.740000	168.900000	66.000
168.740000	168.900000	46.000
168.950000	169.330000	66.000
168.950000	169.330000	49.000
169.170000	169.330000	58.000
169.170000	169.330000	42.000
169.380000	170.190000	73.000
169.380000	169.550000	66.000
169.380000	169.550000	58.000
169.600000	169.980000	61.000
169.600000	169.760000	54.000
169.600000	169.760000	46.000
169.810000	171.260000	59.000
170.030000	170.190000	78.000
170.030000	170.080000	47.000
170.030000	170.080000	40.000
170.130000	170.190000	47.000
170.240000	170.620000	47.000
170.450000	171.480000	71.000
170.450000	170.620000	54.000
170.450000	170.620000	40.000
170.670000	171.040000	83.000
170.670000	171.040000	54.000
170.670000	171.040000	47.000
170.880000	171.040000	78.000
170.880000	171.040000	40.000
170.880000	171.040000	38.000
171.090000	171.260000	47.000
171.530000	172.120000	71.000
171.530000	171.680000	78.000
171.530000	171.680000	31.000
171.530000	171.680000	28.000
171.730000	172.330000	66.000
171.730000	171.900000	75.000
171.730000	171.900000	35.000
171.950000	172.120000	85.000
172.170000	172.330000	75.000
172.380000	172.540000	90.000
172.380000	172.540000	83.000
172.590000	172.760000	78.000
172.590000	172.760000	47.000
172.810000	172.970000	91.000
172.810000	172.970000	82.000
172.810000	172.970000	75.000
173.020000	173.190000	90.000
173.020000	173.190000	85.000
173.020000	173.190000	78.000
173.240000	173.400000	90.000
173.240000	173.400000	87.000
173.240000	173.400000	83.000
173.450000	173.610000	91.000
173.450000	173.610000	87.000
173.450000	173.610000	82.000
173.660000	173.830000	90.000
173.660000	173.830000	85.000
173.660000	173.830000	78.000
173.880000	174.040000	75.000
174.090000	174.260000	90.000
174.310000	174.470000	90.000
174.310000	174.470000	85.000
174.310000	174.470000	78.000
174.520000	174.680000	87.000
174.520000	174.680000	82.000
174.730000	175.110000	78.000
174.730000	174.900000	85.000
174.950000	175.320000	87.000
174.950000	175.320000	71.000
174.950000	175.110000	83.000
175.160000	175.320000	91.000
175.160000	175.320000	82.000
175.160000	175.320000	75.000
175.370000	175.540000	90.000
175.370000	175.540000	85.000
175.590000	175.750000	91.000
175.590000	175.750000	87.000
175.590000	175.750000	82.000
175.800000	176.180000	90.000
175.800000	175.970000	83.000
175.800000	175.970000	71.000
176.020000	176.180000	85.000
176.020000	176.180000	78.000
176.230000	176.400000	91.000
176.230000	176.400000	87.000
176.230000	176.400000	82.000
176.230000	176.400000	75.000
176.450000	176.610000	90.000
176.450000	176.610000	85.000
176.450000	176.610000	78.000
176.450000	176.610000	66.000
176.660000	177.040000	87.000
176.660000	176.820000	90.000
176.660000	176.820000	71.000
176.870000	177.040000	91.000
176.870000	177.040000	82.000
176.870000	177.040000	75.000
177.090000	177.250000	90.000
177.090000	177.250000	85.000
177.300000	177.470000	91.000
177.300000	177.470000	82.000
177.300000	177.470000	75.000
177.520000	177.680000	90.000
177.520000	177.680000	83.000
177.730000	177.890000	90.000
177.730000	177.890000	85.000
177.730000	177.890000	78.000
177.940000	178.110000	82.000
177.940000	178.110000	75.000
178.160000	178.320000	90.000
178.160000	178.320000	87.000
178.160000	178.320000	83.000
178.370000	178.960000	90.000
178.370000	178.540000	87.000
178.370000	178.540000	83.000
178.590000	178.750000	85.000
178.800000	178.960000	87.000
178.800000	178.960000	83.000
179.010000	179.180000	87.000
179.010000	179.180000	75.000
179.230000	179.390000	90.000
179.230000	179.390000	85.000
179.230000	179.390000	78.000
179.440000	179.610000	90.000
179.440000	179.610000	87.000
179.440000	179.610000	83.000
179.440000	179.610000	75.000
179.440000	179.610000	71.000
179.660000	179.820000	87.000
179.870000	179.930000	90.000
179.870000	179.930000	83.000
179.980000	180.250000	88.000
179.980000	180.040000	76.000
180.090000	180.250000	83.000
180.300000	180.680000	80.000
180.300000	180.470000	82.000
180.520000	180.680000	92.000
180.730000	181.650000	90.000
180.730000	181.110000	78.000
180.950000	181.540000	83.000
180.950000	181.330000	87.000
181.160000	181.330000	75.000
181.160000	181.330000	71.000
181.380000	181.540000	78.000
181.590000	181.650000	83.000
181.700000	181.970000	85.000
181.700000	181.750000	92.000
181.800000	181.970000	90.000
181.800000	181.970000	78.000
182.020000	182.180000	76.000
182.230000	182.400000	92.000
182.230000	182.400000	85.000
182.230000	182.400000	80.000
182.450000	182.820000	85.000
182.450000	182.610000	89.000
182.450000	182.610000	82.000
182.450000	182.610000	78.000
182.450000	182.610000	70.000
182.660000	182.820000	78.000
182.870000	183.040000	89.000
182.870000	183.040000	86.000
182.870000	183.040000	82.000
182.870000	183.040000	70.000
183.090000	183.250000	92.000
183.090000	183.250000	89.000
183.090000	183.250000	73.000
183.300000	183.680000	78.000
183.300000	183.470000	76.000
183.520000	183.680000	90.000
183.520000	183.680000	87.000
183.520000	183.680000	75.000
183.730000	183.890000	90.000
183.730000	183.890000	87.000
183.730000	183.890000	83.000
183.940000	184.110000	90.000
183.940000	184.110000	87.000
183.940000	184.110000	85.000
183.940000	184.110000	80.000
183.940000	184.110000	78.000
184.160000	184.320000	90.000
184.160000	184.320000	78.000
184.370000	184.540000	91.000
184.370000	184.540000	75.000
184.590000	184.750000	90.000
184.590000	184.750000	78.000
184.800000	185.180000	87.000
184.800000	184.970000	82.000
184.800000	184.970000	75.000
185.020000	185.180000	91.000
185.020000	185.180000	83.000
185.230000	185.610000	87.000
185.230000	185.610000	83.000
185.230000	185.400000	78.000
185.450000	185.820000	78.000
185.450000	185.610000	85.000
185.450000	185.610000	71.000
185.660000	185.820000	87.000
185.660000	185.820000	83.000
185.870000	186.680000	87.000
185.870000	186.040000	90.000
185.870000	186.040000	75.000
186.090000	186.250000	90.000
186.090000	186.250000	78.000
186.090000	186.250000	66.000
186.300000	186.470000	83.000
186.300000	186.470000	75.000
186.300000	186.470000	71.000
186.520000	186.680000	78.000
186.520000	186.680000	75.000
186.730000	186.790000	83.000
186.730000	186.790000	71.000
186.840000	187.110000	88.000
186.840000	186.900000	76.000
186.950000	187.110000	92.000
186.950000	187.110000	83.000
187.160000	187.320000	92.000
187.160000	187.320000	82.000
187.160000	187.320000	80.000
187.370000	187.540000	92.000
187.370000	187.540000	83.000
187.370000	187.540000	80.000
187.370000	187.540000	71.000
187.590000	188.180000	90.000
187.590000	187.750000	80.000
187.590000	187.750000	78.000
187.800000	187.970000	87.000
187.800000	187.970000	83.000
187.800000	187.970000	78.000
188.020000	188.180000	87.000
188.020000	188.180000	83.000
188.230000	188.400000	90.000
188.230000	188.400000	85.000
188.450000	188.510000	90.000
188.450000	188.510000	83.000
188.450000	188.510000	75.000
188.560000	188.620000	92.000
188.670000	188.830000	90.000
188.670000	188.830000	85.000
188.670000	188.830000	82.000
188.670000	188.830000	78.000
188.880000	189.040000	88.000
189.090000	189.260000	85.000
189.310000	189.470000	82.000
189.310000	189.470000	78.000
189.520000	189.680000	85.000
189.520000	189.680000	78.000
189.730000	189.890000	89.000
189.730000	189.890000	82.000
189.730000	189.890000	78.000
189.940000	190.110000	92.000
189.940000	190.110000	89.000
189.940000	190.110000	85.000
190.160000	190.320000	89.000
190.160000	190.320000	82.000
190.370000	190.750000	83.000
190.370000	190.750000	78.000
190.370000	190.540000	90.000
190.370000	190.540000	87.000
190.590000	190.750000	90.000
190.590000	190.750000	85.000
190.590000	190.750000	71.000
190.800000	190.970000	87.000
190.800000	190.970000	75.000
191.020000	193.260000	90.000
