0.770000	0.880000	35.000
1.150000	2.450000	35.000
1.380000	2.330000	66.000
1.590000	2.330000	71.000
1.800000	2.450000	73.000
1.800000	2.450000	42.000
1.800000	2.200000	90.000
2.380000	2.450000	30.000
2.500000	5.230000	30.000
3.110000	3.490000	66.000
3.320000	5.230000	73.000
3.540000	5.230000	74.000
3.540000	5.230000	35.000
5.280000	9.320000	35.000
5.280000	5.450000	78.000
5.500000	5.670000	77.000
5.720000	5.890000	78.000
5.940000	6.100000	77.000
6.150000	6.540000	78.000
6.370000	6.760000	73.000
6.590000	6.980000	78.000
6.590000	6.760000	76.000
6.810000	8.720000	90.000
6.810000	6.980000	74.000
7.030000	8.280000	76.000
7.030000	8.280000	71.000
8.330000	8.720000	66.000
8.560000	9.320000	71.000
8.770000	9.320000	73.000
8.770000	9.140000	30.000
9.190000	9.320000	30.000
9.370000	12.630000	30.000
10.070000	10.240000	74.000
10.290000	12.630000	73.000
10.510000	14.810000	35.000
10.510000	12.630000	86.000
10.510000	12.630000	71.000
12.680000	13.070000	73.000
13.120000	13.500000	74.000
13.550000	13.940000	76.000
13.990000	14.370000	78.000
14.420000	14.810000	78.000
14.420000	14.810000	38.000
14.860000	15.240000	78.000
14.860000	15.240000	38.000
15.290000	16.220000	38.000
15.290000	15.460000	79.000
15.510000	16.110000	78.000
15.740000	16.320000	76.000
15.740000	16.110000	33.000
16.160000	16.220000	33.000
16.370000	17.850000	33.000
16.370000	16.990000	78.000
16.370000	16.990000	38.000
17.040000	17.990000	78.000
17.260000	17.420000	76.000
17.470000	18.130000	74.000
17.900000	18.730000	35.000
18.180000	18.730000	78.000
18.780000	19.580000	35.000
18.780000	18.950000	76.000
19.000000	19.160000	74.000
19.210000	19.520000	73.000
19.630000	22.650000	30.000
19.630000	20.900000	76.000
19.630000	20.900000	73.000
20.950000	21.130000	78.000
21.180000	21.350000	77.000
21.400000	21.560000	78.000
21.610000	21.770000	77.000
21.820000	22.860000	78.000
22.040000	22.430000	73.000
22.260000	22.430000	76.000
22.480000	22.650000	74.000
22.700000	22.920000	30.000
22.700000	22.860000	71.000
22.970000	23.050000	30.000
23.100000	23.340000	35.000
23.100000	23.340000	30.000
23.390000	23.470000	35.000
23.390000	23.470000	30.000
23.520000	24.830000	35.000
23.520000	23.950000	30.000
24.000000	24.770000	66.000
24.230000	24.830000	71.000
24.440000	24.830000	30.000
24.440000	24.770000	73.000
24.880000	26.760000	30.000
24.880000	24.950000	35.000
25.000000	25.690000	71.000
25.740000	25.910000	74.000
25.960000	27.860000	73.000
26.180000	26.570000	71.000
26.620000	27.860000	35.000
26.810000	28.510000	90.000
26.810000	27.860000	74.000
27.910000	28.270000	71.000
27.910000	28.270000	35.000
28.320000	28.510000	71.000
28.790000	29.170000	71.000
28.790000	28.950000	38.000
29.000000	29.170000	59.000
29.300000	29.610000	66.000
29.300000	29.400000	35.000
29.450000	30.160000	71.000
29.450000	30.160000	35.000
29.660000	30.160000	73.000
29.660000	30.040000	30.000
30.090000	30.480000	30.000
30.210000	30.270000	35.000
30.320000	31.130000	54.000
30.530000	30.920000	30.000
30.530000	30.690000	35.000
30.740000	30.920000	78.000
30.740000	30.920000	47.000
30.970000	31.130000	78.000
30.970000	31.130000	42.000
31.180000	31.350000	85.000
31.180000	31.350000	54.000
31.400000	31.990000	42.000
31.400000	31.750000	74.000
31.400000	31.750000	47.000
31.400000	31.750000	33.000
31.800000	31.990000	78.000
31.800000	31.990000	35.000
31.800000	31.990000	30.000
32.040000	32.220000	35.000
32.270000	32.650000	59.000
32.270000	32.430000	38.000
32.480000	33.390000	35.000
32.480000	33.090000	78.000
33.140000	33.310000	78.000
33.360000	33.520000	77.000
33.440000	33.740000	35.000
33.570000	33.740000	78.000
33.790000	33.960000	77.000
34.010000	34.400000	78.000
34.010000	34.400000	35.000
34.010000	34.180000	32.000
34.230000	34.400000	73.000
34.450000	34.610000	76.000
34.750000	34.930000	74.000
34.750000	34.830000	35.000
34.980000	35.480000	71.000
34.980000	35.240000	78.000
35.290000	35.480000	78.000
35.290000	35.480000	35.000
35.750000	35.920000	59.000
35.970000	36.140000	59.000
36.050000	36.360000	35.000
36.190000	36.560000	66.000
36.530000	36.710000	71.000
36.530000	36.560000	35.000
36.760000	37.230000	73.000
36.830000	37.230000	35.000
36.830000	37.230000	30.000
37.490000	37.650000	71.000
37.490000	37.650000	32.000
37.700000	37.880000	66.000
37.700000	37.880000	61.000
37.700000	37.880000	30.000
38.010000	38.100000	74.000
38.010000	38.100000	49.000
38.150000	38.310000	73.000
38.360000	38.970000	71.000
38.360000	38.540000	33.000
38.590000	38.750000	30.000
38.880000	38.970000	30.000
39.240000	39.400000	38.000
39.530000	39.700000	35.000
39.750000	39.840000	35.000
39.890000	39.990000	38.000
40.100000	40.270000	71.000
40.100000	40.270000	62.000
40.100000	40.270000	35.000
40.450000	40.490000	35.000
40.540000	40.830000	73.000
40.880000	41.800000	64.000
40.970000	41.360000	83.000
40.970000	41.360000	74.000
40.970000	41.360000	52.000
40.970000	41.360000	35.000
41.550000	41.800000	76.000
41.550000	41.800000	35.000
41.850000	42.450000	78.000
42.250000	42.450000	54.000
42.720000	43.200000	38.000
43.250000	43.320000	38.000
43.370000	43.420000	78.000
43.470000	43.970000	38.000
43.470000	43.650000	78.000
43.590000	43.650000	76.000
43.700000	44.200000	76.000
43.800000	44.620000	78.000
44.140000	44.200000	38.000
44.250000	44.410000	33.000
44.790000	44.850000	45.000
44.900000	45.930000	78.000
45.110000	45.400000	76.000
45.110000	45.280000	45.000
45.740000	45.930000	64.000
46.200000	46.470000	38.000
46.410000	46.800000	35.000
46.410000	46.470000	62.000
46.730000	46.800000	76.000
46.850000	46.930000	74.000
46.980000	47.030000	74.000
47.080000	47.460000	73.000
47.290000	47.560000	35.000
47.400000	47.560000	30.000
47.610000	47.680000	35.000
47.610000	47.680000	30.000
47.730000	47.890000	33.000
47.940000	48.330000	30.000
47.940000	48.110000	32.000
48.590000	48.760000	30.000
48.810000	48.980000	78.000
49.030000	49.190000	77.000
49.240000	49.420000	78.000
49.240000	49.420000	30.000
49.470000	49.630000	77.000
49.680000	50.070000	78.000
50.020000	50.280000	30.000
50.330000	50.500000	74.000
50.450000	50.940000	30.000
51.530000	51.590000	32.000
51.640000	51.810000	35.000
52.180000	52.250000	32.000
53.380000	54.150000	30.000
53.700000	53.770000	74.000
54.200000	54.420000	30.000
55.860000	56.010000	71.000
55.860000	56.010000	46.000
56.280000	56.720000	71.000
56.280000	56.600000	78.000
56.280000	56.600000	35.000
56.280000	56.600000	31.000
56.770000	57.460000	71.000
56.770000	56.900000	29.000
57.080000	61.820000	83.000
57.080000	57.460000	78.000
57.080000	57.460000	52.000
57.080000	57.460000	47.000
57.080000	57.460000	31.000
57.510000	57.900000	71.000
58.010000	58.330000	78.000
58.010000	58.330000	71.000
58.010000	58.330000	32.000
58.010000	58.330000	31.000
58.380000	58.410000	71.000
58.460000	59.210000	71.000
58.460000	58.770000	59.000
58.820000	59.640000	59.000
59.260000	60.140000	71.000
59.260000	59.640000	31.000
59.690000	60.400000	59.000
60.190000	60.510000	71.000
60.450000	60.580000	59.000
60.630000	60.950000	59.000
61.080000	61.380000	71.000
61.080000	61.380000	59.000
61.430000	61.820000	71.000
61.500000	61.880000	90.000
61.500000	61.820000	59.000
61.930000	62.040000	78.000
61.930000	62.040000	57.000
62.090000	62.250000	77.000
62.380000	62.690000	74.000
62.380000	62.690000	59.000
62.740000	62.910000	71.000
62.960000	63.400000	71.000
63.060000	63.240000	59.000
63.290000	63.340000	59.000
63.450000	63.790000	71.000
63.620000	64.000000	59.000
63.840000	64.710000	71.000
64.050000	64.220000	59.000
64.270000	64.380000	59.000
64.590000	64.870000	59.000
64.760000	65.370000	71.000
64.920000	65.180000	59.000
65.230000	65.290000	59.000
65.420000	66.390000	71.000
65.570000	65.680000	59.000
65.730000	65.850000	59.000
65.900000	66.060000	59.000
66.280000	66.390000	57.000
66.500000	66.610000	57.000
66.720000	66.890000	31.000
66.720000	66.830000	57.000
66.940000	67.040000	77.000
66.940000	67.040000	57.000
67.160000	67.260000	57.000
67.310000	67.480000	77.000
67.310000	67.480000	57.000
67.310000	67.480000	31.000
67.590000	67.700000	57.000
67.750000	67.910000	77.000
67.750000	67.910000	57.000
68.290000	69.330000	29.000
69.700000	69.930000	37.000
69.700000	69.810000	41.000
69.700000	69.810000	32.000
70.580000	70.810000	90.000
70.580000	70.810000	36.000
70.860000	71.050000	29.000
71.100000	71.390000	44.000
71.440000	71.610000	78.000
71.660000	71.680000	77.000
71.730000	71.830000	77.000
71.880000	72.040000	78.000
72.090000	72.270000	77.000
72.320000	72.700000	78.000
72.530000	72.700000	73.000
72.750000	72.910000	76.000
73.030000	73.130000	74.000
73.180000	73.360000	47.000
73.410000	73.570000	47.000
73.620000	73.790000	47.000
73.840000	74.010000	47.000
73.950000	74.010000	35.000
74.060000	74.230000	47.000
74.280000	74.430000	47.000
74.480000	74.880000	47.000
74.480000	74.660000	54.000
74.710000	74.880000	71.000
74.710000	74.880000	35.000
75.150000	75.310000	42.000
75.360000	76.180000	61.000
75.360000	75.650000	54.000
75.580000	75.650000	42.000
75.700000	75.750000	54.000
76.020000	76.080000	42.000
76.130000	76.180000	35.000
76.230000	76.620000	54.000
76.450000	76.620000	73.000
76.450000	76.620000	42.000
76.780000	76.840000	47.000
76.890000	77.050000	47.000
77.000000	77.050000	35.000
77.100000	77.270000	54.000
77.100000	77.270000	47.000
77.320000	77.490000	47.000
77.440000	77.490000	35.000
77.540000	77.710000	62.000
77.540000	77.710000	47.000
77.760000	77.920000	47.000
77.870000	77.920000	35.000
77.970000	78.140000	47.000
78.190000	78.360000	47.000
78.310000	78.360000	35.000
78.410000	78.790000	47.000
78.410000	78.580000	78.000
78.630000	78.790000	65.000
78.630000	78.790000	35.000
78.840000	79.010000	78.000
78.840000	79.010000	47.000
79.060000	79.230000	47.000
79.180000	79.230000	65.000
79.180000	79.230000	35.000
79.380000	79.450000	47.000
79.500000	79.670000	47.000
79.720000	79.880000	64.000
79.720000	79.880000	47.000
79.930000	80.100000	47.000
80.050000	80.100000	35.000
80.150000	80.320000	47.000
80.370000	80.530000	47.000
80.580000	80.760000	47.000
80.810000	80.970000	47.000
80.920000	80.970000	35.000
81.020000	81.180000	47.000
81.230000	81.410000	47.000
81.460000	81.620000	54.000
81.460000	81.620000	47.000
81.670000	81.840000	47.000
81.890000	81.960000	59.000
82.110000	82.180000	42.000
82.550000	82.710000	42.000
82.760000	83.150000	61.000
82.980000	83.150000	73.000
82.980000	83.150000	42.000
83.420000	83.580000	73.000
83.420000	83.580000	42.000
83.630000	83.910000	71.000
83.850000	84.020000	47.000
83.960000	84.020000	35.000
84.070000	84.240000	47.000
84.290000	84.450000	47.000
84.620000	84.670000	47.000
84.720000	84.890000	47.000
84.940000	85.110000	47.000
85.160000	85.320000	47.000
85.270000	85.320000	35.000
85.490000	85.540000	47.000
85.590000	85.760000	47.000
85.810000	85.980000	47.000
86.030000	86.190000	47.000
86.140000	86.190000	35.000
86.240000	86.410000	47.000
86.460000	86.630000	47.000
86.580000	86.630000	35.000
86.680000	86.850000	64.000
86.680000	86.850000	47.000
86.900000	87.060000	47.000
87.340000	87.500000	38.000
87.550000	88.370000	66.000
87.770000	88.150000	78.000
87.770000	87.940000	38.000
88.200000	88.370000	78.000
88.200000	88.370000	38.000
88.640000	88.810000	78.000
88.640000	88.810000	38.000
89.080000	89.240000	45.000
89.510000	89.680000	64.000
89.510000	89.680000	33.000
89.730000	90.110000	64.000
89.950000	90.110000	76.000
89.950000	90.110000	45.000
90.160000	90.550000	45.000
90.160000	90.330000	66.000
90.380000	90.550000	57.000
90.470000	90.550000	64.000
90.470000	90.550000	33.000
90.600000	90.770000	47.000
90.820000	90.980000	47.000
90.930000	90.980000	64.000
90.930000	90.980000	35.000
91.030000	91.200000	62.000
91.030000	91.200000	47.000
91.250000	91.420000	47.000
91.690000	91.850000	47.000
91.800000	91.850000	35.000
92.120000	92.290000	47.000
92.240000	92.290000	35.000
92.560000	92.720000	42.000
92.770000	92.940000	78.000
92.990000	93.060000	42.000
93.210000	93.600000	66.000
93.430000	93.600000	73.000
93.430000	93.600000	42.000
93.650000	93.820000	66.000
93.870000	94.030000	62.000
93.870000	94.030000	42.000
94.080000	94.250000	47.000
94.300000	94.460000	47.000
94.510000	94.690000	47.000
94.740000	94.900000	47.000
94.850000	94.900000	35.000
94.950000	95.120000	47.000
95.170000	95.330000	47.000
95.280000	95.330000	35.000
95.380000	95.550000	54.000
95.380000	95.550000	47.000
95.600000	95.770000	47.000
95.720000	95.770000	35.000
96.040000	96.210000	42.000
96.260000	96.540000	61.000
96.470000	96.540000	42.000
96.910000	97.080000	42.000
97.350000	97.510000	42.000
97.560000	98.820000	59.000
97.780000	97.950000	47.000
98.000000	98.170000	47.000
98.220000	98.380000	47.000
98.330000	98.380000	35.000
98.430000	98.600000	54.000
98.430000	98.600000	47.000
98.650000	98.820000	47.000
98.870000	98.940000	35.000
98.990000	99.040000	47.000
99.090000	99.250000	47.000
99.200000	99.360000	35.000
99.520000	99.690000	47.000
99.630000	99.690000	65.000
99.630000	99.690000	35.000
99.740000	100.120000	47.000
99.740000	99.910000	78.000
99.960000	100.120000	35.000
100.170000	100.340000	78.000
100.170000	100.340000	47.000
100.390000	100.560000	47.000
100.510000	100.560000	35.000
100.610000	100.780000	64.000
100.610000	100.780000	47.000
100.830000	100.990000	47.000
100.940000	100.990000	35.000
101.040000	101.980000	59.000
101.260000	101.430000	47.000
101.480000	101.650000	47.000
101.700000	101.860000	47.000
101.810000	101.860000	35.000
102.030000	102.730000	59.000
102.130000	102.300000	47.000
102.350000	102.520000	54.000
102.350000	102.520000	47.000
102.570000	102.730000	47.000
102.680000	102.730000	35.000
102.780000	103.070000	59.000
103.010000	103.170000	42.000
103.440000	103.610000	42.000
103.880000	103.940000	42.000
104.090000	104.480000	66.000
104.310000	104.480000	73.000
104.310000	104.480000	42.000
104.530000	104.700000	74.000
104.530000	104.700000	54.000
104.530000	104.700000	47.000
104.750000	104.910000	47.000
104.860000	104.910000	35.000
104.960000	105.130000	47.000
105.180000	105.350000	47.000
105.510000	105.570000	47.000
105.620000	105.780000	47.000
105.730000	105.780000	35.000
105.830000	106.000000	74.000
106.050000	106.220000	47.000
106.270000	106.440000	78.000
106.270000	106.440000	47.000
106.490000	106.650000	47.000
106.700000	106.870000	47.000
106.920000	107.090000	47.000
107.140000	107.310000	47.000
107.360000	107.520000	47.000
107.470000	107.520000	61.000
107.470000	107.520000	35.000
107.570000	107.740000	47.000
107.790000	107.960000	47.000
107.910000	107.960000	35.000
108.010000	108.180000	47.000
108.230000	108.390000	47.000
108.440000	108.620000	47.000
108.670000	108.830000	47.000
108.990000	109.050000	47.000
109.100000	109.320000	47.000
109.370000	109.480000	54.000
109.370000	109.480000	47.000
109.530000	109.700000	47.000
109.640000	109.700000	35.000
109.750000	110.130000	61.000
109.750000	110.040000	54.000
109.970000	110.130000	42.000
110.090000	110.130000	54.000
110.180000	110.360000	61.000
110.410000	110.570000	42.000
110.840000	111.000000	42.000
111.270000	111.330000	42.000
111.380000	111.440000	54.000
111.550000	111.660000	47.000
111.710000	111.870000	47.000
111.920000	112.100000	47.000
112.150000	112.310000	47.000
112.470000	112.530000	47.000
112.580000	112.750000	47.000
112.690000	112.870000	35.000
112.920000	112.970000	47.000
113.020000	113.180000	47.000
113.230000	113.620000	47.000
113.450000	113.620000	35.000
113.890000	114.050000	47.000
114.000000	114.050000	35.000
114.220000	114.280000	47.000
114.330000	114.490000	47.000
114.660000	114.710000	47.000
114.760000	114.920000	47.000
115.190000	115.250000	50.000
115.300000	115.360000	62.000
115.410000	116.230000	78.000
115.630000	115.790000	38.000
115.840000	116.010000	66.000
116.060000	116.670000	66.000
116.060000	116.230000	50.000
116.500000	116.670000	78.000
116.500000	116.670000	38.000
117.150000	117.970000	64.000
117.370000	117.540000	33.000
117.590000	117.970000	76.000
117.800000	117.970000	45.000
118.020000	118.190000	66.000
118.240000	118.410000	64.000
118.240000	118.410000	33.000
118.460000	118.630000	62.000
118.680000	118.840000	47.000
118.790000	118.840000	35.000
118.890000	119.060000	47.000
119.110000	119.270000	47.000
119.550000	119.710000	47.000
119.660000	119.710000	35.000
119.980000	120.360000	62.000
119.980000	120.150000	35.000
120.200000	120.360000	66.000
120.410000	120.580000	77.000
120.410000	120.580000	42.000
120.630000	120.800000	66.000
120.850000	121.020000	65.000
120.850000	121.020000	42.000
121.070000	121.450000	66.000
121.290000	121.450000	73.000
121.290000	121.450000	42.000
121.720000	121.790000	42.000
121.940000	122.110000	47.000
122.160000	122.320000	47.000
122.370000	122.550000	47.000
122.600000	122.760000	47.000
122.920000	122.980000	47.000
123.030000	123.190000	47.000
123.240000	123.410000	54.000
123.240000	123.410000	47.000
123.460000	123.630000	47.000
123.680000	124.500000	61.000
123.680000	124.060000	54.000
123.900000	124.060000	42.000
124.340000	124.500000	42.000
124.770000	124.930000	42.000
125.200000	125.270000	42.000
125.320000	125.370000	54.000
125.420000	125.590000	47.000
125.640000	125.800000	47.000
125.750000	125.800000	35.000
125.970000	126.030000	47.000
126.080000	126.240000	47.000
126.190000	126.240000	35.000
126.290000	126.460000	47.000
126.510000	126.900000	47.000
126.620000	126.670000	35.000
126.720000	127.010000	71.000
126.950000	127.110000	47.000
127.060000	127.110000	35.000
127.160000	127.550000	47.000
127.160000	127.330000	78.000
127.160000	127.330000	42.000
127.380000	127.550000	77.000
127.380000	127.550000	35.000
127.600000	127.770000	47.000
127.820000	127.980000	47.000
127.930000	127.980000	35.000
128.030000	128.420000	54.000
128.030000	128.200000	47.000
128.250000	128.420000	47.000
128.470000	128.640000	47.000
128.690000	128.850000	47.000
128.900000	129.070000	83.000
128.900000	129.070000	47.000
129.120000	129.290000	47.000
129.340000	129.510000	47.000
129.560000	129.720000	47.000
129.770000	129.840000	59.000
129.890000	130.590000	59.000
130.000000	130.160000	47.000
130.210000	130.380000	54.000
130.210000	130.380000	47.000
130.430000	130.590000	47.000
130.860000	131.030000	42.000
131.300000	131.460000	42.000
131.300000	131.460000	35.000
131.720000	131.800000	42.000
131.850000	131.890000	54.000
131.940000	132.230000	54.000
132.170000	132.330000	42.000
132.610000	132.770000	47.000
132.820000	132.990000	47.000
133.040000	133.210000	47.000
133.160000	133.210000	35.000
133.260000	133.420000	74.000
133.260000	133.420000	47.000
133.470000	133.640000	47.000
133.690000	134.080000	47.000
133.910000	134.080000	35.000
134.220000	134.300000	47.000
134.350000	134.510000	47.000
134.560000	134.730000	78.000
134.780000	134.950000	35.000
135.000000	135.160000	78.000
135.000000	135.160000	47.000
135.210000	135.380000	47.000
135.430000	135.820000	47.000
135.650000	135.820000	62.000
135.650000	135.820000	35.000
135.870000	136.040000	47.000
136.090000	136.250000	47.000
136.520000	136.690000	47.000
136.740000	136.910000	47.000
136.960000	137.120000	47.000
137.170000	137.340000	54.000
137.170000	137.340000	47.000
137.390000	137.560000	47.000
137.830000	137.990000	42.000
138.260000	138.330000	42.000
138.700000	138.860000	42.000
139.130000	139.300000	42.000
139.350000	139.740000	59.000
139.570000	139.740000	42.000
139.570000	139.740000	35.000
139.790000	139.960000	47.000
140.010000	140.170000	47.000
140.120000	140.170000	35.000
140.220000	140.390000	47.000
140.440000	140.600000	47.000
140.550000	140.660000	35.000
140.710000	141.380000	59.000
140.870000	141.040000	47.000
140.990000	141.040000	35.000
141.090000	141.270000	47.000
141.320000	141.480000	47.000
141.530000	141.700000	47.000
141.750000	141.910000	47.000
141.960000	142.130000	47.000
142.180000	142.350000	47.000
142.620000	142.780000	47.000
142.720000	142.780000	35.000
142.830000	143.000000	66.000
143.050000	143.220000	50.000
143.490000	143.650000	50.000
143.600000	143.650000	62.000
143.700000	143.870000	78.000
143.700000	143.870000	74.000
143.920000	144.090000	78.000
143.920000	144.090000	38.000
144.360000	144.640000	66.000
144.360000	144.530000	50.000
144.790000	145.390000	64.000
144.790000	144.960000	66.000
144.790000	144.960000	33.000
145.220000	145.390000	45.000
145.670000	145.830000	45.000
145.880000	146.050000	45.000
146.100000	146.270000	76.000
146.100000	146.270000	45.000
146.540000	146.700000	47.000
146.650000	146.700000	35.000
146.970000	147.140000	47.000
147.190000	147.360000	74.000
147.190000	147.360000	47.000
147.410000	147.570000	47.000
147.720000	147.790000	47.000
147.840000	148.010000	47.000
148.490000	148.660000	66.000
148.710000	148.880000	42.000
148.820000	148.880000	54.000
149.140000	149.310000	42.000
149.250000	149.310000	54.000
149.580000	149.750000	42.000
150.020000	150.170000	47.000
150.130000	150.170000	35.000
150.220000	150.400000	47.000
150.450000	150.620000	47.000
150.670000	150.840000	47.000
150.890000	151.050000	47.000
151.100000	151.490000	47.000
151.320000	151.490000	71.000
151.320000	151.490000	35.000
151.320000	151.490000	31.000
151.760000	151.820000	42.000
151.870000	151.920000	54.000
152.190000	152.260000	42.000
152.310000	152.490000	54.000
152.630000	152.700000	42.000
153.070000	153.130000	42.000
153.180000	153.230000	54.000
153.400000	153.450000	47.000
153.500000	153.660000	47.000
153.930000	154.000000	47.000
154.050000	154.100000	54.000
154.270000	154.330000	47.000
154.380000	154.420000	47.000
154.700000	154.760000	47.000
154.810000	154.970000	47.000
154.920000	155.030000	35.000
155.080000	155.190000	78.000
155.080000	155.190000	47.000
155.240000	155.410000	47.000
155.570000	155.630000	47.000
155.680000	155.740000	47.000
156.000000	156.060000	47.000
156.110000	156.280000	47.000
156.220000	156.280000	35.000
156.550000	156.610000	47.000
156.760000	156.990000	47.000
157.280000	157.370000	35.000
157.630000	157.790000	38.000
157.840000	157.890000	38.000
157.840000	157.890000	27.000
158.150000	158.240000	35.000
158.290000	158.780000	35.000
158.290000	158.670000	66.000
158.510000	159.110000	73.000
158.720000	158.780000	30.000
158.830000	159.760000	30.000
158.830000	158.860000	35.000
159.030000	159.110000	35.000
159.590000	160.200000	66.000
159.810000	159.980000	42.000
160.030000	160.200000	85.000
160.030000	160.200000	54.000
160.250000	160.840000	74.000
160.250000	160.590000	42.000
160.250000	160.410000	33.000
160.460000	160.840000	30.000
160.460000	160.590000	35.000
161.120000	161.260000	47.000
161.310000	161.500000	47.000
161.400000	161.570000	35.000
161.620000	161.720000	35.000
161.770000	162.600000	35.000
161.990000	162.150000	78.000
162.200000	162.370000	77.000
162.420000	162.600000	78.000
162.650000	162.810000	77.000
162.860000	163.460000	78.000
162.860000	163.250000	35.000
163.080000	163.250000	73.000
163.300000	163.460000	76.000
163.510000	164.080000	78.000
163.510000	163.670000	74.000
163.510000	163.670000	35.000
163.720000	164.080000	90.000
164.130000	164.330000	78.000
164.130000	164.330000	71.000
164.130000	164.330000	35.000
164.600000	164.840000	59.000
164.890000	165.600000	35.000
164.890000	165.210000	78.000
165.110000	165.650000	66.000
165.260000	165.970000	71.000
165.260000	165.420000	38.000
165.470000	166.080000	73.000
165.470000	165.850000	83.000
165.700000	165.970000	35.000
165.900000	166.080000	42.000
166.020000	166.080000	35.000
166.020000	166.080000	30.000
166.130000	166.730000	42.000
166.130000	166.290000	49.000
166.340000	166.730000	73.000
166.550000	166.940000	61.000
166.550000	166.730000	30.000
166.780000	166.940000	74.000
166.780000	166.940000	30.000
166.990000	167.380000	61.000
167.210000	167.520000	71.000
167.210000	167.380000	33.000
167.570000	167.590000	42.000
167.640000	167.810000	71.000
167.640000	167.810000	62.000
168.290000	168.560000	35.000
168.940000	169.050000	62.000
169.380000	169.770000	73.000
169.380000	169.560000	64.000
169.380000	169.560000	35.000
169.610000	169.770000	64.000
169.610000	169.770000	35.000
169.820000	170.430000	74.000
169.820000	169.990000	32.000
170.260000	170.640000	76.000
170.260000	170.640000	35.000
170.260000	170.430000	83.000
170.480000	170.640000	83.000
170.770000	171.290000	78.000
170.770000	170.860000	45.000
171.010000	171.050000	35.000
171.240000	171.290000	66.000
171.560000	171.950000	38.000
171.560000	171.720000	78.000
171.770000	171.950000	78.000
171.770000	171.950000	31.000
172.100000	172.170000	38.000
172.100000	172.170000	32.000
172.220000	172.390000	78.000
172.330000	172.600000	38.000
172.440000	172.490000	78.000
172.650000	172.820000	38.000
172.980000	173.040000	38.000
173.190000	173.250000	33.000
173.300000	173.690000	76.000
173.300000	173.580000	45.000
173.520000	174.130000	64.000
173.740000	174.130000	78.000
173.960000	174.130000	76.000
173.960000	174.130000	45.000
174.180000	174.770000	74.000
175.050000	175.320000	35.000
175.050000	175.210000	38.000
175.600000	175.650000	35.000
175.700000	175.970000	74.000
176.020000	176.520000	35.000
176.460000	176.520000	30.000
176.780000	176.960000	49.000
176.780000	176.960000	42.000
176.780000	176.960000	32.000
177.010000	177.070000	30.000
177.230000	177.390000	33.000
177.550000	177.610000	30.000
177.660000	177.830000	78.000
177.660000	177.830000	33.000
177.880000	178.040000	77.000
178.090000	178.260000	78.000
178.200000	178.260000	30.000
178.310000	178.480000	77.000
178.530000	179.240000	78.000
178.530000	178.700000	37.000
178.530000	178.700000	32.000
178.850000	178.910000	30.000
179.290000	179.780000	30.000
179.720000	179.780000	35.000
180.380000	180.540000	32.000
181.030000	181.090000	35.000
181.030000	181.090000	32.000
181.360000	181.530000	37.000
181.680000	181.740000	42.000
182.120000	182.400000	54.000
182.230000	183.050000	30.000
183.420000	183.490000	35.000
183.420000	183.490000	32.000
183.640000	183.700000	54.000
183.750000	184.030000	32.000
183.970000	184.140000	35.000
184.080000	184.140000	32.000
184.510000	184.570000	35.000
184.840000	185.010000	47.000
185.180000	185.230000	47.000
185.280000	185.440000	47.000
185.490000	185.660000	47.000
185.710000	185.880000	47.000
185.820000	185.880000	35.000
185.930000	186.310000	90.000
185.930000	186.100000	85.000
185.930000	186.100000	47.000
186.150000	186.310000	47.000
186.260000	186.310000	35.000
186.580000	186.750000	71.000
186.580000	186.750000	42.000
186.580000	186.750000	35.000
186.920000	186.970000	49.000
187.020000	187.180000	42.000
187.450000	187.620000	42.000
187.450000	187.620000	35.000
187.890000	188.050000	73.000
187.890000	188.050000	42.000
188.100000	188.380000	74.000
188.100000	188.280000	47.000
188.330000	188.490000	47.000
188.430000	188.490000	35.000
188.540000	188.710000	47.000
188.760000	188.920000	47.000
188.970000	189.140000	54.000
188.970000	189.140000	47.000
189.190000	189.360000	47.000
189.300000	189.360000	35.000
189.410000	189.580000	47.000
189.630000	189.790000	47.000
189.740000	189.790000	35.000
189.840000	190.230000	47.000
189.840000	190.020000	78.000
190.070000	190.230000	77.000
190.070000	190.230000	35.000
190.280000	190.450000	78.000
190.280000	190.450000	47.000
190.500000	190.660000	77.000
190.500000	190.660000	47.000
190.710000	191.100000	78.000
190.710000	190.890000	47.000
190.940000	191.100000	47.000
191.150000	191.320000	76.000
191.150000	191.320000	47.000
191.370000	191.530000	47.000
191.480000	191.530000	74.000
191.580000	191.760000	47.000
191.810000	191.970000	47.000
192.020000	192.190000	47.000
192.240000	192.400000	47.000
192.350000	192.840000	59.000
192.450000	192.620000	54.000
192.450000	192.620000	47.000
192.670000	192.840000	47.000
192.890000	193.060000	85.000
192.890000	193.060000	47.000
193.110000	193.280000	47.000
193.220000	193.280000	35.000
193.450000	193.710000	42.000
193.450000	193.600000	73.000
193.980000	194.150000	42.000
194.200000	194.580000	54.000
194.420000	194.580000	42.000
194.630000	194.800000	74.000
194.850000	195.150000	73.000
194.850000	195.020000	42.000
195.290000	195.450000	47.000
195.500000	195.670000	47.000
195.720000	195.890000	47.000
195.830000	195.890000	35.000
195.940000	196.110000	47.000
196.160000	196.320000	47.000
196.370000	196.540000	47.000
196.590000	196.760000	47.000
196.700000	196.760000	35.000
196.810000	196.980000	47.000
197.030000	197.190000	47.000
197.140000	197.190000	35.000
197.240000	197.520000	73.000
197.240000	197.410000	47.000
197.460000	197.630000	47.000
197.570000	197.630000	35.000
197.680000	197.960000	74.000
197.680000	197.850000	47.000
197.900000	198.060000	47.000
198.010000	198.060000	35.000
198.110000	198.280000	76.000
198.110000	198.280000	47.000
198.330000	198.500000	47.000
198.450000	198.500000	35.000
198.550000	199.060000	78.000
198.770000	198.930000	50.000
199.110000	199.150000	50.000
199.200000	199.370000	50.000
199.640000	199.800000	50.000
200.080000	200.240000	50.000
200.420000	200.670000	57.000
200.510000	200.670000	45.000
200.950000	201.110000	45.000
201.380000	201.550000	57.000
201.490000	201.550000	33.000
201.600000	202.210000	78.000
201.820000	201.980000	76.000
201.820000	201.980000	45.000
202.030000	202.310000	74.000
202.030000	202.210000	47.000
202.260000	202.420000	47.000
202.360000	202.420000	35.000
202.470000	202.640000	47.000
202.690000	202.850000	47.000
202.800000	202.850000	35.000
202.900000	203.070000	47.000
203.120000	203.290000	47.000
203.230000	203.290000	35.000
203.340000	203.720000	47.000
203.340000	203.510000	76.000
203.560000	203.720000	74.000
203.560000	203.720000	35.000
204.000000	204.160000	42.000
204.000000	204.160000	35.000
204.330000	204.380000	49.000
204.430000	204.590000	54.000
204.640000	204.720000	54.000
204.860000	205.030000	54.000
204.970000	205.030000	35.000
205.300000	205.460000	42.000
205.510000	205.690000	78.000
205.510000	205.690000	71.000
205.740000	205.900000	77.000
205.740000	205.900000	35.000
205.950000	206.330000	47.000
205.950000	206.120000	78.000
206.170000	206.330000	77.000
206.170000	206.330000	35.000
206.380000	206.670000	78.000
206.380000	206.560000	47.000
206.610000	206.770000	47.000
206.820000	206.990000	76.000
206.820000	206.990000	47.000
207.040000	207.210000	47.000
207.150000	207.210000	74.000
207.150000	207.210000	35.000
207.470000	207.540000	42.000
207.910000	208.080000	42.000
208.250000	208.510000	54.000
208.340000	208.510000	42.000
208.780000	208.950000	42.000
209.000000	209.280000	73.000
209.000000	209.160000	78.000
209.210000	209.380000	47.000
209.330000	209.380000	35.000
209.430000	209.710000	54.000
209.430000	209.600000	47.000
209.650000	209.820000	47.000
209.760000	209.940000	35.000
209.990000	210.030000	47.000
210.080000	210.250000	47.000
210.300000	210.470000	74.000
210.300000	210.470000	47.000
210.520000	210.690000	47.000
210.740000	211.120000	78.000
210.740000	210.910000	83.000
210.740000	210.910000	47.000
210.960000	211.120000	47.000
211.070000	211.120000	35.000
211.170000	211.340000	47.000
211.390000	211.770000	47.000
211.500000	211.560000	35.000
211.820000	211.990000	47.000
211.940000	211.990000	35.000
212.160000	212.210000	47.000
212.260000	212.430000	47.000
212.370000	212.430000	35.000
212.480000	212.860000	47.000
212.690000	212.860000	35.000
212.690000	212.860000	31.000
212.910000	213.080000	47.000
213.130000	213.300000	47.000
213.250000	213.410000	35.000
213.460000	213.520000	47.000
213.570000	213.730000	47.000
213.680000	213.730000	35.000
213.780000	213.950000	47.000
214.000000	214.170000	47.000
214.440000	214.610000	42.000
214.870000	214.940000	42.000
214.990000	215.160000	62.000
214.990000	215.040000	54.000
215.310000	215.380000	42.000
215.750000	215.810000	42.000
215.960000	216.240000	71.000
215.960000	216.130000	54.000
216.180000	216.350000	47.000
216.290000	216.350000	35.000
216.400000	216.570000	47.000
216.620000	216.680000	47.000
216.730000	216.780000	35.000
216.830000	216.890000	66.000
216.940000	217.010000	47.000
217.060000	217.220000	47.000
217.170000	217.220000	35.000
217.380000	217.440000	47.000
217.490000	217.650000	47.000
217.700000	217.870000	47.000
217.920000	218.090000	47.000
218.360000	218.530000	47.000
218.470000	218.530000	35.000
218.790000	218.960000	47.000
218.910000	218.960000	35.000
219.230000	219.400000	47.000
219.450000	219.610000	47.000
219.660000	219.830000	47.000
219.880000	220.270000	78.000
219.880000	220.050000	47.000
220.100000	220.270000	47.000
220.420000	220.480000	47.000
220.530000	220.700000	47.000
220.750000	220.920000	64.000
220.750000	220.920000	47.000
220.970000	221.140000	47.000
221.410000	221.570000	42.000
221.840000	221.900000	42.000
222.270000	222.340000	42.000
222.710000	222.770000	42.000
222.930000	224.180000	59.000
222.930000	223.530000	66.000
223.140000	223.310000	35.000
223.360000	223.530000	47.000
223.580000	223.970000	47.000
224.020000	224.180000	47.000
224.230000	224.410000	47.000
224.460000	224.620000	47.000
224.670000	224.840000	47.000
224.890000	225.050000	47.000
225.320000	225.490000	47.000
225.440000	225.600000	62.000
225.650000	225.710000	47.000
225.760000	225.920000	47.000
226.090000	226.140000	47.000
226.190000	226.360000	47.000
226.630000	226.790000	50.000
227.070000	227.230000	50.000
227.500000	227.660000	50.000
227.930000	228.100000	50.000
228.370000	228.530000	45.000
228.810000	228.970000	57.000
229.240000	229.400000	45.000
229.670000	229.740000	57.000
229.790000	229.840000	45.000
229.890000	230.060000	47.000
230.110000	230.270000	47.000
230.320000	230.500000	47.000
230.550000	230.610000	47.000
230.980000	231.150000	47.000
231.090000	231.150000	35.000
231.420000	231.590000	47.000
231.850000	232.020000	42.000
231.960000	232.020000	54.000
232.290000	232.350000	42.000
232.720000	232.790000	42.000
233.160000	233.220000	42.000
233.270000	233.320000	35.000
233.370000	233.650000	78.000
233.370000	233.540000	47.000
233.590000	233.760000	47.000
233.810000	233.980000	47.000
234.030000	234.200000	47.000
234.140000	234.200000	35.000
234.470000	234.630000	47.000
234.900000	235.070000	47.000
235.330000	235.500000	54.000
236.200000	236.260000	45.000
236.200000	236.260000	42.000
236.310000	236.370000	54.000
236.640000	236.700000	42.000
236.750000	237.030000	54.000
236.860000	237.140000	66.000
237.080000	237.240000	47.000
237.190000	237.240000	35.000
237.410000	237.460000	47.000
237.510000	237.680000	47.000
237.950000	238.110000	47.000
238.380000	238.550000	47.000
238.490000	238.550000	35.000
238.710000	238.770000	47.000
238.820000	238.980000	47.000
239.250000	239.420000	47.000
239.690000	239.860000	47.000
239.790000	239.860000	35.000
240.120000	240.290000	47.000
240.230000	240.290000	66.000
240.230000	240.290000	35.000
240.600000	241.140000	71.000
240.600000	241.140000	39.000
241.250000	241.420000	71.000
241.470000	241.580000	29.000
241.630000	244.930000	90.000
241.630000	244.930000	83.000
241.630000	244.930000	47.000
241.630000	244.930000	45.000
241.630000	244.930000	38.000
241.630000	244.930000	34.000
241.630000	244.930000	32.000
241.630000	244.930000	27.000
241.630000	244.930000	25.000
241.630000	244.930000	24.000
