0.046440	0.046440	0.046
1.369977	1.369977	1.370
1.578957	1.578957	1.579
1.787937	1.787937	1.788
3.099864	3.099864	3.100
3.308844	3.308844	3.309
3.529433	3.529433	3.529
5.270930	5.270930	5.271
5.491519	5.491519	5.492
5.712109	5.712109	5.712
5.921088	5.921088	5.921
6.141678	6.141678	6.142
6.362268	6.362268	6.362
6.582857	6.582857	6.583
6.791837	6.791837	6.792
7.012426	7.012426	7.012
8.324354	8.324354	8.324
8.544943	8.544943	8.545
8.753923	8.753923	8.754
10.065850	10.065850	10.066
10.274830	10.274830	10.275
10.495420	10.495420	10.495
12.666485	12.666485	12.666
13.107664	13.107664	13.108
13.537234	13.537234	13.537
13.978413	13.978413	13.978
15.278730	15.278730	15.279
15.499320	15.499320	15.499
15.731519	15.731519	15.732
17.031837	17.031837	17.032
17.240816	17.240816	17.241
17.461406	17.461406	17.461
18.761723	18.761723	18.762
18.982313	18.982313	18.982
19.202902	19.202902	19.203
20.944399	20.944399	20.944
21.164989	21.164989	21.165
21.385578	21.385578	21.386
21.594558	21.594558	21.595
21.815147	21.815147	21.815
22.024127	22.024127	22.024
22.244717	22.244717	22.245
22.465306	22.465306	22.465
22.685896	22.685896	22.686
23.986213	23.986213	23.986
24.218413	24.218413	24.218
24.427392	24.427392	24.427
25.727710	25.727710	25.728
25.948299	25.948299	25.948
26.168889	26.168889	26.169
27.910385	27.910385	27.910
27.980045	27.980045	27.980
28.096145	28.096145	28.096
28.316735	28.316735	28.317
28.560544	28.560544	28.561
28.781134	28.781134	28.781
28.874014	28.874014	28.874
29.210703	29.210703	29.211
29.431293	29.431293	29.431
29.640272	29.640272	29.640
30.081451	30.081451	30.081
30.302041	30.302041	30.302
30.522630	30.522630	30.523
30.963810	30.963810	30.964
31.172789	31.172789	31.173
31.381769	31.381769	31.382
31.463039	31.463039	31.463
31.579138	31.579138	31.579
31.799728	31.799728	31.800
32.043537	32.043537	32.044
32.264127	32.264127	32.264
32.682086	32.682086	32.682
32.902676	32.902676	32.903
33.134875	33.134875	33.135
33.343855	33.343855	33.344
33.564444	33.564444	33.564
33.785034	33.785034	33.785
33.866304	33.866304	33.866
34.005624	34.005624	34.006
34.098503	34.098503	34.099
34.214603	34.214603	34.215
34.446803	34.446803	34.447
34.667392	34.667392	34.667
34.748662	34.748662	34.749
34.864762	34.864762	34.865
34.946032	34.946032	34.946
35.294331	35.294331	35.294
35.526531	35.526531	35.527
35.596190	35.596190	35.596
35.747120	35.747120	35.747
36.176689	36.176689	36.177
36.385669	36.385669	36.386
36.606259	36.606259	36.606
37.035828	37.035828	37.036
37.268027	37.268027	37.268
37.488617	37.488617	37.489
37.929796	37.929796	37.930
37.999456	37.999456	37.999
38.138776	38.138776	38.139
38.347755	38.347755	38.348
38.429025	38.429025	38.429
38.788934	38.788934	38.789
39.009524	39.009524	39.010
39.230113	39.230113	39.230
39.322993	39.322993	39.323
39.659683	39.659683	39.660
39.880272	39.880272	39.880
40.089252	40.089252	40.089
40.309841	40.309841	40.310
40.530431	40.530431	40.530
40.751020	40.751020	40.751
40.971610	40.971610	40.972
41.401179	41.401179	41.401
41.830748	41.830748	41.831
41.912018	41.912018	41.912
42.260317	42.260317	42.260
42.388027	42.388027	42.388
42.492517	42.492517	42.493
42.562177	42.562177	42.562
42.713107	42.713107	42.713
42.933696	42.933696	42.934
43.026576	43.026576	43.027
43.142676	43.142676	43.143
43.247166	43.247166	43.247
43.351655	43.351655	43.352
43.456145	43.456145	43.456
43.572245	43.572245	43.572
43.676735	43.676735	43.677
43.792834	43.792834	43.793
43.897324	43.897324	43.897
44.001814	44.001814	44.002
44.129524	44.129524	44.130
44.234014	44.234014	44.234
44.326893	44.326893	44.327
44.454603	44.454603	44.455
44.663583	44.663583	44.664
44.768073	44.768073	44.768
44.884172	44.884172	44.884
44.977052	44.977052	44.977
45.104762	45.104762	45.105
45.313741	45.313741	45.314
45.429841	45.429841	45.430
45.534331	45.534331	45.534
45.650431	45.650431	45.650
45.754921	45.754921	45.755
45.871020	45.871020	45.871
45.963900	45.963900	45.964
46.080000	46.080000	46.080
46.196100	46.196100	46.196
46.405079	46.405079	46.405
46.509569	46.509569	46.510
46.625669	46.625669	46.626
46.730159	46.730159	46.730
46.834649	46.834649	46.835
46.962358	46.962358	46.962
47.066848	47.066848	47.067
47.171338	47.171338	47.171
47.275828	47.275828	47.276
47.380317	47.380317	47.380
47.496417	47.496417	47.496
47.600907	47.600907	47.601
47.717007	47.717007	47.717
47.821497	47.821497	47.821
47.937596	47.937596	47.938
48.146576	48.146576	48.147
48.251066	48.251066	48.251
48.367166	48.367166	48.367
48.460045	48.460045	48.460
48.587755	48.587755	48.588
48.796735	48.796735	48.797
48.912834	48.912834	48.913
49.017324	49.017324	49.017
49.121814	49.121814	49.122
49.226304	49.226304	49.226
49.342404	49.342404	49.342
49.458503	49.458503	49.459
49.562993	49.562993	49.563
49.667483	49.667483	49.667
49.899683	49.899683	49.900
50.004172	50.004172	50.004
50.108662	50.108662	50.109
50.213152	50.213152	50.213
50.317642	50.317642	50.318
50.433741	50.433741	50.434
50.538231	50.538231	50.538
50.654331	50.654331	50.654
50.758821	50.758821	50.759
50.863311	50.863311	50.863
50.979410	50.979410	50.979
51.083900	51.083900	51.084
51.200000	51.200000	51.200
51.304490	51.304490	51.304
51.408980	51.408980	51.409
51.629569	51.629569	51.630
51.734059	51.734059	51.734
51.850159	51.850159	51.850
51.954649	51.954649	51.955
52.070748	52.070748	52.071
52.279728	52.279728	52.280
52.384218	52.384218	52.384
52.500317	52.500317	52.500
52.604807	52.604807	52.605
52.720907	52.720907	52.721
52.825397	52.825397	52.825
52.929887	52.929887	52.930
53.045986	53.045986	53.046
53.150476	53.150476	53.150
53.254966	53.254966	53.255
53.371066	53.371066	53.371
53.475556	53.475556	53.476
53.591655	53.591655	53.592
53.696145	53.696145	53.696
53.800635	53.800635	53.801
53.916735	53.916735	53.917
54.021224	54.021224	54.021
54.346304	54.346304	54.346
54.462404	54.462404	54.462
54.682993	54.682993	54.683
54.903583	54.903583	54.904
55.217052	55.217052	55.217
55.333152	55.333152	55.333
55.762721	55.762721	55.763
56.261950	56.261950	56.262
56.761179	56.761179	56.761
57.585488	57.585488	57.585
57.678367	57.678367	57.678
58.015057	58.015057	58.015
58.491066	58.491066	58.491
58.932245	58.932245	58.932
59.408254	59.408254	59.408
59.744943	59.744943	59.745
60.186122	60.186122	60.186
60.627302	60.627302	60.627
61.068481	61.068481	61.068
61.161361	61.161361	61.161
61.532880	61.532880	61.533
61.927619	61.927619	61.928
62.078549	62.078549	62.079
62.299138	62.299138	62.299
62.380408	62.380408	62.380
62.809977	62.809977	62.810
62.891247	62.891247	62.891
63.065397	63.065397	63.065
63.135057	63.135057	63.135
63.227937	63.227937	63.228
63.390476	63.390476	63.390
63.483356	63.483356	63.483
63.553016	63.553016	63.553
63.715556	63.715556	63.716
63.808435	63.808435	63.808
63.878095	63.878095	63.878
64.040635	64.040635	64.041
64.145125	64.145125	64.145
64.191565	64.191565	64.192
64.365714	64.365714	64.366
64.528254	64.528254	64.528
64.783673	64.783673	64.784
64.853333	64.853333	64.853
65.015873	65.015873	65.016
65.097143	65.097143	65.097
65.178413	65.178413	65.178
65.340952	65.340952	65.341
65.410612	65.410612	65.411
65.503492	65.503492	65.503
65.677642	65.677642	65.678
65.747302	65.747302	65.747
65.828571	65.828571	65.829
66.002721	66.002721	66.003
66.095601	66.095601	66.096
66.281361	66.281361	66.281
66.432290	66.432290	66.432
66.641270	66.641270	66.641
66.722540	66.722540	66.723
66.861859	66.861859	66.862
66.943129	66.943129	66.943
67.082449	67.082449	67.082
67.163719	67.163719	67.164
67.512018	67.512018	67.512
67.593288	67.593288	67.593
67.732608	67.732608	67.733
67.802268	67.802268	67.802
67.953197	67.953197	67.953
68.057687	68.057687	68.058
68.266667	68.266667	68.267
68.371156	68.371156	68.371
68.475646	68.475646	68.476
68.591746	68.591746	68.592
68.696236	68.696236	68.696
68.823946	68.823946	68.824
68.893605	68.893605	68.894
68.998095	68.998095	68.998
69.102585	69.102585	69.103
69.207075	69.207075	69.207
69.416054	69.416054	69.416
69.566984	69.566984	69.567
69.636644	69.636644	69.637
69.973333	69.973333	69.973
71.656780	71.656780	71.657
72.074739	72.074739	72.075
72.748118	72.748118	72.748
73.177687	73.177687	73.178
73.375057	73.375057	73.375
73.607256	73.607256	73.607
73.816236	73.816236	73.816
73.932336	73.932336	73.932
74.048435	74.048435	74.048
74.245805	74.245805	74.246
74.478005	74.478005	74.478
74.686984	74.686984	74.687
74.768254	74.768254	74.768
74.907574	74.907574	74.908
75.139773	75.139773	75.140
75.232653	75.232653	75.233
75.348753	75.348753	75.349
75.569342	75.569342	75.569
75.662222	75.662222	75.662
75.789932	75.789932	75.790
75.998912	75.998912	75.999
76.103401	76.103401	76.103
76.219501	76.219501	76.220
76.440091	76.440091	76.440
76.532971	76.532971	76.533
76.660680	76.660680	76.661
76.776780	76.776780	76.777
76.869660	76.869660	76.870
76.985760	76.985760	76.986
77.101859	77.101859	77.102
77.415329	77.415329	77.415
77.531429	77.531429	77.531
77.740408	77.740408	77.740
77.960998	77.960998	77.961
78.181587	78.181587	78.182
78.286077	78.286077	78.286
78.402177	78.402177	78.402
78.611156	78.611156	78.611
78.680816	78.680816	78.681
78.831746	78.831746	78.832
79.040726	79.040726	79.041
79.156825	79.156825	79.157
79.261315	79.261315	79.261
79.481905	79.481905	79.482
79.702494	79.702494	79.702
79.911474	79.911474	79.911
80.027574	80.027574	80.028
80.132063	80.132063	80.132
80.271383	80.271383	80.271
80.468753	80.468753	80.469
80.573243	80.573243	80.573
80.700952	80.700952	80.701
80.782222	80.782222	80.782
80.898322	80.898322	80.898
81.014422	81.014422	81.014
81.118912	81.118912	81.119
81.223401	81.223401	81.223
81.339501	81.339501	81.340
81.443991	81.443991	81.444
81.652971	81.652971	81.653
81.734240	81.734240	81.734
81.873560	81.873560	81.874
82.105760	82.105760	82.106
82.198639	82.198639	82.199
82.314739	82.314739	82.315
82.535329	82.535329	82.535
82.639819	82.639819	82.640
82.755918	82.755918	82.756
82.964898	82.964898	82.965
83.069388	83.069388	83.069
83.185488	83.185488	83.185
83.406077	83.406077	83.406
83.615057	83.615057	83.615
83.824036	83.824036	83.824
83.940136	83.940136	83.940
84.056236	84.056236	84.056
84.160726	84.160726	84.161
84.265215	84.265215	84.265
84.381315	84.381315	84.381
84.497415	84.497415	84.497
84.613515	84.613515	84.614
84.694785	84.694785	84.695
84.810884	84.810884	84.811
84.926984	84.926984	84.927
85.019864	85.019864	85.020
85.135964	85.135964	85.136
85.252063	85.252063	85.252
85.368163	85.368163	85.368
85.461043	85.461043	85.461
85.577143	85.577143	85.577
85.681633	85.681633	85.682
85.797732	85.797732	85.798
86.018322	86.018322	86.018
86.238912	86.238912	86.239
86.447891	86.447891	86.448
86.668481	86.668481	86.668
86.796190	86.796190	86.796
87.109660	87.109660	87.110
87.318639	87.318639	87.319
87.423129	87.423129	87.423
87.539229	87.539229	87.539
87.632109	87.632109	87.632
87.759819	87.759819	87.760
87.980408	87.980408	87.980
88.061678	88.061678	88.062
88.189388	88.189388	88.189
88.293878	88.293878	88.294
88.409977	88.409977	88.410
88.630567	88.630567	88.631
88.700227	88.700227	88.700
88.839546	88.839546	88.840
89.060136	89.060136	89.060
89.280726	89.280726	89.281
89.373605	89.373605	89.374
89.420045	89.420045	89.420
89.489705	89.489705	89.490
89.617415	89.617415	89.617
89.721905	89.721905	89.722
90.035374	90.035374	90.035
90.151474	90.151474	90.151
90.244354	90.244354	90.244
90.360454	90.360454	90.360
90.441723	90.441723	90.442
90.581043	90.581043	90.581
90.801633	90.801633	90.802
90.906122	90.906122	90.906
91.022222	91.022222	91.022
91.149932	91.149932	91.150
91.231202	91.231202	91.231
91.463401	91.463401	91.463
91.672381	91.672381	91.672
91.776871	91.776871	91.777
91.892971	91.892971	91.893
92.101950	92.101950	92.102
92.322540	92.322540	92.323
92.543129	92.543129	92.543
92.763719	92.763719	92.764
92.972698	92.972698	92.973
93.193288	93.193288	93.193
93.413878	93.413878	93.414
93.634467	93.634467	93.634
93.855057	93.855057	93.855
93.936327	93.936327	93.936
94.064036	94.064036	94.064
94.273016	94.273016	94.273
94.389116	94.389116	94.389
94.505215	94.505215	94.505
94.598095	94.598095	94.598
94.714195	94.714195	94.714
94.841905	94.841905	94.842
94.946395	94.946395	94.946
95.259864	95.259864	95.260
95.375964	95.375964	95.376
95.584943	95.584943	95.585
95.805533	95.805533	95.806
96.026122	96.026122	96.026
96.130612	96.130612	96.131
96.246712	96.246712	96.247
96.455692	96.455692	96.456
96.583401	96.583401	96.583
96.687891	96.687891	96.688
96.803991	96.803991	96.804
96.896871	96.896871	96.897
97.001361	97.001361	97.001
97.117460	97.117460	97.117
97.326440	97.326440	97.326
97.454150	97.454150	97.454
97.547029	97.547029	97.547
97.872109	97.872109	97.872
97.988209	97.988209	97.988
98.197188	98.197188	98.197
98.324898	98.324898	98.325
98.417778	98.417778	98.418
98.545488	98.545488	98.545
98.638367	98.638367	98.638
98.742857	98.742857	98.743
98.858957	98.858957	98.859
99.067937	99.067937	99.068
99.184036	99.184036	99.184
99.300136	99.300136	99.300
99.509116	99.509116	99.509
99.590385	99.590385	99.590
99.718095	99.718095	99.718
99.938685	99.938685	99.939
100.159274	100.159274	100.159
100.379864	100.379864	100.380
100.588844	100.588844	100.589
100.809433	100.809433	100.809
101.030023	101.030023	101.030
101.134512	101.134512	101.135
101.250612	101.250612	101.251
101.355102	101.355102	101.355
101.471202	101.471202	101.471
101.680181	101.680181	101.680
101.900771	101.900771	101.901
102.005261	102.005261	102.005
102.121361	102.121361	102.121
102.341950	102.341950	102.342
102.550930	102.550930	102.551
102.771519	102.771519	102.772
102.887619	102.887619	102.888
102.992109	102.992109	102.992
103.096599	103.096599	103.097
103.212698	103.212698	103.213
103.421678	103.421678	103.422
103.642268	103.642268	103.642
103.735147	103.735147	103.735
103.862857	103.862857	103.863
103.967347	103.967347	103.967
104.083447	104.083447	104.083
104.304036	104.304036	104.304
104.513016	104.513016	104.513
104.617506	104.617506	104.618
104.733605	104.733605	104.734
104.954195	104.954195	104.954
105.163175	105.163175	105.163
105.383764	105.383764	105.384
105.476644	105.476644	105.477
105.604354	105.604354	105.604
105.824943	105.824943	105.825
106.033923	106.033923	106.034
106.254512	106.254512	106.255
106.359002	106.359002	106.359
106.475102	106.475102	106.475
106.684082	106.684082	106.684
106.904671	106.904671	106.905
107.125261	107.125261	107.125
107.218141	107.218141	107.218
107.345850	107.345850	107.346
107.554830	107.554830	107.555
107.775420	107.775420	107.775
107.996009	107.996009	107.996
108.100499	108.100499	108.100
108.216599	108.216599	108.217
108.437188	108.437188	108.437
108.657778	108.657778	108.658
108.866757	108.866757	108.867
108.971247	108.971247	108.971
109.087347	109.087347	109.087
109.191837	109.191837	109.192
109.307937	109.307937	109.308
109.516916	109.516916	109.517
109.737506	109.737506	109.738
109.841995	109.841995	109.842
109.969705	109.969705	109.970
110.178685	110.178685	110.179
110.399274	110.399274	110.399
110.608254	110.608254	110.608
110.712744	110.712744	110.713
110.828844	110.828844	110.829
110.933333	110.933333	110.933
111.049433	111.049433	111.049
111.258413	111.258413	111.258
111.362902	111.362902	111.363
111.479002	111.479002	111.479
111.583492	111.583492	111.583
111.699592	111.699592	111.700
111.920181	111.920181	111.920
112.129161	112.129161	112.129
112.349751	112.349751	112.350
112.454240	112.454240	112.454
112.570340	112.570340	112.570
112.674830	112.674830	112.675
112.790930	112.790930	112.791
112.999909	112.999909	113.000
113.220499	113.220499	113.220
113.324989	113.324989	113.325
113.441088	113.441088	113.441
113.661678	113.661678	113.662
113.870658	113.870658	113.871
114.091247	114.091247	114.091
114.207347	114.207347	114.207
114.311837	114.311837	114.312
114.532426	114.532426	114.532
114.741406	114.741406	114.741
114.961995	114.961995	114.962
115.066485	115.066485	115.066
115.182585	115.182585	115.183
115.403175	115.403175	115.403
115.623764	115.623764	115.624
115.832744	115.832744	115.833
115.937234	115.937234	115.937
116.053333	116.053333	116.053
116.273923	116.273923	116.274
116.482902	116.482902	116.483
116.703492	116.703492	116.703
116.796372	116.796372	116.796
116.924082	116.924082	116.924
117.028571	117.028571	117.029
117.144671	117.144671	117.145
117.353651	117.353651	117.354
117.574240	117.574240	117.574
117.678730	117.678730	117.679
117.794830	117.794830	117.795
118.015419	118.015419	118.015
118.224399	118.224399	118.224
118.444989	118.444989	118.445
118.549478	118.549478	118.549
118.665578	118.665578	118.666
118.886168	118.886168	118.886
119.095147	119.095147	119.095
119.315737	119.315737	119.316
119.408617	119.408617	119.409
119.536327	119.536327	119.536
119.756916	119.756916	119.757
119.977506	119.977506	119.978
120.186485	120.186485	120.186
120.279365	120.279365	120.279
120.407075	120.407075	120.407
120.616054	120.616054	120.616
120.836644	120.836644	120.837
121.057234	121.057234	121.057
121.150113	121.150113	121.150
121.289433	121.289433	121.289
121.486803	121.486803	121.487
121.707392	121.707392	121.707
121.927982	121.927982	121.928
122.020862	122.020862	122.021
122.148571	122.148571	122.149
122.369161	122.369161	122.369
122.578141	122.578141	122.578
122.787120	122.787120	122.787
122.903220	122.903220	122.903
123.019320	123.019320	123.019
123.239909	123.239909	123.240
123.448889	123.448889	123.449
123.669478	123.669478	123.669
123.773968	123.773968	123.774
123.878458	123.878458	123.878
123.994558	123.994558	123.995
124.110658	124.110658	124.111
124.331247	124.331247	124.331
124.540227	124.540227	124.540
124.644717	124.644717	124.645
124.760816	124.760816	124.761
124.865306	124.865306	124.865
124.981406	124.981406	124.981
125.190385	125.190385	125.190
125.294875	125.294875	125.295
125.410975	125.410975	125.411
125.515465	125.515465	125.515
125.631565	125.631565	125.632
125.852154	125.852154	125.852
126.061134	126.061134	126.061
126.165624	126.165624	126.166
126.270113	126.270113	126.270
126.386213	126.386213	126.386
126.502313	126.502313	126.502
126.606803	126.606803	126.607
126.722902	126.722902	126.723
126.931882	126.931882	126.932
127.047982	127.047982	127.048
127.152472	127.152472	127.152
127.256961	127.256961	127.257
127.373061	127.373061	127.373
127.582041	127.582041	127.582
127.802630	127.802630	127.803
128.011610	128.011610	128.012
128.127710	128.127710	128.128
128.243810	128.243810	128.244
128.464399	128.464399	128.464
128.673379	128.673379	128.673
128.882358	128.882358	128.882
128.998458	128.998458	128.998
129.114558	129.114558	129.115
129.323537	129.323537	129.324
129.544127	129.544127	129.544
129.753107	129.753107	129.753
129.869206	129.869206	129.869
129.985306	129.985306	129.985
130.194286	130.194286	130.194
130.414875	130.414875	130.415
130.623855	130.623855	130.624
130.739955	130.739955	130.740
130.844444	130.844444	130.844
131.065034	131.065034	131.065
131.285624	131.285624	131.286
131.494603	131.494603	131.495
131.726803	131.726803	131.727
131.935782	131.935782	131.936
132.156372	132.156372	132.156
132.365351	132.365351	132.365
132.469841	132.469841	132.470
132.585941	132.585941	132.586
132.818141	132.818141	132.818
133.027120	133.027120	133.027
133.236100	133.236100	133.236
133.352200	133.352200	133.352
133.468299	133.468299	133.468
133.677279	133.677279	133.677
133.897868	133.897868	133.898
134.106848	134.106848	134.107
134.222948	134.222948	134.223
134.350658	134.350658	134.351
134.548027	134.548027	134.548
134.768617	134.768617	134.769
134.977596	134.977596	134.978
135.082086	135.082086	135.082
135.209796	135.209796	135.210
135.418776	135.418776	135.419
135.650975	135.650975	135.651
135.848345	135.848345	135.848
135.952834	135.952834	135.953
136.068934	136.068934	136.069
136.289524	136.289524	136.290
136.510113	136.510113	136.510
136.719093	136.719093	136.719
136.835193	136.835193	136.835
136.939683	136.939683	136.940
137.160272	137.160272	137.160
137.392472	137.392472	137.392
137.589841	137.589841	137.590
137.705941	137.705941	137.706
137.810431	137.810431	137.810
138.042630	138.042630	138.043
138.251610	138.251610	138.252
138.460590	138.460590	138.461
138.576689	138.576689	138.577
138.692789	138.692789	138.693
138.901769	138.901769	138.902
139.122358	139.122358	139.122
139.331338	139.331338	139.331
139.551927	139.551927	139.552
139.772517	139.772517	139.773
140.004717	140.004717	140.005
140.202086	140.202086	140.202
140.306576	140.306576	140.307
140.422676	140.422676	140.423
140.643265	140.643265	140.643
140.863855	140.863855	140.864
141.072834	141.072834	141.073
141.188934	141.188934	141.189
141.305034	141.305034	141.305
141.514014	141.514014	141.514
141.734603	141.734603	141.735
141.943583	141.943583	141.944
142.059683	142.059683	142.060
142.164172	142.164172	142.164
142.384762	142.384762	142.385
142.605351	142.605351	142.605
142.814331	142.814331	142.814
143.046531	143.046531	143.047
143.255510	143.255510	143.256
143.476100	143.476100	143.476
143.685079	143.685079	143.685
143.789569	143.789569	143.790
143.905669	143.905669	143.906
144.137868	144.137868	144.138
144.358458	144.358458	144.358
144.555828	144.555828	144.556
144.671927	144.671927	144.672
144.776417	144.776417	144.776
144.997007	144.997007	144.997
145.217596	145.217596	145.218
145.426576	145.426576	145.427
145.542676	145.542676	145.543
145.658776	145.658776	145.659
145.867755	145.867755	145.868
146.088345	146.088345	146.088
146.297324	146.297324	146.297
146.401814	146.401814	146.402
146.517914	146.517914	146.518
146.738503	146.738503	146.739
146.959093	146.959093	146.959
147.168073	147.168073	147.168
147.284172	147.284172	147.284
147.388662	147.388662	147.389
147.609252	147.609252	147.609
147.829841	147.829841	147.830
148.038821	148.038821	148.039
148.154921	148.154921	148.155
148.271020	148.271020	148.271
148.480000	148.480000	148.480
148.700590	148.700590	148.701
148.805079	148.805079	148.805
148.909569	148.909569	148.910
149.025669	149.025669	149.026
149.130159	149.130159	149.130
149.234649	149.234649	149.235
149.350748	149.350748	149.351
149.455238	149.455238	149.455
149.571338	149.571338	149.571
149.780317	149.780317	149.780
149.896417	149.896417	149.896
150.012517	150.012517	150.013
150.117007	150.117007	150.117
150.221497	150.221497	150.221
150.442086	150.442086	150.442
150.651066	150.651066	150.651
150.767166	150.767166	150.767
150.871655	150.871655	150.872
150.976145	150.976145	150.976
151.092245	151.092245	151.092
151.324444	151.324444	151.324
151.521814	151.521814	151.522
151.637914	151.637914	151.638
151.742404	151.742404	151.742
151.858503	151.858503	151.859
151.962993	151.962993	151.963
152.067483	152.067483	152.067
152.183583	152.183583	152.184
152.288073	152.288073	152.288
152.392562	152.392562	152.393
152.508662	152.508662	152.509
152.613152	152.613152	152.613
152.729252	152.729252	152.729
152.833741	152.833741	152.834
152.949841	152.949841	152.950
153.054331	153.054331	153.054
153.170431	153.170431	153.170
153.263311	153.263311	153.263
153.379410	153.379410	153.379
153.483900	153.483900	153.484
153.588390	153.588390	153.588
153.704490	153.704490	153.704
153.925079	153.925079	153.925
154.029569	154.029569	154.030
154.134059	154.134059	154.134
154.250159	154.250159	154.250
154.366259	154.366259	154.366
154.459138	154.459138	154.459
154.575238	154.575238	154.575
154.795828	154.795828	154.796
155.004807	155.004807	155.005
155.120907	155.120907	155.121
155.225397	155.225397	155.225
155.445986	155.445986	155.446
155.562086	155.562086	155.562
155.666576	155.666576	155.667
155.875556	155.875556	155.876
155.991655	155.991655	155.992
156.096145	156.096145	156.096
156.316735	156.316735	156.317
156.537324	156.537324	156.537
156.746304	156.746304	156.746
157.036553	157.036553	157.037
157.396463	157.396463	157.396
157.477732	157.477732	157.478
157.628662	157.628662	157.629
157.721542	157.721542	157.722
157.918912	157.918912	157.919
158.058231	158.058231	158.058
158.278821	158.278821	158.279
158.499410	158.499410	158.499
159.149569	159.149569	159.150
159.370159	159.370159	159.370
159.463039	159.463039	159.463
159.799728	159.799728	159.800
160.020317	160.020317	160.020
160.113197	160.113197	160.113
160.229297	160.229297	160.229
160.449887	160.449887	160.450
160.635646	160.635646	160.636
160.891066	160.891066	160.891
160.960726	160.960726	160.961
161.111655	161.111655	161.112
161.204535	161.204535	161.205
161.541224	161.541224	161.541
161.970794	161.970794	161.971
162.191383	162.191383	162.191
162.411973	162.411973	162.412
162.632562	162.632562	162.633
162.853152	162.853152	162.853
162.946032	162.946032	162.946
163.062132	163.062132	163.062
163.282721	163.282721	163.283
163.503311	163.503311	163.503
163.596190	163.596190	163.596
163.712290	163.712290	163.712
163.909660	163.909660	163.910
164.130249	164.130249	164.130
164.374059	164.374059	164.374
164.594649	164.594649	164.595
164.687528	164.687528	164.688
165.024218	165.024218	165.024
165.244807	165.244807	165.245
165.453787	165.453787	165.454
165.894966	165.894966	165.895
166.115556	166.115556	166.116
166.336145	166.336145	166.336
166.765714	166.765714	166.766
166.986304	166.986304	166.986
167.079184	167.079184	167.079
167.195283	167.195283	167.195
167.276553	167.276553	167.277
167.415873	167.415873	167.416
167.636463	167.636463	167.636
167.857052	167.857052	167.857
168.077642	168.077642	168.078
168.170522	168.170522	168.171
168.507211	168.507211	168.507
168.727800	168.727800	168.728
168.936780	168.936780	168.937
169.157370	169.157370	169.157
169.366349	169.366349	169.366
169.598549	169.598549	169.599
169.819138	169.819138	169.819
169.912018	169.912018	169.912
170.248707	170.248707	170.249
170.678277	170.678277	170.678
170.898866	170.898866	170.899
171.107846	171.107846	171.108
171.328435	171.328435	171.328
171.560635	171.560635	171.561
171.769615	171.769615	171.770
171.874104	171.874104	171.874
171.978594	171.978594	171.979
172.094694	172.094694	172.095
172.199184	172.199184	172.199
172.315283	172.315283	172.315
172.419773	172.419773	172.420
172.535873	172.535873	172.536
172.640363	172.640363	172.640
172.756463	172.756463	172.756
172.860952	172.860952	172.861
172.965442	172.965442	172.965
173.081542	173.081542	173.082
173.174422	173.174422	173.174
173.302132	173.302132	173.302
173.511111	173.511111	173.511
173.615601	173.615601	173.616
173.731701	173.731701	173.732
173.824580	173.824580	173.825
173.952290	173.952290	173.952
174.161270	174.161270	174.161
174.277370	174.277370	174.277
174.381859	174.381859	174.382
174.486349	174.486349	174.486
174.590839	174.590839	174.591
174.706939	174.706939	174.707
174.811429	174.811429	174.811
174.927528	174.927528	174.928
175.043628	175.043628	175.044
175.252608	175.252608	175.253
175.357098	175.357098	175.357
175.473197	175.473197	175.473
175.589297	175.589297	175.589
175.693787	175.693787	175.694
175.798277	175.798277	175.798
175.902766	175.902766	175.903
176.007256	176.007256	176.007
176.123356	176.123356	176.123
176.227846	176.227846	176.228
176.332336	176.332336	176.332
176.448435	176.448435	176.448
176.552925	176.552925	176.553
176.657415	176.657415	176.657
176.773515	176.773515	176.774
176.994104	176.994104	176.994
177.110204	177.110204	177.110
177.214694	177.214694	177.215
177.319184	177.319184	177.319
177.435283	177.435283	177.435
177.644263	177.644263	177.644
177.748753	177.748753	177.749
177.864853	177.864853	177.865
177.969342	177.969342	177.969
178.073832	178.073832	178.074
178.189932	178.189932	178.190
178.294422	178.294422	178.294
178.398912	178.398912	178.399
178.515011	178.515011	178.515
178.735601	178.735601	178.736
178.840091	178.840091	178.840
178.944580	178.944580	178.945
179.060680	179.060680	179.061
179.165170	179.165170	179.165
179.281270	179.281270	179.281
179.385760	179.385760	179.386
179.490249	179.490249	179.490
179.606349	179.606349	179.606
179.710839	179.710839	179.711
179.815329	179.815329	179.815
179.931429	179.931429	179.931
180.047528	180.047528	180.048
180.152018	180.152018	180.152
180.256508	180.256508	180.257
180.477098	180.477098	180.477
180.581587	180.581587	180.582
180.697687	180.697687	180.698
180.802177	180.802177	180.802
180.906667	180.906667	180.907
181.127256	181.127256	181.127
181.231746	181.231746	181.232
181.347846	181.347846	181.348
181.452336	181.452336	181.452
181.556825	181.556825	181.557
181.672925	181.672925	181.673
181.777415	181.777415	181.777
181.881905	181.881905	181.882
181.998005	181.998005	181.998
182.218594	182.218594	182.219
182.323084	182.323084	182.323
182.427574	182.427574	182.428
182.543673	182.543673	182.544
182.648163	182.648163	182.648
182.764263	182.764263	182.764
182.880363	182.880363	182.880
182.984853	182.984853	182.985
183.089342	183.089342	183.089
183.193832	183.193832	183.194
183.298322	183.298322	183.298
183.414422	183.414422	183.414
183.518912	183.518912	183.519
183.623401	183.623401	183.623
183.739501	183.739501	183.740
183.855601	183.855601	183.856
183.960091	183.960091	183.960
184.064580	184.064580	184.065
184.180680	184.180680	184.181
184.285170	184.285170	184.285
184.401270	184.401270	184.401
184.494150	184.494150	184.494
184.610249	184.610249	184.610
184.819229	184.819229	184.819
185.039819	185.039819	185.040
185.248798	185.248798	185.249
185.364898	185.364898	185.365
185.480998	185.480998	185.481
185.689977	185.689977	185.690
185.817687	185.817687	185.818
185.910567	185.910567	185.911
186.119546	186.119546	186.120
186.235646	186.235646	186.236
186.351746	186.351746	186.352
186.560726	186.560726	186.561
186.688435	186.688435	186.688
186.781315	186.781315	186.781
186.885805	186.885805	186.886
187.001905	187.001905	187.002
187.106395	187.106395	187.106
187.222494	187.222494	187.222
187.350204	187.350204	187.350
187.431474	187.431474	187.431
187.547574	187.547574	187.548
187.652063	187.652063	187.652
187.768163	187.768163	187.768
187.872653	187.872653	187.873
187.977143	187.977143	187.977
188.093243	188.093243	188.093
188.302222	188.302222	188.302
188.429932	188.429932	188.430
188.522812	188.522812	188.523
188.731791	188.731791	188.732
188.847891	188.847891	188.848
188.963991	188.963991	188.964
189.161361	189.161361	189.161
189.289070	189.289070	189.289
189.393560	189.393560	189.394
189.602540	189.602540	189.603
189.718639	189.718639	189.719
189.834739	189.834739	189.835
190.043719	190.043719	190.044
190.264308	190.264308	190.264
190.484898	190.484898	190.485
190.589388	190.589388	190.589
190.705488	190.705488	190.705
190.914467	190.914467	190.914
191.135057	191.135057	191.135
191.355646	191.355646	191.356
191.460136	191.460136	191.460
191.576236	191.576236	191.576
191.680726	191.680726	191.681
191.773605	191.773605	191.774
191.912925	191.912925	191.913
192.005805	192.005805	192.006
192.214785	192.214785	192.215
192.330884	192.330884	192.331
192.435374	192.435374	192.435
192.644354	192.644354	192.644
192.876553	192.876553	192.877
193.085533	193.085533	193.086
193.201633	193.201633	193.202
193.317732	193.317732	193.318
193.433832	193.433832	193.434
193.631202	193.631202	193.631
193.747302	193.747302	193.747
193.851791	193.851791	193.852
193.956281	193.956281	193.956
194.060771	194.060771	194.061
194.188481	194.188481	194.188
194.304580	194.304580	194.305
194.397460	194.397460	194.397
194.501950	194.501950	194.502
194.618050	194.618050	194.618
194.838639	194.838639	194.839
194.931519	194.931519	194.932
195.059229	195.059229	195.059
195.163719	195.163719	195.164
195.256599	195.256599	195.257
195.384308	195.384308	195.384
195.488798	195.488798	195.489
195.697778	195.697778	195.698
195.813878	195.813878	195.814
195.918367	195.918367	195.918
196.127347	196.127347	196.127
196.255057	196.255057	196.255
196.359546	196.359546	196.360
196.568526	196.568526	196.569
196.684626	196.684626	196.685
196.789116	196.789116	196.789
196.998095	196.998095	196.998
197.125805	197.125805	197.126
197.230295	197.230295	197.230
197.439274	197.439274	197.439
197.555374	197.555374	197.555
197.659864	197.659864	197.660
197.868844	197.868844	197.869
198.101043	198.101043	198.101
198.310023	198.310023	198.310
198.426122	198.426122	198.426
198.530612	198.530612	198.531
198.739592	198.739592	198.740
198.855692	198.855692	198.856
198.971791	198.971791	198.972
199.192381	199.192381	199.192
199.296871	199.296871	199.297
199.401361	199.401361	199.401
199.610340	199.610340	199.610
199.726440	199.726440	199.726
199.842540	199.842540	199.843
200.063129	200.063129	200.063
200.283719	200.283719	200.284
200.399819	200.399819	200.400
200.481088	200.481088	200.481
200.608798	200.608798	200.609
200.713288	200.713288	200.713
200.817778	200.817778	200.818
200.922268	200.922268	200.922
201.049977	201.049977	201.050
201.142857	201.142857	201.143
201.258957	201.258957	201.259
201.363447	201.363447	201.363
201.479546	201.479546	201.480
201.584036	201.584036	201.584
201.688526	201.688526	201.689
201.793016	201.793016	201.793
201.920726	201.920726	201.921
202.013605	202.013605	202.014
202.222585	202.222585	202.223
202.454785	202.454785	202.455
202.663764	202.663764	202.664
202.779864	202.779864	202.780
202.884354	202.884354	202.884
203.093333	203.093333	203.093
203.209433	203.209433	203.209
203.325533	203.325533	203.326
203.430023	203.430023	203.430
203.534512	203.534512	203.535
203.650612	203.650612	203.651
203.766712	203.766712	203.767
203.894422	203.894422	203.894
204.080181	204.080181	204.080
204.196281	204.196281	204.196
204.405261	204.405261	204.405
204.521361	204.521361	204.521
204.625850	204.625850	204.626
204.753560	204.753560	204.754
204.950930	204.950930	204.951
205.067029	205.067029	205.067
205.287619	205.287619	205.288
205.380499	205.380499	205.380
205.496599	205.496599	205.497
205.705578	205.705578	205.706
205.937778	205.937778	205.938
206.146757	206.146757	206.147
206.262857	206.262857	206.263
206.367347	206.367347	206.367
206.576327	206.576327	206.576
206.692426	206.692426	206.692
206.808526	206.808526	206.809
207.017506	207.017506	207.018
207.145215	207.145215	207.145
207.238095	207.238095	207.238
207.563175	207.563175	207.563
207.679274	207.679274	207.679
207.888254	207.888254	207.888
208.004354	208.004354	208.004
208.108844	208.108844	208.109
208.224943	208.224943	208.225
208.433923	208.433923	208.434
208.550023	208.550023	208.550
208.770612	208.770612	208.771
208.886712	208.886712	208.887
208.979592	208.979592	208.980
209.188571	209.188571	209.189
209.304671	209.304671	209.305
209.420771	209.420771	209.421
209.525261	209.525261	209.525
209.629751	209.629751	209.630
209.745850	209.745850	209.746
209.850340	209.850340	209.850
210.059320	210.059320	210.059
210.175420	210.175420	210.175
210.291519	210.291519	210.292
210.396009	210.396009	210.396
210.500499	210.500499	210.500
210.628209	210.628209	210.628
210.721088	210.721088	210.721
210.930068	210.930068	210.930
211.046168	211.046168	211.046
211.162268	211.162268	211.162
211.371247	211.371247	211.371
211.487347	211.487347	211.487
211.591837	211.591837	211.592
211.800816	211.800816	211.801
211.916916	211.916916	211.917
212.033016	212.033016	212.033
212.241995	212.241995	212.242
212.358095	212.358095	212.358
212.474195	212.474195	212.474
212.683175	212.683175	212.683
212.903764	212.903764	212.904
213.124354	213.124354	213.124
213.333333	213.333333	213.333
213.437823	213.437823	213.438
213.553923	213.553923	213.554
213.774512	213.774512	213.775
213.983492	213.983492	213.983
214.099592	214.099592	214.100
214.204082	214.204082	214.204
214.320181	214.320181	214.320
214.436281	214.436281	214.436
214.645261	214.645261	214.645
214.865850	214.865850	214.866
215.074830	215.074830	215.075
215.179320	215.179320	215.179
215.295420	215.295420	215.295
215.516009	215.516009	215.516
215.736599	215.736599	215.737
215.945578	215.945578	215.946
216.050068	216.050068	216.050
216.166168	216.166168	216.166
216.386757	216.386757	216.387
216.595737	216.595737	216.596
216.711837	216.711837	216.712
216.816327	216.816327	216.816
216.920816	216.920816	216.921
217.048526	217.048526	217.049
217.257506	217.257506	217.258
217.466485	217.466485	217.466
217.582585	217.582585	217.583
217.687075	217.687075	217.687
217.791565	217.791565	217.792
217.907664	217.907664	217.908
218.128254	218.128254	218.128
218.337234	218.337234	218.337
218.453333	218.453333	218.453
218.557823	218.557823	218.558
218.662313	218.662313	218.662
218.778413	218.778413	218.778
218.999002	218.999002	218.999
219.219592	219.219592	219.220
219.428571	219.428571	219.429
219.533061	219.533061	219.533
219.649161	219.649161	219.649
219.869751	219.869751	219.870
220.090340	220.090340	220.090
220.194830	220.194830	220.195
220.299320	220.299320	220.299
220.403810	220.403810	220.404
220.519909	220.519909	220.520
220.740499	220.740499	220.740
220.949478	220.949478	220.949
221.170068	221.170068	221.170
221.286168	221.286168	221.286
221.402268	221.402268	221.402
221.611247	221.611247	221.611
221.820227	221.820227	221.820
221.936327	221.936327	221.936
222.029206	222.029206	222.029
222.145306	222.145306	222.145
222.261406	222.261406	222.261
222.481995	222.481995	222.482
222.690975	222.690975	222.691
222.807075	222.807075	222.807
222.911565	222.911565	222.912
223.016054	223.016054	223.016
223.132154	223.132154	223.132
223.352744	223.352744	223.353
223.561723	223.561723	223.562
223.677823	223.677823	223.678
223.770703	223.770703	223.771
223.886803	223.886803	223.887
224.002902	224.002902	224.003
224.223492	224.223492	224.223
224.444082	224.444082	224.444
224.548571	224.548571	224.549
224.653061	224.653061	224.653
224.757551	224.757551	224.758
224.873651	224.873651	224.874
225.094240	225.094240	225.094
225.303220	225.303220	225.303
225.419320	225.419320	225.419
225.523810	225.523810	225.524
225.628299	225.628299	225.628
225.756009	225.756009	225.756
225.964989	225.964989	225.965
226.173968	226.173968	226.174
226.290068	226.290068	226.290
226.394558	226.394558	226.395
226.499048	226.499048	226.499
226.615147	226.615147	226.615
226.835737	226.835737	226.836
227.056327	227.056327	227.056
227.160816	227.160816	227.161
227.265306	227.265306	227.265
227.369796	227.369796	227.370
227.485896	227.485896	227.486
227.706485	227.706485	227.706
227.927075	227.927075	227.927
228.031565	228.031565	228.032
228.136054	228.136054	228.136
228.240544	228.240544	228.241
228.356644	228.356644	228.357
228.577234	228.577234	228.577
228.693333	228.693333	228.693
228.797823	228.797823	228.798
228.902313	228.902313	228.902
229.006803	229.006803	229.007
229.111293	229.111293	229.111
229.227392	229.227392	229.227
229.447982	229.447982	229.448
229.552472	229.552472	229.552
229.656961	229.656961	229.657
229.773061	229.773061	229.773
229.877551	229.877551	229.878
229.982041	229.982041	229.982
230.098141	230.098141	230.098
230.307120	230.307120	230.307
230.527710	230.527710	230.528
230.643810	230.643810	230.644
230.748299	230.748299	230.748
230.852789	230.852789	230.853
230.968889	230.968889	230.969
231.073379	231.073379	231.073
231.177868	231.177868	231.178
231.293968	231.293968	231.294
231.410068	231.410068	231.410
231.514558	231.514558	231.515
231.619048	231.619048	231.619
231.723537	231.723537	231.724
231.839637	231.839637	231.840
231.944127	231.944127	231.944
232.048617	232.048617	232.049
232.269206	232.269206	232.269
232.385306	232.385306	232.385
232.489796	232.489796	232.490
232.594286	232.594286	232.594
232.710385	232.710385	232.710
232.814875	232.814875	232.815
232.930975	232.930975	232.931
233.151565	233.151565	233.152
233.256054	233.256054	233.256
233.360544	233.360544	233.361
233.465034	233.465034	233.465
233.581134	233.581134	233.581
233.685624	233.685624	233.686
233.790113	233.790113	233.790
233.906213	233.906213	233.906
234.010703	234.010703	234.011
234.126803	234.126803	234.127
234.231293	234.231293	234.231
234.335782	234.335782	234.336
234.451882	234.451882	234.452
234.556372	234.556372	234.556
234.660862	234.660862	234.661
234.881451	234.881451	234.881
234.997551	234.997551	234.998
235.102041	235.102041	235.102
235.206531	235.206531	235.207
235.322630	235.322630	235.323
235.427120	235.427120	235.427
235.531610	235.531610	235.532
235.659320	235.659320	235.659
235.763810	235.763810	235.764
235.868299	235.868299	235.868
235.972789	235.972789	235.973
236.077279	236.077279	236.077
236.193379	236.193379	236.193
236.297868	236.297868	236.298
236.402358	236.402358	236.402
236.518458	236.518458	236.518
236.622948	236.622948	236.623
236.739048	236.739048	236.739
236.843537	236.843537	236.844
236.948027	236.948027	236.948
237.075737	237.075737	237.076
237.180227	237.180227	237.180
237.273107	237.273107	237.273
237.389206	237.389206	237.389
237.493696	237.493696	237.494
237.609796	237.609796	237.610
237.714286	237.714286	237.714
237.818776	237.818776	237.819
237.934875	237.934875	237.935
238.039365	238.039365	238.039
238.143855	238.143855	238.144
238.259955	238.259955	238.260
238.364444	238.364444	238.364
238.480544	238.480544	238.481
238.585034	238.585034	238.585
238.701134	238.701134	238.701
238.805624	238.805624	238.806
238.910113	238.910113	238.910
239.014603	239.014603	239.015
239.130703	239.130703	239.131
239.246803	239.246803	239.247
239.339683	239.339683	239.340
239.455782	239.455782	239.456
239.560272	239.560272	239.560
239.676372	239.676372	239.676
239.780862	239.780862	239.781
239.885351	239.885351	239.885
240.117551	240.117551	240.118
240.222041	240.222041	240.222
240.581950	240.581950	240.582
