0.162540	0.162540	0.163
0.673379	0.673379	0.673
1.184218	1.184218	1.184
1.695057	1.695057	1.695
2.217506	2.217506	2.218
2.728345	2.728345	2.728
3.250794	3.250794	3.251
3.773243	3.773243	3.773
4.272472	4.272472	4.272
4.794921	4.794921	4.795
5.305760	5.305760	5.306
5.828209	5.828209	5.828
6.350658	6.350658	6.351
6.849887	6.849887	6.850
7.360726	7.360726	7.361
7.871565	7.871565	7.872
8.382404	8.382404	8.382
8.904853	8.904853	8.905
9.415692	9.415692	9.416
9.926531	9.926531	9.927
10.472200	10.472200	10.472
10.959819	10.959819	10.960
11.482268	11.482268	11.482
11.993107	11.993107	11.993
12.503946	12.503946	12.504
13.014785	13.014785	13.015
13.525624	13.525624	13.526
14.048073	14.048073	14.048
14.558912	14.558912	14.559
15.069751	15.069751	15.070
15.580590	15.580590	15.581
16.103039	16.103039	16.103
16.625488	16.625488	16.625
17.124717	17.124717	17.125
17.635556	17.635556	17.636
18.158005	18.158005	18.158
18.680454	18.680454	18.680
19.191293	19.191293	19.191
19.713741	19.713741	19.714
20.212971	20.212971	20.213
20.735419	20.735419	20.735
21.234649	21.234649	21.235
21.757098	21.757098	21.757
22.256327	22.256327	22.256
22.778776	22.778776	22.779
23.289615	23.289615	23.290
23.812063	23.812063	23.812
24.322902	24.322902	24.323
24.845351	24.845351	24.845
25.356190	25.356190	25.356
25.878639	25.878639	25.879
26.389478	26.389478	26.389
26.911927	26.911927	26.912
27.422766	27.422766	27.423
27.933605	27.933605	27.934
28.444444	28.444444	28.444
28.955283	28.955283	28.955
29.466122	29.466122	29.466
29.988571	29.988571	29.989
30.499410	30.499410	30.499
31.010249	31.010249	31.010
31.265669	31.265669	31.266
31.532698	31.532698	31.533
31.776508	31.776508	31.777
32.043537	32.043537	32.044
32.287347	32.287347	32.287
32.554376	32.554376	32.554
33.076825	33.076825	33.077
33.146485	33.146485	33.146
33.227755	33.227755	33.228
33.866304	33.866304	33.866
34.121723	34.121723	34.122
34.470023	34.470023	34.470
34.528073	34.528073	34.528
34.620952	34.620952	34.621
35.131791	35.131791	35.132
35.654240	35.654240	35.654
36.141859	36.141859	36.142
36.455329	36.455329	36.455
36.675918	36.675918	36.676
37.175147	37.175147	37.175
37.697596	37.697596	37.698
38.208435	38.208435	38.208
38.730884	38.730884	38.731
39.230113	39.230113	39.230
39.752562	39.752562	39.753
39.915102	39.915102	39.915
40.275011	40.275011	40.275
40.820680	40.820680	40.821
41.285079	41.285079	41.285
41.807528	41.807528	41.808
42.318367	42.318367	42.318
42.829206	42.829206	42.829
43.328435	43.328435	43.328
43.665125	43.665125	43.665
43.862494	43.862494	43.862
44.361723	44.361723	44.362
44.884172	44.884172	44.884
45.383401	45.383401	45.383
45.929070	45.929070	45.929
46.439909	46.439909	46.440
46.950748	46.950748	46.951
47.461587	47.461587	47.462
47.984036	47.984036	47.984
48.506485	48.506485	48.506
48.866395	48.866395	48.866
49.005714	49.005714	49.006
49.261134	49.261134	49.261
49.342404	49.342404	49.342
50.271202	50.271202	50.271
50.561451	50.561451	50.561
51.072290	51.072290	51.072
51.583129	51.583129	51.583
51.722449	51.722449	51.722
52.093968	52.093968	52.094
52.604807	52.604807	52.605
52.999546	52.999546	53.000
53.115646	53.115646	53.116
53.405896	53.405896	53.406
53.638095	53.638095	53.638
53.939955	53.939955	53.940
54.148934	54.148934	54.149
54.288254	54.288254	54.288
54.659773	54.659773	54.660
54.880363	54.880363	54.880
55.159002	55.159002	55.159
55.681451	55.681451	55.681
56.203900	56.203900	56.204
56.703129	56.703129	56.703
57.225578	57.225578	57.226
57.748027	57.748027	57.748
58.258866	58.258866	58.259
58.316916	58.316916	58.317
58.792925	58.792925	58.793
59.280544	59.280544	59.281
59.802993	59.802993	59.803
60.302222	60.302222	60.302
60.824671	60.824671	60.825
61.347120	61.347120	61.347
61.846349	61.846349	61.846
62.380408	62.380408	62.380
62.891247	62.891247	62.891
63.402086	63.402086	63.402
63.924535	63.924535	63.925
64.435374	64.435374	64.435
64.667574	64.667574	64.668
64.946213	64.946213	64.946
65.213243	65.213243	65.213
65.352562	65.352562	65.353
65.457052	65.457052	65.457
65.991111	65.991111	65.991
66.467120	66.467120	66.467
66.536780	66.536780	66.537
66.710930	66.710930	66.711
67.024399	67.024399	67.024
67.105669	67.105669	67.106
67.244989	67.244989	67.245
67.314649	67.314649	67.315
67.523628	67.523628	67.524
67.732608	67.732608	67.733
68.034467	68.034467	68.034
68.243447	68.243447	68.243
68.522086	68.522086	68.522
68.754286	68.754286	68.754
69.021315	69.021315	69.021
69.276735	69.276735	69.277
69.532154	69.532154	69.532
69.822404	69.822404	69.822
70.089433	70.089433	70.089
70.228753	70.228753	70.229
70.298413	70.298413	70.298
70.368073	70.368073	70.368
70.437732	70.437732	70.438
70.600272	70.600272	70.600
70.855692	70.855692	70.856
70.948571	70.948571	70.949
71.099501	71.099501	71.100
71.192381	71.192381	71.192
71.447800	71.447800	71.448
71.610340	71.610340	71.610
71.854150	71.854150	71.854
72.132789	72.132789	72.133
72.388209	72.388209	72.388
72.632018	72.632018	72.632
72.910658	72.910658	72.911
73.154467	73.154467	73.154
73.537596	73.537596	73.538
73.665306	73.665306	73.665
73.909116	73.909116	73.909
73.990385	73.990385	73.990
74.199365	74.199365	74.199
74.663764	74.663764	74.664
74.942404	74.942404	74.942
75.232653	75.232653	75.233
75.395193	75.395193	75.395
75.522902	75.522902	75.523
75.604172	75.604172	75.604
75.720272	75.720272	75.720
75.975692	75.975692	75.976
76.242721	76.242721	76.243
76.347211	76.347211	76.347
76.765170	76.765170	76.765
76.997370	76.997370	76.997
77.252789	77.252789	77.253
77.357279	77.357279	77.357
77.496599	77.496599	77.497
77.775238	77.775238	77.775
78.007438	78.007438	78.007
78.135147	78.135147	78.135
78.309297	78.309297	78.309
78.738866	78.738866	78.739
79.052336	79.052336	79.052
79.191655	79.191655	79.192
79.330975	79.330975	79.331
79.830204	79.830204	79.830
80.062404	80.062404	80.062
80.352653	80.352653	80.353
80.561633	80.561633	80.562
80.875102	80.875102	80.875
81.107302	81.107302	81.107
81.397551	81.397551	81.398
81.594921	81.594921	81.595
81.652971	81.652971	81.653
81.885170	81.885170	81.885
82.152200	82.152200	82.152
82.430839	82.430839	82.431
82.628209	82.628209	82.628
82.697868	82.697868	82.698
82.964898	82.964898	82.965
83.208707	83.208707	83.209
83.475737	83.475737	83.476
83.638277	83.638277	83.638
83.731156	83.731156	83.731
83.812426	83.812426	83.812
83.974966	83.974966	83.975
84.056236	84.056236	84.056
84.195556	84.195556	84.196
84.485805	84.485805	84.486
84.741224	84.741224	84.741
85.008254	85.008254	85.008
85.217234	85.217234	85.217
85.507483	85.507483	85.507
85.693243	85.693243	85.693
85.983492	85.983492	85.983
86.053152	86.053152	86.053
86.227302	86.227302	86.227
86.529161	86.529161	86.529
86.691701	86.691701	86.692
86.784580	86.784580	86.785
87.260590	87.260590	87.261
87.562449	87.562449	87.562
88.050068	88.050068	88.050
88.317098	88.317098	88.317
88.595737	88.595737	88.596
88.827937	88.827937	88.828
89.106576	89.106576	89.107
89.373605	89.373605	89.374
89.605805	89.605805	89.606
89.965714	89.965714	89.966
90.116644	90.116644	90.117
90.314014	90.314014	90.314
90.476553	90.476553	90.477
90.639093	90.639093	90.639
91.115102	91.115102	91.115
91.219592	91.219592	91.220
91.370522	91.370522	91.371
91.683991	91.683991	91.684
92.183220	92.183220	92.183
92.380590	92.380590	92.381
92.705669	92.705669	92.706
92.949478	92.949478	92.949
93.228118	93.228118	93.228
93.355828	93.355828	93.356
93.448707	93.448707	93.449
93.727347	93.727347	93.727
93.982766	93.982766	93.983
94.238186	94.238186	94.238
94.470385	94.470385	94.470
94.598095	94.598095	94.598
94.749025	94.749025	94.749
94.911565	94.911565	94.912
95.283084	95.283084	95.283
95.515283	95.515283	95.515
95.561723	95.561723	95.562
95.631383	95.631383	95.631
95.770703	95.770703	95.771
96.281542	96.281542	96.282
96.571791	96.571791	96.572
96.803991	96.803991	96.804
97.082630	97.082630	97.083
97.175510	97.175510	97.176
97.314830	97.314830	97.315
97.570249	97.570249	97.570
97.814059	97.814059	97.814
98.069478	98.069478	98.069
98.348118	98.348118	98.348
98.591927	98.591927	98.592
98.858957	98.858957	98.859
99.381406	99.381406	99.381
99.532336	99.532336	99.532
99.648435	99.648435	99.648
99.729705	99.729705	99.730
99.903855	99.903855	99.904
100.054785	100.054785	100.055
100.205714	100.205714	100.206
100.426304	100.426304	100.426
100.925533	100.925533	100.926
101.447982	101.447982	101.448
101.564082	101.564082	101.564
101.738231	101.738231	101.738
101.970431	101.970431	101.970
102.307120	102.307120	102.307
102.516100	102.516100	102.516
102.992109	102.992109	102.992
103.479728	103.479728	103.480
103.642268	103.642268	103.642
104.013787	104.013787	104.014
104.222766	104.222766	104.223
104.385306	104.385306	104.385
104.547846	104.547846	104.548
104.687166	104.687166	104.687
105.047075	105.047075	105.047
105.557914	105.557914	105.558
105.952653	105.952653	105.953
106.091973	106.091973	106.092
106.312562	106.312562	106.313
106.579592	106.579592	106.580
107.102041	107.102041	107.102
107.624490	107.624490	107.624
107.717370	107.717370	107.717
107.879909	107.879909	107.880
107.972789	107.972789	107.973
108.123719	108.123719	108.124
108.263039	108.263039	108.263
108.344308	108.344308	108.344
108.425578	108.425578	108.426
108.669388	108.669388	108.669
108.750658	108.750658	108.751
109.157007	109.157007	109.157
109.679456	109.679456	109.679
109.900045	109.900045	109.900
110.190295	110.190295	110.190
110.445714	110.445714	110.446
110.526984	110.526984	110.527
110.712744	110.712744	110.713
111.211973	111.211973	111.212
111.757642	111.757642	111.758
111.931791	111.931791	111.932
112.059501	112.059501	112.060
112.152381	112.152381	112.152
112.245261	112.245261	112.245
112.361361	112.361361	112.361
112.454240	112.454240	112.454
112.512290	112.512290	112.512
112.593560	112.593560	112.594
112.756100	112.756100	112.756
112.848980	112.848980	112.849
113.266939	113.266939	113.267
113.626848	113.626848	113.627
113.731338	113.731338	113.731
113.789388	113.789388	113.789
113.905488	113.905488	113.905
114.300227	114.300227	114.300
114.427937	114.427937	114.428
114.567256	114.567256	114.567
114.729796	114.729796	114.730
114.811066	114.811066	114.811
114.950385	114.950385	114.950
115.321905	115.321905	115.322
115.832744	115.832744	115.833
116.099773	116.099773	116.100
116.366803	116.366803	116.367
116.529342	116.529342	116.529
116.680272	116.680272	116.680
116.842812	116.842812	116.843
116.900862	116.900862	116.901
116.982132	116.982132	116.982
117.388481	117.388481	117.388
117.899320	117.899320	117.899
118.050249	118.050249	118.050
118.201179	118.201179	118.201
118.282449	118.282449	118.282
118.456599	118.456599	118.457
118.712018	118.712018	118.712
118.932608	118.932608	118.933
119.443447	119.443447	119.443
119.965896	119.965896	119.966
120.105215	120.105215	120.105
120.256145	120.256145	120.256
120.511565	120.511565	120.512
120.662494	120.662494	120.662
120.825034	120.825034	120.825
121.057234	121.057234	121.057
121.150113	121.150113	121.150
121.510023	121.510023	121.510
122.055692	122.055692	122.056
122.520091	122.520091	122.520
122.787120	122.787120	122.787
123.077370	123.077370	123.077
123.553379	123.553379	123.553
124.087438	124.087438	124.087
124.157098	124.157098	124.157
124.319637	124.319637	124.320
124.586667	124.586667	124.587
124.900136	124.900136	124.900
125.074286	125.074286	125.074
125.132336	125.132336	125.132
125.213605	125.213605	125.214
125.457415	125.457415	125.457
125.608345	125.608345	125.608
126.154014	126.154014	126.154
126.653243	126.653243	126.653
126.815782	126.815782	126.816
126.989932	126.989932	126.990
127.082812	127.082812	127.083
127.164082	127.164082	127.164
127.431111	127.431111	127.431
127.674921	127.674921	127.675
128.197370	128.197370	128.197
128.301859	128.301859	128.302
128.394739	128.394739	128.395
128.580499	128.580499	128.580
128.684989	128.684989	128.685
128.743039	128.743039	128.743
128.870748	128.870748	128.871
128.963628	128.963628	128.964
129.044898	129.044898	129.045
129.126168	129.126168	129.126
129.230658	129.230658	129.231
129.706667	129.706667	129.707
130.089796	130.089796	130.090
130.229116	130.229116	130.229
130.356825	130.356825	130.357
130.763175	130.763175	130.763
130.856054	130.856054	130.856
131.123084	131.123084	131.123
131.308844	131.308844	131.309
131.459773	131.459773	131.460
131.796463	131.796463	131.796
131.889342	131.889342	131.889
132.098322	132.098322	132.098
132.284082	132.284082	132.284
132.435011	132.435011	132.435
132.551111	132.551111	132.551
132.829751	132.829751	132.830
133.038730	133.038730	133.039
133.340590	133.340590	133.341
133.654059	133.654059	133.654
133.839819	133.839819	133.840
133.932698	133.932698	133.933
134.373878	134.373878	134.374
134.501587	134.501587	134.502
134.722177	134.722177	134.722
134.861497	134.861497	134.861
135.105306	135.105306	135.105
135.372336	135.372336	135.372
135.662585	135.662585	135.663
135.883175	135.883175	135.883
136.022494	136.022494	136.022
136.219864	136.219864	136.220
136.394014	136.394014	136.394
136.544943	136.544943	136.545
136.742313	136.742313	136.742
136.928073	136.928073	136.928
137.206712	137.206712	137.207
137.659501	137.659501	137.660
137.787211	137.787211	137.787
137.938141	137.938141	137.938
138.216780	138.216780	138.217
138.332880	138.332880	138.333
138.472200	138.472200	138.472
138.983039	138.983039	138.983
139.238458	139.238458	139.238
139.331338	139.331338	139.331
139.493878	139.493878	139.494
139.668027	139.668027	139.668
139.993107	139.993107	139.993
140.225306	140.225306	140.225
140.538776	140.538776	140.539
140.770975	140.770975	140.771
141.026395	141.026395	141.026
141.154104	141.154104	141.154
141.548844	141.548844	141.549
141.885533	141.885533	141.886
142.071293	142.071293	142.071
142.257052	142.257052	142.257
142.349932	142.349932	142.350
142.442812	142.442812	142.443
142.616961	142.616961	142.617
142.872381	142.872381	142.872
143.092971	143.092971	143.093
143.232290	143.232290	143.232
143.638639	143.638639	143.639
143.743129	143.743129	143.743
144.126259	144.126259	144.126
144.184308	144.184308	144.184
144.300408	144.300408	144.300
144.393288	144.393288	144.393
144.660317	144.660317	144.660
145.055057	145.055057	145.055
145.147937	145.147937	145.148
145.275646	145.275646	145.276
145.438186	145.438186	145.438
145.670385	145.670385	145.670
145.751655	145.751655	145.752
145.925805	145.925805	145.926
145.983855	145.983855	145.984
146.053515	146.053515	146.054
146.169615	146.169615	146.170
146.239274	146.239274	146.239
146.390204	146.390204	146.390
146.552744	146.552744	146.553
146.680454	146.680454	146.680
147.063583	147.063583	147.064
147.237732	147.237732	147.238
147.377052	147.377052	147.377
147.481542	147.481542	147.482
147.620862	147.620862	147.621
147.748571	147.748571	147.749
148.305850	148.305850	148.306
148.433560	148.433560	148.434
148.514830	148.514830	148.515
148.642540	148.642540	148.643
148.735420	148.735420	148.735
148.886349	148.886349	148.886
149.002449	149.002449	149.002
149.269478	149.269478	149.269
149.536508	149.536508	149.537
149.803537	149.803537	149.804
150.279546	150.279546	150.280
150.395646	150.395646	150.396
150.813605	150.813605	150.814
150.941315	150.941315	150.941
151.324444	151.324444	151.324
151.521814	151.521814	151.522
151.719184	151.719184	151.719
151.846893	151.846893	151.847
152.195193	152.195193	152.195
152.334512	152.334512	152.335
152.671202	152.671202	152.671
152.845351	152.845351	152.845
153.019501	153.019501	153.020
153.100771	153.100771	153.101
153.170431	153.170431	153.170
153.379410	153.379410	153.379
153.704490	153.704490	153.704
153.890249	153.890249	153.890
154.076009	154.076009	154.076
154.389478	154.389478	154.389
154.923537	154.923537	154.924
155.039637	155.039637	155.040
155.318277	155.318277	155.318
155.422766	155.422766	155.423
155.945215	155.945215	155.945
156.096145	156.096145	156.096
156.456054	156.456054	156.456
156.792744	156.792744	156.793
157.001723	157.001723	157.002
157.233923	157.233923	157.234
157.489342	157.489342	157.489
158.011791	158.011791	158.012
158.348481	158.348481	158.348
158.511020	158.511020	158.511
158.754830	158.754830	158.755
158.824490	158.824490	158.824
158.928980	158.928980	158.929
159.021859	159.021859	159.022
159.184399	159.184399	159.184
159.265669	159.265669	159.266
159.358549	159.358549	159.359
159.544308	159.544308	159.544
160.066757	160.066757	160.067
160.148027	160.148027	160.148
160.577596	160.577596	160.578
160.705306	160.705306	160.705
161.088435	161.088435	161.088
161.192925	161.192925	161.193
161.401905	161.401905	161.402
161.610884	161.610884	161.611
161.726984	161.726984	161.727
161.785034	161.785034	161.785
162.144943	162.144943	162.145
162.620952	162.620952	162.621
162.702222	162.702222	162.702
162.899592	162.899592	162.900
162.992472	162.992472	162.992
163.166621	163.166621	163.167
163.236281	163.236281	163.236
163.387211	163.387211	163.387
163.665850	163.665850	163.666
163.805170	163.805170	163.805
163.898050	163.898050	163.898
163.979320	163.979320	163.979
164.153469	164.153469	164.153
164.385669	164.385669	164.386
164.733968	164.733968	164.734
165.047438	165.047438	165.047
165.175147	165.175147	165.175
165.268027	165.268027	165.268
165.442177	165.442177	165.442
165.709206	165.709206	165.709
165.778866	165.778866	165.779
165.802086	165.802086	165.802
165.894966	165.894966	165.895
166.208435	166.208435	166.208
166.452245	166.452245	166.452
166.533515	166.533515	166.534
166.754104	166.754104	166.754
166.812154	166.812154	166.812
166.997914	166.997914	166.998
167.264943	167.264943	167.265
167.404263	167.404263	167.404
167.520363	167.520363	167.520
167.775782	167.775782	167.776
167.833832	167.833832	167.834
168.042812	168.042812	168.043
168.333061	168.333061	168.333
168.425941	168.425941	168.426
168.611701	168.611701	168.612
168.843900	168.843900	168.844
168.901950	168.901950	168.902
168.994830	168.994830	168.995
169.134150	169.134150	169.134
169.319909	169.319909	169.320
169.389569	169.389569	169.390
169.517279	169.517279	169.517
169.621769	169.621769	169.622
169.819138	169.819138	169.819
169.877188	169.877188	169.877
169.935238	169.935238	169.935
170.097778	170.097778	170.098
170.213878	170.213878	170.214
170.341587	170.341587	170.342
170.469297	170.469297	170.469
170.620227	170.620227	170.620
170.864036	170.864036	170.864
170.945306	170.945306	170.945
171.026576	171.026576	171.027
171.119456	171.119456	171.119
171.235556	171.235556	171.236
171.374875	171.374875	171.375
171.502585	171.502585	171.503
171.607075	171.607075	171.607
171.769615	171.769615	171.770
171.874104	171.874104	171.874
172.199184	172.199184	172.199
172.396553	172.396553	172.397
172.570703	172.570703	172.571
172.675193	172.675193	172.675
172.919002	172.919002	172.919
172.988662	172.988662	172.989
173.069932	173.069932	173.070
173.139592	173.139592	173.140
173.429841	173.429841	173.430
173.557551	173.557551	173.558
173.685261	173.685261	173.685
173.778141	173.778141	173.778
173.940680	173.940680	173.941
174.103220	174.103220	174.103
174.219320	174.219320	174.219
174.439909	174.439909	174.440
174.695329	174.695329	174.695
174.811429	174.811429	174.811
174.985578	174.985578	174.986
175.101678	175.101678	175.102
175.496417	175.496417	175.496
175.635737	175.635737	175.636
175.798277	175.798277	175.798
175.984036	175.984036	175.984
176.262676	176.262676	176.263
176.320726	176.320726	176.321
176.518095	176.518095	176.518
176.645805	176.645805	176.646
176.796735	176.796735	176.797
177.005714	177.005714	177.006
177.168254	177.168254	177.168
177.539773	177.539773	177.540
177.655873	177.655873	177.656
177.783583	177.783583	177.784
177.876463	177.876463	177.876
178.039002	178.039002	178.039
178.549841	178.549841	178.550
178.793651	178.793651	178.794
178.909751	178.909751	178.910
179.072290	179.072290	179.072
179.153560	179.153560	179.154
179.223220	179.223220	179.223
179.443810	179.443810	179.444
179.583129	179.583129	179.583
179.815329	179.815329	179.815
179.989478	179.989478	179.989
180.093968	180.093968	180.094
180.175238	180.175238	180.175
180.349388	180.349388	180.349
180.442268	180.442268	180.442
180.593197	180.593197	180.593
180.709297	180.709297	180.709
180.860227	180.860227	180.860
180.929887	180.929887	180.930
181.127256	181.127256	181.127
181.196916	181.196916	181.197
181.347846	181.347846	181.348
181.626485	181.626485	181.626
181.765805	181.765805	181.766
181.893515	181.893515	181.894
182.160544	182.160544	182.161
182.485624	182.485624	182.486
182.671383	182.671383	182.671
182.915193	182.915193	182.915
182.973243	182.973243	182.973
183.182222	183.182222	183.182
183.565351	183.565351	183.565
183.704671	183.704671	183.705
183.843991	183.843991	183.844
183.948481	183.948481	183.948
184.052971	184.052971	184.053
184.215510	184.215510	184.216
184.761179	184.761179	184.761
184.865669	184.865669	184.866
185.016599	185.016599	185.017
185.063039	185.063039	185.063
185.260408	185.260408	185.260
185.388118	185.388118	185.388
185.457778	185.457778	185.458
185.794467	185.794467	185.794
185.898957	185.898957	185.899
186.049887	186.049887	186.050
186.270476	186.270476	186.270
186.328526	186.328526	186.329
186.525896	186.525896	186.526
186.595556	186.595556	186.596
186.792925	186.792925	186.793
186.943855	186.943855	186.944
187.106395	187.106395	187.106
187.234104	187.234104	187.234
187.303764	187.303764	187.304
187.396644	187.396644	187.397
187.559184	187.559184	187.559
187.849433	187.849433	187.849
187.977143	187.977143	187.977
188.081633	188.081633	188.082
188.325442	188.325442	188.325
188.418322	188.418322	188.418
188.650522	188.650522	188.651
188.871111	188.871111	188.871
189.010431	189.010431	189.010
189.126531	189.126531	189.127
189.370340	189.370340	189.370
189.498050	189.498050	189.498
189.625760	189.625760	189.626
189.892789	189.892789	189.893
190.124989	190.124989	190.125
190.217868	190.217868	190.218
190.392018	190.392018	190.392
190.844807	190.844807	190.845
190.914467	190.914467	190.914
191.181497	191.181497	191.181
191.413696	191.413696	191.414
191.553016	191.553016	191.553
191.947755	191.947755	191.948
192.098685	192.098685	192.099
192.214785	192.214785	192.215
192.272834	192.272834	192.273
192.435374	192.435374	192.435
192.725624	192.725624	192.726
192.969433	192.969433	192.969
193.120363	193.120363	193.120
193.236463	193.236463	193.236
193.457052	193.457052	193.457
193.584762	193.584762	193.585
193.654422	193.654422	193.654
193.886621	193.886621	193.887
193.979501	193.979501	193.980
194.107211	194.107211	194.107
194.269751	194.269751	194.270
194.316190	194.316190	194.316
194.420680	194.420680	194.421
194.513560	194.513560	194.514
194.896689	194.896689	194.897
195.012789	195.012789	195.013
195.152109	195.152109	195.152
195.279819	195.279819	195.280
195.535238	195.535238	195.535
195.628118	195.628118	195.628
195.988027	195.988027	195.988
196.046077	196.046077	196.046
196.289887	196.289887	196.290
196.440816	196.440816	196.441
196.556916	196.556916	196.557
196.800726	196.800726	196.801
197.067755	197.067755	197.068
197.334785	197.334785	197.335
197.613424	197.613424	197.613
197.892063	197.892063	197.892
198.077823	198.077823	198.078
198.611882	198.611882	198.612
199.122721	199.122721	199.123
199.645170	199.645170	199.645
200.144399	200.144399	200.144
200.666848	200.666848	200.667
201.049977	201.049977	201.050
201.224127	201.224127	201.224
201.700136	201.700136	201.700
202.199365	202.199365	202.199
202.396735	202.396735	202.397
202.710204	202.710204	202.710
203.232653	203.232653	203.233
203.476463	203.476463	203.476
203.743492	203.743492	203.743
203.871202	203.871202	203.871
204.277551	204.277551	204.278
204.800000	204.800000	204.800
204.881270	204.881270	204.881
205.067029	205.067029	205.067
205.264399	205.264399	205.264
205.357279	205.357279	205.357
205.798458	205.798458	205.798
205.926168	205.926168	205.926
206.100317	206.100317	206.100
206.355737	206.355737	206.356
206.495057	206.495057	206.495
206.843356	206.843356	206.843
207.342585	207.342585	207.343
207.714104	207.714104	207.714
207.865034	207.865034	207.865
208.375873	208.375873	208.376
208.712562	208.712562	208.713
208.886712	208.886712	208.887
209.385941	209.385941	209.386
209.908390	209.908390	209.908
210.094150	210.094150	210.094
210.198639	210.198639	210.199
210.419229	210.419229	210.419
210.930068	210.930068	210.930
211.452517	211.452517	211.453
211.951746	211.951746	211.952
212.091066	212.091066	212.091
212.346485	212.346485	212.346
212.485805	212.485805	212.486
212.776054	212.776054	212.776
212.985034	212.985034	212.985
213.228844	213.228844	213.229
213.472653	213.472653	213.473
213.751293	213.751293	213.751
213.913832	213.913832	213.914
214.111202	214.111202	214.111
214.296961	214.296961	214.297
214.413061	214.413061	214.413
214.552381	214.552381	214.552
214.656871	214.656871	214.657
214.784580	214.784580	214.785
214.912290	214.912290	214.912
215.051610	215.051610	215.052
215.156100	215.156100	215.156
215.295420	215.295420	215.295
215.434739	215.434739	215.435
215.562449	215.562449	215.562
215.678549	215.678549	215.679
215.806259	215.806259	215.806
215.933968	215.933968	215.934
216.084898	216.084898	216.085
216.212608	216.212608	216.213
216.351927	216.351927	216.352
216.468027	216.468027	216.468
216.595737	216.595737	216.596
216.723447	216.723447	216.723
216.862766	216.862766	216.863
216.990476	216.990476	216.990
217.106576	217.106576	217.107
217.269116	217.269116	217.269
217.396825	217.396825	217.397
217.512925	217.512925	217.513
217.652245	217.652245	217.652
217.756735	217.756735	217.757
217.907664	217.907664	217.908
218.023764	218.023764	218.024
218.139864	218.139864	218.140
218.685533	218.685533	218.686
218.813243	218.813243	218.813
218.940952	218.940952	218.941
219.045442	219.045442	219.045
219.161542	219.161542	219.162
219.312472	219.312472	219.312
219.451791	219.451791	219.452
219.533061	219.533061	219.533
219.672381	219.672381	219.672
219.811701	219.811701	219.812
219.951020	219.951020	219.951
220.055510	220.055510	220.056
220.183220	220.183220	220.183
220.380590	220.380590	220.381
220.554739	220.554739	220.555
220.694059	220.694059	220.694
220.810159	220.810159	220.810
220.937868	220.937868	220.938
221.053968	221.053968	221.054
221.216508	221.216508	221.217
221.332608	221.332608	221.333
221.483537	221.483537	221.484
221.588027	221.588027	221.588
221.727347	221.727347	221.727
221.855057	221.855057	221.855
221.971156	221.971156	221.971
222.110476	222.110476	222.110
222.238186	222.238186	222.238
222.377506	222.377506	222.378
222.540045	222.540045	222.540
222.772245	222.772245	222.772
222.911565	222.911565	222.912
223.027664	223.027664	223.028
223.155374	223.155374	223.155
223.271474	223.271474	223.271
223.399184	223.399184	223.399
223.550113	223.550113	223.550
223.677823	223.677823	223.678
223.770703	223.770703	223.771
223.828753	223.828753	223.829
223.910023	223.910023	223.910
224.060952	224.060952	224.061
224.165442	224.165442	224.165
224.293152	224.293152	224.293
224.571791	224.571791	224.572
224.676281	224.676281	224.676
224.827211	224.827211	224.827
224.931701	224.931701	224.932
225.059410	225.059410	225.059
225.152290	225.152290	225.152
225.338050	225.338050	225.338
225.430930	225.430930	225.431
225.570249	225.570249	225.570
225.697959	225.697959	225.698
225.848889	225.848889	225.849
225.964989	225.964989	225.965
226.092698	226.092698	226.093
226.255238	226.255238	226.255
226.336508	226.336508	226.337
226.429388	226.429388	226.429
226.603537	226.603537	226.604
226.719637	226.719637	226.720
226.870567	226.870567	226.871
226.986667	226.986667	226.987
227.125986	227.125986	227.126
227.230476	227.230476	227.230
227.393016	227.393016	227.393
227.497506	227.497506	227.498
227.625215	227.625215	227.625
227.752925	227.752925	227.753
227.903855	227.903855	227.904
228.031565	228.031565	228.032
228.170884	228.170884	228.171
228.298594	228.298594	228.299
228.426304	228.426304	228.426
228.577234	228.577234	228.577
228.728163	228.728163	228.728
228.832653	228.832653	228.833
228.948753	228.948753	228.949
229.076463	229.076463	229.076
229.215782	229.215782	229.216
229.343492	229.343492	229.343
229.459592	229.459592	229.460
229.610522	229.610522	229.611
229.726621	229.726621	229.727
229.842721	229.842721	229.843
229.970431	229.970431	229.970
230.040091	230.040091	230.040
230.132971	230.132971	230.133
230.225850	230.225850	230.226
230.353560	230.353560	230.354
230.481270	230.481270	230.481
230.643810	230.643810	230.644
231.026939	231.026939	231.027
231.201088	231.201088	231.201
231.328798	231.328798	231.329
231.514558	231.514558	231.515
231.677098	231.677098	231.677
231.897687	231.897687	231.898
232.013787	232.013787	232.014
232.118277	232.118277	232.118
232.350476	232.350476	232.350
232.420136	232.420136	232.420
232.524626	232.524626	232.525
232.617506	232.617506	232.618
232.814875	232.814875	232.815
233.047075	233.047075	233.047
233.290884	233.290884	233.291
233.557914	233.557914	233.558
233.859773	233.859773	233.860
234.091973	234.091973	234.092
234.231293	234.231293	234.231
234.312562	234.312562	234.313
234.382222	234.382222	234.382
234.602812	234.602812	234.603
235.113651	235.113651	235.114
235.241361	235.241361	235.241
235.392290	235.392290	235.392
235.624490	235.624490	235.624
236.123719	236.123719	236.124
236.448798	236.448798	236.449
236.530068	236.530068	236.530
236.634558	236.634558	236.635
237.157007	237.157007	237.157
237.284717	237.284717	237.285
237.365986	237.365986	237.366
237.574966	237.574966	237.575
237.679456	237.679456	237.679
237.981315	237.981315	237.981
238.050975	238.050975	238.051
238.213515	238.213515	238.214
238.422494	238.422494	238.422
238.526984	238.526984	238.527
238.689524	238.689524	238.690
238.956553	238.956553	238.957
239.119093	239.119093	239.119
239.223583	239.223583	239.224
239.432562	239.432562	239.433
239.734422	239.734422	239.734
239.873741	239.873741	239.874
240.222041	240.222041	240.222
240.535510	240.535510	240.536
240.593560	240.593560	240.594
240.744490	240.744490	240.744
240.918639	240.918639	240.919
241.290159	241.290159	241.290
241.441088	241.441088	241.441
241.510748	241.510748	241.511
241.626848	241.626848	241.627
241.754558	241.754558	241.755
241.870658	241.870658	241.871
241.951927	241.951927	241.952
242.288617	242.288617	242.289
242.613696	242.613696	242.614
242.787846	242.787846	242.788
242.938776	242.938776	242.939
243.078095	243.078095	243.078
243.217415	243.217415	243.217
243.333515	243.333515	243.334
243.461224	243.461224	243.461
243.565714	243.565714	243.566
243.739864	243.739864	243.740
243.855964	243.855964	243.856
243.972063	243.972063	243.972
244.076553	244.076553	244.077
244.227483	244.227483	244.227
244.355193	244.355193	244.355
244.494512	244.494512	244.495
244.622222	244.622222	244.622
244.842812	244.842812	244.843
244.982132	244.982132	244.982
245.121451	245.121451	245.121
245.272381	245.272381	245.272
245.376871	245.376871	245.377
245.620680	245.620680	245.621
245.748390	245.748390	245.748
245.899320	245.899320	245.899
246.050249	246.050249	246.050
246.131519	246.131519	246.132
246.270839	246.270839	246.271
246.410159	246.410159	246.410
246.572698	246.572698	246.573
246.677188	246.677188	246.677
246.770068	246.770068	246.770
246.955828	246.955828	246.956
247.048707	247.048707	247.049
247.338957	247.338957	247.339
247.478277	247.478277	247.478
247.722086	247.722086	247.722
247.954286	247.954286	247.954
248.163265	248.163265	248.163
248.465125	248.465125	248.465
248.685714	248.685714	248.686
248.987574	248.987574	248.988
249.219773	249.219773	249.220
249.440363	249.440363	249.440
249.707392	249.707392	249.707
249.997642	249.997642	249.998
250.078912	250.078912	250.079
250.229841	250.229841	250.230
250.496871	250.496871	250.497
250.763900	250.763900	250.764
251.042540	251.042540	251.043
251.147029	251.147029	251.147
251.297959	251.297959	251.298
251.367619	251.367619	251.368
251.460499	251.460499	251.460
251.588209	251.588209	251.588
251.797188	251.797188	251.797
252.064218	252.064218	252.064
252.563447	252.563447	252.563
252.679546	252.679546	252.680
252.818866	252.818866	252.819
253.085896	253.085896	253.086
253.364535	253.364535	253.365
253.410975	253.410975	253.411
253.608345	253.608345	253.608
253.863764	253.863764	253.864
254.119184	254.119184	254.119
254.223673	254.223673	254.224
254.374603	254.374603	254.375
254.653243	254.653243	254.653
254.873832	254.873832	254.874
255.140862	255.140862	255.141
255.245351	255.245351	255.245
255.651701	255.651701	255.652
255.883900	255.883900	255.884
256.185760	256.185760	256.186
256.359909	256.359909	256.360
256.499229	256.499229	256.499
256.684989	256.684989	256.685
256.928798	256.928798	256.929
257.195828	257.195828	257.196
257.462857	257.462857	257.463
257.718277	257.718277	257.718
257.962086	257.962086	257.962
258.229116	258.229116	258.229
258.484535	258.484535	258.485
258.728345	258.728345	258.728
258.983764	258.983764	258.984
259.250794	259.250794	259.251
259.761633	259.761633	259.762
260.005442	260.005442	260.005
260.295692	260.295692	260.296
260.400181	260.400181	260.400
260.702041	260.702041	260.702
260.783311	260.783311	260.783
261.027120	261.027120	261.027
261.294150	261.294150	261.294
261.549569	261.549569	261.550
261.712109	261.712109	261.712
261.839819	261.839819	261.840
262.072018	262.072018	262.072
262.339048	262.339048	262.339
262.594467	262.594467	262.594
262.838277	262.838277	262.838
263.105306	263.105306	263.105
263.360726	263.360726	263.361
263.418776	263.418776	263.419
263.825125	263.825125	263.825
263.906395	263.906395	263.906
264.138594	264.138594	264.139
264.394014	264.394014	264.394
264.579773	264.579773	264.580
264.753923	264.753923	264.754
264.823583	264.823583	264.824
264.904853	264.904853	264.905
265.160272	265.160272	265.160
265.404082	265.404082	265.404
265.671111	265.671111	265.671
265.787211	265.787211	265.787
265.926531	265.926531	265.927
266.054240	266.054240	266.054
266.181950	266.181950	266.182
266.437370	266.437370	266.437
266.681179	266.681179	266.681
266.797279	266.797279	266.797
266.983039	266.983039	266.983
267.087528	267.087528	267.088
267.238458	267.238458	267.238
267.575147	267.575147	267.575
267.981497	267.981497	267.981
268.260136	268.260136	268.260
268.492336	268.492336	268.492
269.003175	269.003175	269.003
269.258594	269.258594	269.259
269.525624	269.525624	269.526
269.572063	269.572063	269.572
269.792653	269.792653	269.793
270.048073	270.048073	270.048
270.315102	270.315102	270.315
270.547302	270.547302	270.547
270.802721	270.802721	270.803
271.069751	271.069751	271.070
271.325170	271.325170	271.325
271.580590	271.580590	271.581
272.126259	272.126259	272.126
272.358458	272.358458	272.358
272.637098	272.637098	272.637
272.822857	272.822857	272.823
272.973787	272.973787	272.974
273.124717	273.124717	273.125
273.194376	273.194376	273.194
273.403356	273.403356	273.403
273.658776	273.658776	273.659
273.716825	273.716825	273.717
273.949025	273.949025	273.949
274.181224	274.181224	274.181
274.436644	274.436644	274.437
274.703673	274.703673	274.704
274.982313	274.982313	274.982
275.260952	275.260952	275.261
275.319002	275.319002	275.319
275.551202	275.551202	275.551
275.702132	275.702132	275.702
275.841451	275.841451	275.841
276.062041	276.062041	276.062
276.212971	276.212971	276.213
276.398730	276.398730	276.399
276.688980	276.688980	276.689
276.956009	276.956009	276.956
277.048889	277.048889	277.049
277.257868	277.257868	277.258
277.385578	277.385578	277.386
277.559728	277.559728	277.560
277.896417	277.896417	277.896
277.966077	277.966077	277.966
278.117007	278.117007	278.117
278.349206	278.349206	278.349
278.778776	278.778776	278.779
278.906485	278.906485	278.906
279.173515	279.173515	279.174
279.289615	279.289615	279.290
279.800454	279.800454	279.800
279.928163	279.928163	279.928
280.392562	280.392562	280.393
281.007891	281.007891	281.008
281.739320	281.739320	281.739
281.878639	281.878639	281.879
282.784218	282.784218	282.784
283.422766	283.422766	283.423
283.654966	283.654966	283.655
283.852336	283.852336	283.852
285.152653	285.152653	285.153
285.233923	285.233923	285.234
285.930522	285.930522	285.931
286.302041	286.302041	286.302
286.452971	286.452971	286.453
286.812880	286.812880	286.813
287.695238	287.695238	287.695
