0.150930	0.150930	1
2.217506	2.217506	2
4.260862	4.260862	3
6.327438	6.327438	4
8.382404	8.382404	5
10.448980	10.448980	6
12.492336	12.492336	7
14.547302	14.547302	8
16.613878	16.613878	9
18.668844	18.668844	10
20.712200	20.712200	11
22.767166	22.767166	12
24.833741	24.833741	13
26.888707	26.888707	14
28.943673	28.943673	15
31.010249	31.010249	16
33.065215	33.065215	17
35.120181	35.120181	18
37.163537	37.163537	19
39.230113	39.230113	20
41.285079	41.285079	21
43.328435	43.328435	22
45.395011	45.395011	23
47.449977	47.449977	24
49.504943	49.504943	25
51.571519	51.571519	26
53.626485	53.626485	27
55.681451	55.681451	28
57.736417	57.736417	29
59.791383	59.791383	30
61.846349	61.846349	31
63.924535	63.924535	32
65.967891	65.967891	33
68.022857	68.022857	34
70.077823	70.077823	35
72.132789	72.132789	36
74.210975	74.210975	37
76.231111	76.231111	38
78.297687	78.297687	39
80.352653	80.352653	40
82.430839	82.430839	41
84.485805	84.485805	42
86.529161	86.529161	43
88.584127	88.584127	44
90.627483	90.627483	45
92.694059	92.694059	46
94.749025	94.749025	47
96.792381	96.792381	48
98.858957	98.858957	49
100.925533	100.925533	50
102.980499	102.980499	51
105.035465	105.035465	52
107.090431	107.090431	53
109.157007	109.157007	54
111.211973	111.211973	55
113.266939	113.266939	56
115.333515	115.333515	57
117.400091	117.400091	58
119.455057	119.455057	59
121.510023	121.510023	60
123.553379	123.553379	61
125.619955	125.619955	62
127.663311	127.663311	63
129.706667	129.706667	64
131.784853	131.784853	65
133.828209	133.828209	66
135.883175	135.883175	67
137.938141	137.938141	68
139.993107	139.993107	69
142.071293	142.071293	70
144.114649	144.114649	71
146.216054	146.216054	72
148.259410	148.259410	73
150.291156	150.291156	74
152.322902	152.322902	75
154.377868	154.377868	76
156.444444	156.444444	77
158.522630	158.522630	78
160.565986	160.565986	79
162.644172	162.644172	80
164.664308	164.664308	81
166.742494	166.742494	82
168.820680	168.820680	83
170.864036	170.864036	84
172.907392	172.907392	85
174.973968	174.973968	86
177.017324	177.017324	87
179.060680	179.060680	88
181.104036	181.104036	89
183.182222	183.182222	90
185.248798	185.248798	91
187.292154	187.292154	92
189.370340	189.370340	93
191.425306	191.425306	94
193.457052	193.457052	95
195.523628	195.523628	96
197.590204	197.590204	97
199.633560	199.633560	98
201.676916	201.676916	99
203.743492	203.743492	100
205.786848	205.786848	101
207.853424	207.853424	102
209.896780	209.896780	103
211.951746	211.951746	104
214.006712	214.006712	105
216.073288	216.073288	106
218.128254	218.128254	107
220.183220	220.183220	108
222.226576	222.226576	109
224.281542	224.281542	110
226.348118	226.348118	111
228.414694	228.414694	112
230.492880	230.492880	113
232.524626	232.524626	114
234.591202	234.591202	115
236.634558	236.634558	116
238.701134	238.701134	117
240.744490	240.744490	118
242.811066	242.811066	119
244.866032	244.866032	120
246.920998	246.920998	121
248.975964	248.975964	122
251.019320	251.019320	123
253.085896	253.085896	124
255.129252	255.129252	125
257.195828	257.195828	126
259.239184	259.239184	127
261.317370	261.317370	128
263.383946	263.383946	129
265.404082	265.404082	130
267.482268	267.482268	131
269.502404	269.502404	132
271.557370	271.557370	133
273.635556	273.635556	134
275.841451	275.841451	135
277.884807	277.884807	136
280.044263	280.044263	137
281.913469	281.913469	138
283.387937	283.387937	139
284.781134	284.781134	140
286.000181	286.000181	141
287.161179	287.161179	142
288.322177	288.322177	143
289.483175	289.483175	144
290.644172	290.644172	145
291.828390	291.828390	146
292.989388	292.989388	147
294.161995	294.161995	148
295.322993	295.322993	149
296.483991	296.483991	150
297.656599	297.656599	151
298.829206	298.829206	152
300.001814	300.001814	153
301.162812	301.162812	154
302.335420	302.335420	155
