0.180000	1.660000	44.000
0.180000	1.150000	84.000
0.180000	1.150000	75.000
0.180000	0.640000	82.000
0.690000	2.190000	72.000
1.200000	2.190000	60.000
1.200000	2.190000	56.000
1.200000	1.660000	84.000
1.710000	2.190000	84.000
1.710000	2.190000	68.000
1.710000	2.190000	63.000
2.240000	4.240000	39.000
2.240000	2.700000	70.000
2.750000	4.240000	70.000
2.750000	4.240000	63.000
2.750000	3.730000	79.000
3.260000	4.760000	51.000
3.260000	4.240000	82.000
3.260000	4.240000	55.000
3.780000	4.240000	58.000
4.290000	6.310000	41.000
4.290000	4.760000	72.000
4.290000	4.760000	68.000
4.810000	6.310000	68.000
4.810000	5.790000	65.000
5.310000	6.310000	56.000
5.310000	6.310000	53.000
5.840000	7.830000	60.000
6.360000	8.350000	36.000
6.360000	6.820000	67.000
6.870000	8.350000	67.000
7.380000	8.350000	51.000
7.880000	8.350000	60.000
7.880000	8.350000	55.000
8.400000	10.430000	37.000
8.920000	9.890000	77.000
8.920000	9.380000	73.000
8.920000	9.380000	68.000
9.430000	10.430000	65.000
9.430000	10.430000	53.000
9.940000	11.440000	56.000
10.480000	12.470000	44.000
10.480000	11.960000	32.000
10.480000	10.930000	79.000
10.480000	10.930000	70.000
10.980000	12.470000	63.000
11.490000	12.470000	60.000
11.490000	12.470000	48.000
12.010000	12.980000	51.000
12.520000	14.520000	37.000
13.030000	14.520000	77.000
13.030000	13.500000	68.000
13.550000	15.040000	65.000
13.550000	14.520000	53.000
14.050000	14.520000	56.000
14.570000	16.590000	39.000
14.570000	15.040000	86.000
15.090000	17.090000	51.000
15.600000	16.590000	55.000
16.110000	16.590000	67.000
16.110000	16.590000	58.000
16.640000	18.120000	44.000
16.640000	17.600000	84.000
17.140000	18.640000	72.000
17.140000	18.640000	56.000
17.650000	18.640000	84.000
17.650000	18.640000	60.000
18.170000	18.640000	68.000
18.170000	18.640000	63.000
18.690000	20.700000	70.000
18.690000	20.700000	39.000
19.210000	20.700000	51.000
19.210000	19.670000	82.000
19.720000	20.700000	55.000
20.230000	20.700000	58.000
20.750000	22.740000	72.000
20.750000	22.740000	41.000
20.750000	21.200000	68.000
21.250000	22.740000	68.000
21.250000	22.740000	65.000
21.760000	22.740000	56.000
21.760000	22.740000	53.000
22.280000	24.290000	60.000
22.790000	24.810000	67.000
22.790000	24.810000	36.000
22.790000	23.770000	72.000
22.790000	23.260000	78.000
22.790000	23.260000	68.000
22.790000	23.260000	65.000
22.790000	23.260000	63.000
23.310000	24.810000	63.000
23.310000	23.770000	76.000
23.820000	24.810000	51.000
24.340000	24.810000	55.000
24.860000	26.870000	37.000
25.380000	26.350000	77.000
25.900000	26.870000	65.000
25.900000	26.870000	53.000
26.400000	26.870000	56.000
26.920000	28.920000	44.000
26.920000	28.410000	32.000
26.920000	27.390000	70.000
27.440000	27.900000	91.000
27.440000	27.900000	75.000
27.440000	27.900000	60.000
27.950000	28.920000	60.000
27.950000	28.920000	48.000
28.460000	29.440000	51.000
28.970000	30.980000	37.000
29.490000	30.980000	77.000
30.000000	31.230000	65.000
30.000000	30.980000	53.000
30.520000	30.980000	73.000
30.520000	30.980000	56.000
31.030000	31.910000	58.000
31.030000	31.230000	53.000
31.380000	31.500000	39.000
31.480000	31.500000	67.000
31.550000	34.080000	63.000
31.550000	31.740000	79.000
31.550000	31.740000	39.000
31.790000	32.260000	51.000
31.790000	31.910000	35.000
31.960000	32.010000	58.000
32.060000	32.520000	55.000
32.060000	32.260000	39.000
32.310000	32.620000	39.000
32.310000	32.520000	43.000
32.670000	34.080000	32.000
32.670000	33.030000	55.000
32.670000	33.030000	46.000
32.670000	33.030000	39.000
32.670000	33.030000	35.000
33.080000	34.590000	60.000
33.080000	34.590000	51.000
33.080000	34.590000	44.000
34.130000	35.090000	32.000
34.640000	37.140000	51.000
34.640000	35.090000	60.000
34.640000	35.090000	44.000
35.140000	37.140000	46.000
35.140000	37.140000	39.000
35.140000	36.100000	55.000
36.150000	37.140000	82.000
36.150000	37.140000	55.000
37.190000	38.690000	41.000
37.190000	38.170000	48.000
37.190000	37.660000	68.000
37.190000	37.660000	39.000
37.710000	39.200000	65.000
37.710000	39.200000	29.000
38.220000	39.200000	56.000
38.220000	38.690000	48.000
38.740000	40.240000	48.000
38.740000	39.200000	41.000
39.250000	41.240000	79.000
39.250000	41.240000	36.000
39.250000	39.720000	63.000
39.770000	41.240000	67.000
39.770000	40.240000	63.000
40.290000	41.240000	63.000
40.290000	41.240000	48.000
40.290000	41.240000	32.000
41.290000	43.290000	37.000
41.290000	42.790000	68.000
41.290000	41.770000	51.000
41.820000	42.280000	73.000
42.330000	43.290000	53.000
42.840000	43.290000	68.000
43.340000	45.350000	32.000
43.340000	44.860000	44.000
43.340000	44.320000	79.000
43.340000	44.320000	70.000
43.340000	44.320000	61.000
44.370000	45.350000	79.000
44.370000	45.350000	63.000
44.370000	45.350000	48.000
44.910000	45.350000	60.000
44.910000	45.350000	51.000
44.910000	45.350000	44.000
45.400000	47.420000	49.000
45.400000	47.420000	37.000
45.940000	46.910000	77.000
45.940000	46.400000	73.000
45.940000	46.400000	68.000
46.450000	47.420000	68.000
46.450000	47.420000	53.000
47.470000	49.480000	46.000
47.470000	49.480000	39.000
47.470000	48.460000	55.000
48.510000	48.970000	55.000
49.020000	49.480000	70.000
49.020000	49.230000	55.000
49.280000	49.480000	55.000
49.530000	51.540000	84.000
49.530000	51.540000	32.000
49.530000	51.040000	44.000
49.530000	50.520000	80.000
50.570000	51.540000	80.000
51.090000	51.540000	75.000
51.090000	51.540000	44.000
51.590000	53.590000	46.000
51.590000	53.590000	39.000
51.590000	52.560000	55.000
52.610000	53.590000	82.000
52.610000	53.590000	55.000
53.640000	55.650000	41.000
53.640000	55.650000	29.000
53.640000	55.130000	72.000
53.640000	55.130000	68.000
53.640000	54.620000	58.000
54.670000	55.650000	56.000
54.670000	55.130000	48.000
55.180000	57.700000	48.000
55.180000	55.650000	68.000
55.700000	57.700000	67.000
55.700000	57.700000	36.000
55.700000	56.660000	76.000
55.700000	56.660000	65.000
55.700000	56.660000	63.000
56.710000	57.700000	63.000
56.710000	57.700000	32.000
57.750000	59.250000	37.000
57.750000	58.750000	68.000
57.750000	58.220000	73.000
57.750000	58.220000	51.000
58.270000	59.250000	77.000
58.270000	58.750000	73.000
58.800000	59.760000	53.000
58.800000	59.760000	49.000
59.300000	59.760000	37.000
59.810000	61.810000	63.000
59.810000	61.810000	32.000
59.810000	60.280000	79.000
59.810000	60.280000	53.000
60.330000	61.810000	51.000
60.330000	61.810000	44.000
60.330000	60.780000	60.000
60.830000	61.810000	48.000
60.830000	61.310000	60.000
61.360000	61.810000	60.000
61.860000	63.880000	37.000
61.860000	63.360000	77.000
61.860000	63.360000	68.000
61.860000	62.850000	73.000
62.900000	63.880000	53.000
63.410000	63.880000	68.000
63.930000	65.950000	39.000
63.930000	65.180000	55.000
63.930000	65.180000	46.000
63.930000	64.640000	56.000
63.930000	64.640000	49.000
64.690000	64.920000	75.000
64.970000	65.180000	43.000
65.230000	65.420000	55.000
65.320000	65.420000	43.000
65.470000	65.890000	70.000
65.470000	65.790000	55.000
65.470000	65.790000	53.000
65.470000	65.790000	32.000
66.000000	66.980000	32.000
66.000000	66.430000	75.000
66.000000	66.430000	68.000
66.000000	66.430000	39.000
66.480000	66.980000	72.000
66.480000	66.980000	68.000
66.480000	66.930000	73.000
67.030000	68.010000	32.000
67.030000	67.490000	75.000
67.030000	67.490000	72.000
67.030000	67.490000	68.000
67.540000	68.010000	73.000
67.540000	68.010000	72.000
68.060000	70.050000	46.000
68.060000	70.050000	39.000
68.060000	68.980000	55.000
68.060000	68.760000	87.000
68.060000	68.760000	77.000
68.810000	68.980000	86.000
69.030000	69.290000	68.000
69.030000	69.290000	55.000
69.340000	69.510000	89.000
69.340000	69.510000	55.000
69.560000	70.050000	92.000
69.560000	70.050000	91.000
69.560000	70.050000	85.000
69.560000	70.050000	84.000
70.100000	72.100000	41.000
70.100000	72.100000	29.000
70.590000	74.160000	48.000
70.590000	71.580000	68.000
70.590000	71.060000	70.000
71.110000	72.100000	56.000
71.110000	71.580000	72.000
71.630000	72.100000	79.000
71.630000	72.100000	72.000
71.630000	72.100000	62.000
72.150000	74.160000	36.000
72.150000	72.600000	93.000
72.150000	72.600000	77.000
72.150000	72.600000	63.000
72.650000	74.160000	67.000
72.650000	73.120000	63.000
72.650000	73.120000	61.000
73.170000	74.160000	63.000
73.170000	74.160000	51.000
74.210000	75.700000	37.000
74.210000	74.670000	73.000
74.210000	74.670000	68.000
74.210000	74.670000	62.000
74.720000	75.180000	77.000
74.720000	75.180000	68.000
74.720000	75.180000	63.000
75.230000	76.210000	53.000
75.230000	75.700000	73.000
75.750000	77.230000	58.000
75.750000	76.740000	60.000
75.750000	76.210000	37.000
76.260000	77.230000	63.000
76.260000	77.230000	32.000
76.790000	78.270000	60.000
76.790000	78.270000	51.000
76.790000	78.270000	44.000
76.790000	77.230000	92.000
76.790000	77.230000	56.000
77.280000	78.270000	48.000
77.280000	78.270000	32.000
77.280000	77.750000	88.000
77.280000	77.750000	63.000
77.280000	77.750000	61.000
77.800000	79.290000	65.000
77.800000	78.270000	63.000
78.320000	79.800000	77.000
78.320000	79.800000	37.000
78.320000	79.290000	84.000
78.320000	79.290000	73.000
78.320000	79.290000	68.000
78.320000	79.290000	51.000
79.340000	80.310000	65.000
79.340000	79.800000	53.000
79.850000	80.310000	53.000
79.850000	80.310000	37.000
79.850000	80.030000	67.000
80.080000	80.310000	87.000
80.080000	80.310000	49.000
80.360000	81.360000	46.000
80.360000	81.360000	39.000
80.360000	80.830000	93.000
80.360000	80.830000	56.000
80.880000	81.300000	86.000
80.880000	81.300000	68.000
81.410000	82.380000	46.000
81.410000	82.380000	39.000
81.410000	81.850000	55.000
81.410000	81.610000	89.000
81.660000	81.850000	72.000
81.900000	82.110000	92.000
81.900000	82.110000	85.000
82.160000	83.180000	75.000
82.430000	83.180000	72.000
82.430000	83.180000	68.000
82.430000	83.180000	32.000
82.940000	86.510000	51.000
82.940000	84.450000	44.000
82.940000	83.430000	80.000
82.940000	83.180000	84.000
83.230000	84.450000	68.000
83.230000	84.450000	32.000
83.230000	83.430000	73.000
83.230000	83.430000	70.000
83.480000	83.940000	88.000
83.480000	83.940000	75.000
83.480000	83.940000	72.000
83.990000	85.940000	63.000
83.990000	84.450000	73.000
83.990000	84.450000	72.000
84.500000	86.510000	46.000
84.500000	86.510000	39.000
84.500000	84.950000	91.000
84.500000	84.950000	82.000
84.500000	84.950000	75.000
84.500000	84.950000	55.000
84.500000	84.950000	44.000
85.000000	85.470000	86.000
85.000000	85.470000	68.000
85.520000	85.940000	82.000
85.520000	85.940000	72.000
85.520000	85.940000	55.000
85.990000	86.510000	92.000
85.990000	86.510000	85.000
85.990000	86.510000	65.000
85.990000	86.510000	55.000
86.560000	88.550000	29.000
86.560000	88.040000	41.000
86.560000	86.990000	84.000
87.040000	88.040000	68.000
87.040000	87.520000	58.000
87.040000	87.520000	48.000
87.570000	88.550000	56.000
87.570000	88.040000	91.000
88.090000	88.550000	68.000
88.090000	88.550000	61.000
88.090000	88.550000	58.000
88.090000	88.550000	41.000
88.600000	90.610000	36.000
88.600000	89.070000	63.000
89.120000	89.570000	67.000
89.120000	89.570000	63.000
89.120000	89.570000	61.000
89.120000	89.570000	58.000
89.620000	89.870000	63.000
89.620000	89.870000	51.000
89.920000	90.610000	51.000
89.920000	90.090000	68.000
90.140000	92.150000	61.000
90.140000	90.610000	67.000
90.140000	90.610000	63.000
90.660000	92.670000	37.000
90.660000	91.650000	93.000
90.660000	91.650000	77.000
91.700000	92.670000	53.000
91.700000	92.150000	73.000
92.400000	93.180000	58.000
92.400000	92.670000	73.000
92.400000	92.670000	68.000
92.720000	94.710000	44.000
92.720000	94.710000	32.000
93.230000	93.690000	51.000
93.460000	93.690000	58.000
93.740000	94.710000	51.000
93.740000	94.210000	65.000
93.740000	94.210000	61.000
93.740000	94.210000	60.000
93.740000	94.210000	48.000
94.260000	94.710000	87.000
94.260000	94.710000	60.000
94.760000	95.240000	37.000
94.760000	95.180000	44.000
95.290000	96.770000	37.000
95.290000	95.510000	68.000
95.560000	95.750000	67.000
95.560000	95.750000	63.000
95.800000	96.770000	65.000
95.800000	96.720000	53.000
95.800000	96.260000	68.000
96.310000	96.720000	67.000
96.820000	98.830000	39.000
96.820000	97.010000	91.000
96.820000	97.010000	75.000
97.060000	98.040000	46.000
97.060000	97.280000	77.000
97.060000	97.280000	68.000
97.330000	97.540000	86.000
97.590000	97.770000	68.000
97.820000	98.040000	86.000
97.820000	98.040000	55.000
98.090000	98.310000	72.000
98.090000	98.310000	68.000
98.090000	98.310000	55.000
98.360000	98.580000	73.000
98.360000	98.580000	46.000
98.630000	98.830000	75.000
98.630000	98.830000	70.000
98.630000	98.830000	55.000
98.880000	100.890000	32.000
98.880000	100.390000	75.000
98.880000	99.310000	72.000
98.880000	99.310000	68.000
98.880000	99.310000	58.000
99.360000	101.410000	68.000
99.360000	99.840000	84.000
99.360000	99.840000	63.000
99.890000	100.390000	64.000
100.440000	101.920000	75.000
100.440000	100.890000	44.000
100.940000	102.950000	46.000
100.940000	101.980000	39.000
101.460000	101.920000	61.000
102.030000	102.950000	91.000
102.030000	102.950000	76.000
102.030000	102.950000	75.000
102.030000	102.950000	64.000
102.030000	102.950000	58.000
102.030000	102.950000	55.000
102.030000	102.950000	39.000
103.000000	105.000000	41.000
103.000000	105.000000	29.000
103.490000	104.120000	93.000
103.490000	104.120000	84.000
103.490000	104.120000	77.000
104.020000	105.000000	56.000
104.170000	104.480000	77.000
104.530000	106.040000	48.000
104.530000	105.000000	77.000
105.050000	107.060000	36.000
105.550000	106.040000	60.000
106.090000	107.060000	51.000
106.090000	106.540000	73.000
106.090000	106.540000	72.000
106.590000	107.060000	73.000
106.590000	107.060000	72.000
106.590000	107.060000	67.000
106.590000	107.060000	61.000
106.590000	107.060000	32.000
107.110000	109.120000	37.000
107.110000	107.570000	51.000
108.130000	111.170000	60.000
108.130000	109.120000	75.000
108.130000	109.120000	68.000
108.130000	109.120000	53.000
109.170000	111.170000	44.000
109.170000	110.140000	32.000
109.170000	109.640000	37.000
109.690000	110.660000	51.000
110.190000	111.170000	48.000
110.190000	111.170000	32.000
110.190000	110.660000	80.000
110.190000	110.660000	75.000
110.190000	110.660000	55.000
110.710000	111.170000	55.000
110.710000	111.170000	51.000
111.220000	113.230000	37.000
111.220000	111.670000	44.000
111.720000	112.090000	80.000
111.720000	112.090000	60.000
112.320000	113.230000	53.000
112.760000	113.230000	56.000
113.280000	115.280000	39.000
113.280000	114.550000	46.000
113.280000	113.730000	55.000
113.780000	114.240000	82.000
113.780000	114.240000	75.000
113.780000	114.240000	61.000
114.290000	115.280000	55.000
114.290000	114.400000	75.000
114.450000	114.550000	75.000
114.600000	115.280000	76.000
114.600000	115.280000	75.000
114.600000	115.280000	70.000
114.600000	115.280000	64.000
115.330000	117.340000	32.000
115.330000	116.810000	44.000
115.840000	116.310000	61.000
116.360000	116.500000	75.000
116.550000	116.810000	82.000
116.550000	116.810000	75.000
116.860000	117.340000	75.000
116.860000	117.340000	64.000
116.860000	117.340000	44.000
117.390000	118.400000	55.000
117.390000	118.400000	39.000
117.390000	118.360000	46.000
117.920000	118.360000	61.000
118.450000	119.400000	82.000
118.450000	119.400000	76.000
118.450000	119.400000	75.000
118.450000	119.400000	55.000
118.450000	119.400000	46.000
118.450000	119.400000	39.000
119.450000	120.430000	29.000
119.450000	119.910000	72.000
119.450000	119.910000	41.000
119.960000	120.490000	80.000
119.960000	120.490000	77.000
119.960000	120.490000	41.000
119.960000	120.430000	84.000
120.540000	121.460000	77.000
120.540000	121.460000	72.000
120.540000	121.460000	56.000
120.540000	121.460000	41.000
120.540000	121.460000	29.000
121.510000	123.510000	48.000
121.510000	121.970000	36.000
122.020000	122.540000	36.000
122.020000	122.480000	72.000
122.020000	122.480000	67.000
122.020000	122.400000	88.000
122.020000	122.400000	58.000
122.590000	123.510000	73.000
122.590000	123.510000	72.000
122.590000	123.510000	61.000
122.590000	123.510000	59.000
122.590000	123.510000	55.000
122.590000	123.510000	51.000
122.590000	123.510000	36.000
123.560000	125.060000	49.000
123.560000	124.540000	56.000
123.560000	124.030000	65.000
123.560000	124.030000	25.000
124.080000	124.540000	68.000
124.080000	124.540000	37.000
124.080000	124.480000	73.000
124.590000	125.570000	73.000
124.590000	125.570000	53.000
124.590000	125.570000	37.000
125.110000	125.570000	56.000
125.620000	127.630000	44.000
125.620000	127.120000	32.000
126.150000	126.590000	54.000
126.710000	127.630000	48.000
126.710000	127.120000	80.000
126.710000	127.120000	55.000
126.710000	127.120000	51.000
127.170000	127.630000	51.000
127.170000	127.630000	32.000
127.680000	128.710000	37.000
128.760000	129.670000	53.000
128.760000	129.670000	37.000
129.220000	129.670000	68.000
129.720000	132.240000	39.000
129.720000	130.190000	55.000
129.720000	130.190000	46.000
130.240000	130.710000	79.000
130.240000	130.710000	75.000
130.760000	131.750000	76.000
130.760000	131.750000	75.000
130.760000	131.750000	70.000
130.760000	131.750000	55.000
131.800000	133.800000	32.000
131.800000	132.240000	68.000
132.290000	132.410000	68.000
132.460000	133.800000	68.000
132.460000	133.800000	63.000
132.820000	133.800000	80.000
132.820000	133.800000	75.000
132.820000	133.800000	44.000
133.850000	135.850000	55.000
133.850000	135.850000	46.000
133.850000	135.850000	39.000
133.850000	135.210000	91.000
133.850000	134.810000	86.000
134.860000	135.850000	86.000
135.260000	136.350000	91.000
135.260000	135.850000	70.000
135.900000	137.900000	41.000
135.900000	137.900000	29.000
135.900000	136.350000	87.000
135.900000	136.350000	86.000
135.900000	136.350000	80.000
135.900000	136.350000	79.000
135.900000	136.350000	72.000
135.900000	136.350000	39.000
136.400000	137.900000	80.000
136.400000	137.390000	84.000
136.400000	136.870000	87.000
136.400000	136.870000	77.000
136.400000	136.870000	30.000
136.920000	137.900000	87.000
136.920000	137.900000	56.000
137.440000	139.960000	48.000
137.440000	137.900000	68.000
137.950000	139.960000	36.000
137.950000	138.800000	67.000
138.470000	138.800000	88.000
138.470000	138.800000	72.000
138.990000	139.960000	51.000
138.990000	139.450000	72.000
139.500000	139.960000	67.000
140.010000	142.020000	37.000
140.010000	141.500000	49.000
140.010000	140.480000	60.000
140.530000	142.020000	61.000
141.040000	142.020000	53.000
141.550000	145.190000	56.000
142.070000	144.130000	63.000
142.070000	144.070000	32.000
142.070000	143.050000	80.000
142.070000	142.530000	90.000
142.580000	143.050000	75.000
142.580000	143.050000	68.000
143.100000	144.130000	44.000
143.100000	144.070000	48.000
143.610000	144.130000	51.000
144.180000	146.130000	37.000
144.180000	145.190000	89.000
144.180000	145.100000	73.000
144.180000	145.100000	68.000
145.240000	146.130000	53.000
145.240000	145.610000	73.000
145.660000	146.130000	89.000
145.660000	146.130000	73.000
145.660000	146.130000	68.000
146.240000	148.190000	39.000
146.240000	147.160000	82.000
146.240000	147.160000	75.000
146.240000	146.640000	91.000
146.240000	146.640000	55.000
146.240000	146.640000	46.000
146.690000	149.210000	51.000
146.690000	147.160000	91.000
146.690000	147.160000	87.000
147.210000	148.190000	55.000
147.410000	148.190000	91.000
147.410000	148.190000	80.000
147.410000	148.190000	76.000
147.410000	148.190000	70.000
148.330000	150.240000	80.000
148.330000	150.240000	44.000
148.330000	150.240000	32.000
148.330000	149.210000	75.000
148.330000	149.210000	67.000
149.260000	150.240000	84.000
149.260000	150.240000	75.000
149.260000	150.240000	68.000
149.260000	150.240000	64.000
150.290000	152.300000	79.000
150.290000	152.300000	39.000
150.290000	151.270000	55.000
150.290000	151.270000	46.000
150.290000	150.770000	86.000
151.320000	152.300000	86.000
151.320000	152.300000	75.000
151.320000	152.300000	70.000
151.320000	152.300000	55.000
152.350000	154.350000	80.000
152.350000	154.350000	41.000
152.350000	152.810000	79.000
152.350000	152.810000	48.000
152.860000	154.350000	68.000
152.860000	154.350000	29.000
152.860000	153.330000	77.000
152.860000	153.330000	72.000
152.860000	153.330000	30.000
153.380000	154.350000	92.000
153.380000	154.350000	87.000
153.380000	154.350000	56.000
154.400000	156.420000	36.000
154.400000	155.900000	63.000
154.400000	155.900000	48.000
154.400000	154.870000	78.000
154.920000	155.390000	88.000
154.920000	155.390000	72.000
154.920000	155.390000	67.000
154.920000	155.390000	62.000
155.440000	156.420000	51.000
155.440000	155.900000	72.000
155.950000	156.420000	55.000
156.470000	158.470000	37.000
156.470000	156.940000	51.000
157.490000	158.470000	65.000
157.490000	158.470000	53.000
158.520000	159.500000	44.000
158.520000	159.420000	32.000
158.520000	159.000000	84.000
158.520000	159.000000	79.000
158.520000	159.000000	53.000
158.520000	159.000000	37.000
159.050000	160.020000	51.000
159.050000	159.500000	80.000
159.050000	159.500000	73.000
159.050000	159.420000	60.000
159.470000	160.530000	32.000
159.550000	160.530000	48.000
159.550000	160.530000	44.000
160.070000	160.670000	51.000
160.580000	162.580000	49.000
160.580000	160.670000	44.000
160.720000	161.600000	37.000
160.720000	161.550000	84.000
160.720000	161.550000	77.000
161.650000	162.580000	84.000
161.650000	162.580000	77.000
161.650000	162.580000	73.000
161.650000	162.580000	68.000
161.650000	162.580000	53.000
161.650000	162.580000	37.000
162.630000	163.140000	39.000
162.630000	163.090000	46.000
163.190000	164.120000	39.000
163.190000	163.360000	46.000
163.410000	163.620000	75.000
163.670000	164.040000	55.000
163.670000	163.770000	77.000
164.170000	164.620000	79.000
164.170000	164.620000	46.000
164.170000	164.620000	43.000
164.170000	164.620000	39.000
164.670000	165.670000	44.000
164.670000	165.400000	32.000
165.450000	166.710000	68.000
165.450000	166.710000	32.000
165.720000	166.420000	44.000
165.720000	166.180000	87.000
165.720000	166.180000	80.000
165.720000	166.180000	60.000
165.720000	166.180000	51.000
166.230000	166.420000	87.000
166.230000	166.420000	80.000
166.470000	168.800000	51.000
166.470000	166.710000	87.000
166.470000	166.710000	80.000
166.470000	166.710000	60.000
166.470000	166.710000	44.000
166.760000	168.800000	39.000
166.760000	168.540000	46.000
166.760000	167.730000	55.000
166.760000	167.220000	91.000
166.760000	167.220000	86.000
167.270000	167.730000	79.000
167.780000	168.540000	55.000
167.780000	168.280000	80.000
168.330000	168.540000	70.000
168.590000	168.800000	55.000
168.850000	169.770000	29.000
168.850000	169.350000	60.000
168.850000	169.270000	68.000
169.320000	169.770000	41.000
169.400000	169.770000	87.000
169.400000	169.770000	77.000
169.400000	169.770000	68.000
169.890000	170.820000	56.000
169.890000	170.310000	92.000
169.890000	170.310000	87.000
169.890000	170.310000	41.000
170.360000	170.820000	41.000
170.590000	170.820000	80.000
170.590000	170.820000	29.000
170.870000	172.870000	36.000
170.870000	171.570000	67.000
170.870000	171.310000	63.000
171.360000	171.570000	63.000
171.620000	171.830000	67.000
171.880000	172.870000	51.000
171.880000	172.360000	80.000
172.410000	172.630000	67.000
172.680000	172.870000	67.000
172.680000	172.870000	32.000
173.090000	174.950000	37.000
173.700000	176.500000	68.000
173.950000	174.660000	53.000
173.950000	174.410000	80.000
174.460000	174.660000	87.000
174.460000	174.660000	80.000
174.710000	174.950000	87.000
174.710000	174.950000	80.000
174.710000	174.950000	53.000
175.000000	176.500000	32.000
175.000000	175.950000	80.000
175.000000	175.440000	87.000
175.490000	176.970000	44.000
175.490000	176.500000	60.000
175.490000	175.950000	87.000
175.490000	175.950000	51.000
176.000000	176.970000	51.000
176.000000	176.500000	87.000
176.000000	176.500000	80.000
176.000000	176.500000	48.000
176.550000	176.970000	32.000
176.800000	176.970000	67.000
176.800000	176.970000	63.000
177.020000	179.030000	37.000
177.020000	177.740000	77.000
177.790000	178.000000	68.000
178.050000	179.030000	53.000
178.050000	178.750000	87.000
178.050000	178.520000	80.000
178.570000	179.030000	80.000
178.570000	179.030000	77.000
178.800000	179.030000	73.000
178.800000	179.030000	68.000
179.080000	181.080000	39.000
179.080000	180.320000	46.000
179.080000	180.050000	55.000
179.080000	179.780000	91.000
179.080000	179.780000	86.000
179.580000	179.780000	79.000
179.830000	180.050000	79.000
180.100000	180.560000	55.000
180.100000	180.320000	92.000
180.370000	181.080000	46.000
181.130000	183.140000	44.000
181.130000	182.630000	32.000
181.130000	181.580000	87.000
181.630000	182.120000	51.000
181.630000	181.850000	80.000
181.900000	182.120000	80.000
182.170000	182.880000	60.000
182.170000	182.630000	87.000
182.170000	182.630000	80.000
182.170000	182.630000	51.000
182.680000	185.220000	51.000
182.680000	182.880000	87.000
182.680000	182.880000	80.000
182.930000	183.140000	87.000
182.930000	183.140000	80.000
183.190000	185.220000	46.000
183.190000	185.220000	39.000
183.190000	184.970000	79.000
183.190000	184.170000	55.000
183.190000	183.660000	86.000
183.710000	184.170000	86.000
184.220000	184.700000	80.000
184.220000	184.700000	55.000
184.750000	185.220000	55.000
185.020000	185.220000	68.000
185.270000	185.710000	80.000
185.270000	185.710000	60.000
185.270000	185.710000	29.000
185.760000	186.230000	41.000
185.760000	186.010000	80.000
186.060000	186.230000	77.000
186.330000	187.270000	56.000
186.330000	187.030000	60.000
186.330000	186.760000	92.000
186.330000	186.760000	29.000
186.810000	187.270000	41.000
186.810000	187.030000	68.000
187.080000	188.290000	60.000
187.080000	187.270000	68.000
187.080000	187.270000	65.000
187.080000	187.270000	29.000
187.320000	189.320000	36.000
187.320000	188.050000	67.000
187.320000	188.050000	63.000
187.860000	188.050000	58.000
188.100000	188.290000	67.000
188.340000	188.820000	80.000
188.340000	188.820000	72.000
188.340000	188.820000	51.000
188.870000	189.320000	67.000
189.140000	189.320000	79.000
189.140000	189.320000	48.000
189.140000	189.320000	32.000
189.370000	190.100000	68.000
189.370000	190.100000	37.000
189.900000	193.420000	56.000
189.900000	191.380000	61.000
189.900000	190.350000	65.000
189.900000	190.100000	87.000
190.150000	190.870000	68.000
190.150000	190.870000	37.000
190.400000	191.150000	53.000
190.400000	191.090000	65.000
190.400000	190.870000	92.000
190.400000	190.870000	87.000
190.920000	191.150000	37.000
190.920000	191.090000	80.000
191.200000	191.920000	68.000
191.200000	191.380000	53.000
191.200000	191.380000	37.000
191.430000	192.930000	44.000
191.430000	192.690000	32.000
191.430000	191.920000	87.000
191.430000	191.920000	80.000
191.970000	192.930000	60.000
191.970000	192.400000	51.000
192.450000	193.420000	51.000
192.450000	192.690000	80.000
192.450000	192.690000	48.000
192.740000	193.420000	32.000
192.740000	192.930000	48.000
192.980000	193.420000	44.000
193.240000	193.420000	67.000
193.470000	195.490000	37.000
193.470000	194.190000	77.000
194.000000	194.190000	80.000
194.240000	194.470000	77.000
194.240000	194.470000	68.000
194.520000	195.490000	53.000
194.520000	194.970000	73.000
194.520000	194.970000	68.000
195.020000	195.260000	68.000
195.310000	195.490000	68.000
195.540000	196.260000	55.000
195.540000	196.260000	46.000
195.540000	196.260000	39.000
195.540000	196.010000	91.000
195.540000	196.010000	86.000
196.060000	196.510000	79.000
196.360000	197.530000	39.000
196.360000	196.770000	46.000
196.560000	197.030000	55.000
196.560000	196.770000	87.000
196.560000	196.770000	80.000
196.820000	197.300000	46.000
197.080000	197.530000	55.000
197.350000	197.530000	46.000
197.580000	199.090000	32.000
197.580000	197.870000	79.000
197.580000	197.870000	39.000
197.920000	203.700000	80.000
197.920000	201.660000	51.000
197.920000	199.600000	44.000
197.920000	199.090000	87.000
199.650000	201.660000	46.000
199.650000	201.660000	39.000
199.650000	200.630000	55.000
201.710000	205.240000	48.000
201.710000	203.700000	41.000
202.730000	203.700000	56.000
203.750000	205.750000	36.000
203.750000	204.750000	84.000
203.750000	204.750000	82.000
203.750000	204.750000	79.000
203.750000	204.750000	75.000
203.750000	204.750000	72.000
203.750000	204.750000	70.000
204.800000	205.750000	51.000
204.800000	205.240000	87.000
204.800000	205.240000	80.000
205.290000	205.750000	79.000
205.290000	205.750000	48.000
205.800000	207.820000	77.000
205.800000	207.820000	37.000
205.800000	206.810000	48.000
206.860000	207.820000	53.000
207.360000	207.820000	70.000
207.870000	210.060000	75.000
207.870000	209.870000	32.000
207.870000	208.850000	72.000
207.870000	208.850000	63.000
208.900000	209.870000	51.000
208.900000	209.870000	44.000
208.900000	209.360000	48.000
209.920000	211.910000	37.000
210.110000	211.910000	77.000
210.930000	211.910000	53.000
211.960000	213.770000	39.000
211.960000	213.450000	46.000
211.960000	212.950000	79.000
211.960000	212.950000	78.000
211.960000	212.950000	55.000
213.000000	213.770000	79.000
213.000000	213.770000	55.000
213.500000	213.770000	46.000
213.500000	213.720000	43.000
213.820000	214.270000	39.000
213.820000	213.860000	79.000
213.820000	213.860000	46.000
214.030000	215.540000	32.000
214.030000	215.260000	75.000
214.320000	216.050000	68.000
214.320000	215.020000	73.000
214.320000	215.020000	63.000
215.070000	215.640000	63.000
215.070000	215.540000	72.000
215.310000	216.050000	75.000
215.310000	215.540000	44.000
215.590000	218.110000	51.000
215.690000	216.050000	72.000
215.690000	216.050000	63.000
215.690000	216.050000	32.000
216.100000	218.110000	75.000
216.100000	218.110000	46.000
216.100000	218.110000	39.000
216.100000	216.560000	91.000
216.100000	216.560000	55.000
216.610000	217.070000	73.000
217.120000	218.110000	91.000
217.120000	218.110000	84.000
217.120000	218.110000	68.000
217.120000	218.110000	55.000
218.160000	220.150000	72.000
218.160000	220.150000	41.000
218.160000	219.630000	68.000
218.160000	219.630000	29.000
218.160000	219.130000	77.000
218.160000	219.130000	30.000
219.180000	220.150000	56.000
219.180000	219.910000	91.000
219.680000	222.200000	48.000
219.680000	219.910000	79.000
219.960000	220.150000	68.000
220.200000	222.200000	36.000
220.200000	221.700000	72.000
220.200000	220.410000	67.000
220.460000	221.170000	67.000
220.720000	220.910000	65.000
221.220000	222.200000	51.000
221.750000	222.200000	72.000
221.750000	221.940000	67.000
221.750000	221.940000	65.000
221.990000	222.200000	67.000
221.990000	222.200000	63.000
221.990000	222.200000	32.000
222.250000	224.240000	37.000
222.250000	223.740000	68.000
223.290000	224.240000	53.000
223.290000	223.520000	87.000
223.290000	223.520000	84.000
223.290000	223.520000	80.000
223.570000	225.290000	80.000
223.790000	226.300000	75.000
223.790000	224.240000	68.000
224.290000	226.830000	68.000
224.290000	226.300000	32.000
224.290000	225.030000	63.000
224.290000	224.790000	53.000
225.080000	226.300000	63.000
225.340000	226.300000	48.000
225.340000	226.070000	53.000
226.350000	228.380000	56.000
226.460000	228.550000	37.000
226.610000	226.830000	67.000
226.880000	227.860000	68.000
226.880000	227.360000	73.000
226.880000	227.360000	67.000
227.410000	227.860000	53.000
227.910000	228.270000	68.000
228.320000	228.380000	68.000
228.430000	230.190000	51.000
228.430000	229.930000	46.000
228.600000	230.330000	39.000
228.600000	228.900000	75.000
229.110000	229.420000	86.000
229.110000	229.420000	79.000
229.470000	230.020000	55.000
229.640000	230.440000	75.000
229.640000	229.930000	82.000
230.070000	230.190000	55.000
230.380000	230.440000	46.000
230.490000	232.490000	84.000
230.490000	231.980000	72.000
230.490000	231.980000	32.000
230.490000	231.480000	81.000
230.490000	231.480000	68.000
231.530000	232.490000	44.000
232.540000	234.560000	91.000
232.540000	234.560000	82.000
232.540000	234.560000	46.000
232.540000	234.560000	39.000
232.540000	233.020000	55.000
233.070000	233.520000	89.000
233.570000	234.560000	92.000
233.570000	234.560000	55.000
234.610000	236.600000	80.000
234.610000	236.600000	77.000
234.610000	236.600000	41.000
234.610000	236.080000	68.000
234.610000	235.580000	78.000
234.610000	235.580000	48.000
234.610000	235.580000	42.000
235.630000	236.080000	56.000
236.130000	238.660000	60.000
236.130000	236.600000	29.000
236.650000	238.660000	36.000
236.650000	238.180000	79.000
236.650000	238.180000	75.000
236.650000	237.640000	67.000
237.690000	238.660000	51.000
238.230000	238.660000	77.000
238.230000	238.660000	73.000
238.710000	243.820000	80.000
238.710000	240.700000	37.000
239.740000	240.700000	53.000
239.740000	240.190000	89.000
240.240000	242.750000	75.000
240.240000	240.700000	77.000
240.750000	242.750000	63.000
240.750000	242.750000	32.000
240.750000	241.710000	76.000
241.760000	242.750000	51.000
241.760000	242.750000	48.000
241.760000	242.750000	44.000
242.800000	244.810000	37.000
242.800000	243.300000	87.000
242.800000	243.300000	77.000
243.350000	244.330000	68.000
243.350000	243.820000	85.000
243.870000	245.090000	80.000
243.870000	244.810000	53.000
243.870000	244.330000	73.000
244.380000	244.810000	68.000
244.860000	245.480000	39.000
244.860000	245.090000	55.000
244.860000	245.090000	46.000
245.140000	245.480000	75.000
245.140000	245.350000	80.000
245.400000	248.430000	51.000
245.530000	245.860000	39.000
245.650000	245.740000	46.000
245.910000	246.440000	77.000
245.910000	246.230000	39.000
246.280000	246.440000	46.000
246.280000	246.440000	39.000
246.280000	246.380000	43.000
246.490000	247.310000	39.000
246.490000	246.730000	55.000
246.490000	246.730000	46.000
246.930000	248.950000	32.000
246.930000	247.310000	75.000
247.360000	247.680000	72.000
247.360000	247.680000	68.000
247.360000	247.680000	63.000
247.730000	248.950000	68.000
247.730000	247.920000	73.000
247.970000	249.960000	63.000
248.480000	251.000000	51.000
248.480000	248.950000	91.000
248.480000	248.950000	84.000
248.480000	248.950000	73.000
248.480000	248.950000	44.000
249.000000	251.000000	46.000
249.000000	251.000000	39.000
249.000000	249.460000	87.000
249.510000	249.960000	86.000
250.010000	250.480000	82.000
250.010000	250.480000	68.000
250.010000	250.480000	55.000
250.530000	251.000000	85.000
250.530000	251.000000	65.000
251.050000	253.040000	41.000
251.050000	252.530000	29.000
251.050000	251.440000	84.000
251.490000	252.530000	48.000
251.560000	252.530000	68.000
251.560000	252.020000	70.000
252.070000	252.800000	72.000
252.070000	252.800000	56.000
252.580000	255.110000	48.000
252.850000	253.040000	62.000
253.090000	255.110000	36.000
253.090000	253.320000	63.000
253.370000	253.580000	65.000
253.630000	254.610000	63.000
253.630000	254.080000	67.000
253.630000	254.080000	62.000
254.130000	255.110000	51.000
254.130000	254.610000	67.000
254.660000	254.830000	67.000
254.660000	254.830000	61.000
254.880000	255.110000	67.000
254.880000	255.110000	63.000
254.880000	255.110000	32.000
255.160000	257.150000	37.000
255.160000	256.150000	84.000
255.160000	256.150000	77.000
255.160000	256.150000	68.000
255.160000	256.150000	62.000
256.200000	257.150000	53.000
256.200000	256.580000	86.000
256.700000	256.880000	60.000
256.930000	257.150000	70.000
256.930000	257.150000	68.000
257.200000	258.680000	32.000
257.200000	258.190000	63.000
257.200000	257.940000	88.000
257.200000	257.940000	86.000
257.200000	257.940000	79.000
257.200000	257.940000	72.000
257.200000	257.940000	49.000
257.990000	258.940000	44.000
257.990000	258.190000	60.000
257.990000	258.190000	58.000
257.990000	258.190000	51.000
258.240000	258.940000	51.000
258.240000	258.680000	61.000
258.240000	258.680000	60.000
258.240000	258.680000	48.000
258.730000	259.200000	63.000
258.730000	259.200000	32.000
258.730000	258.940000	48.000
258.990000	259.200000	65.000
258.990000	259.200000	60.000
258.990000	259.200000	51.000
258.990000	259.200000	44.000
259.250000	260.750000	37.000
259.250000	260.250000	68.000
259.250000	259.730000	62.000
259.780000	260.750000	77.000
259.780000	260.250000	84.000
259.780000	260.250000	63.000
260.300000	261.250000	53.000
260.800000	261.520000	75.000
260.800000	261.250000	68.000
260.800000	261.250000	67.000
260.800000	261.250000	37.000
261.300000	263.320000	39.000
261.300000	262.560000	46.000
261.570000	261.800000	93.000
261.570000	261.800000	77.000
261.850000	262.810000	55.000
261.850000	262.310000	91.000
261.850000	262.310000	68.000
262.610000	263.070000	46.000
262.610000	262.810000	72.000
262.860000	263.070000	73.000
263.120000	263.320000	82.000
263.120000	263.320000	75.000
263.120000	263.320000	55.000
263.370000	265.370000	32.000
263.370000	264.720000	63.000
263.370000	264.360000	73.000
263.370000	264.360000	72.000
263.370000	264.360000	68.000
263.370000	264.360000	58.000
264.410000	265.370000	72.000
264.410000	264.870000	68.000
264.920000	266.400000	63.000
264.920000	265.370000	73.000
264.920000	265.370000	68.000
265.420000	267.420000	46.000
265.420000	267.420000	39.000
265.420000	265.900000	87.000
265.420000	265.900000	72.000
265.420000	265.900000	55.000
265.950000	266.400000	86.000
265.950000	266.400000	77.000
265.950000	266.400000	68.000
266.450000	266.950000	82.000
266.450000	266.950000	80.000
266.450000	266.950000	72.000
266.450000	266.950000	55.000
267.000000	267.970000	72.000
267.000000	267.420000	85.000
267.000000	267.420000	68.000
267.470000	268.970000	29.000
267.470000	267.970000	68.000
267.470000	267.970000	60.000
267.470000	267.890000	91.000
267.470000	267.890000	39.000
267.470000	267.890000	30.000
267.940000	269.480000	41.000
267.940000	268.460000	48.000
268.020000	268.970000	68.000
268.020000	268.460000	70.000
268.020000	268.460000	67.000
268.020000	268.460000	30.000
268.510000	271.040000	48.000
268.510000	268.970000	56.000
269.020000	269.230000	88.000
269.020000	269.230000	56.000
269.280000	269.480000	62.000
269.280000	269.480000	58.000
269.530000	271.550000	36.000
269.530000	270.020000	79.000
269.530000	270.020000	75.000
269.530000	270.020000	65.000
269.530000	270.020000	61.000
269.530000	270.020000	39.000
270.070000	270.510000	67.000
270.070000	270.290000	63.000
270.340000	270.510000	58.000
270.560000	271.550000	51.000
270.560000	271.040000	68.000
271.090000	271.310000	67.000
271.090000	271.310000	61.000
271.360000	271.550000	68.000
271.600000	273.610000	37.000
271.600000	272.050000	77.000
271.600000	272.050000	62.000
272.100000	272.340000	77.000
272.100000	272.340000	68.000
272.390000	272.590000	67.000
272.390000	272.590000	63.000
272.640000	273.610000	53.000
273.140000	274.150000	63.000
273.140000	273.610000	68.000
273.140000	273.610000	58.000
273.660000	275.510000	32.000
273.660000	274.400000	72.000
273.660000	274.150000	79.000
273.660000	274.150000	61.000
274.450000	274.950000	63.000
274.450000	274.670000	58.000
274.720000	274.950000	79.000
274.720000	274.950000	48.000
275.000000	275.280000	65.000
275.000000	275.280000	61.000
275.000000	275.220000	48.000
275.330000	275.800000	44.000
275.330000	275.680000	51.000
275.330000	275.510000	91.000
275.330000	275.510000	48.000
275.560000	275.800000	63.000
275.560000	275.800000	32.000
275.730000	276.370000	65.000
275.850000	276.590000	37.000
275.850000	276.370000	74.000
275.850000	276.370000	68.000
275.850000	276.370000	32.000
276.420000	276.650000	68.000
276.640000	276.650000	37.000
276.700000	277.230000	37.000
276.700000	276.900000	75.000
276.700000	276.900000	67.000
276.950000	277.570000	65.000
276.950000	277.510000	61.000
276.950000	277.510000	56.000
276.950000	277.230000	63.000
276.950000	277.230000	25.000
277.280000	277.570000	53.000
277.280000	277.570000	37.000
277.280000	277.510000	68.000
277.620000	277.920000	67.000
277.620000	277.920000	63.000
277.620000	277.920000	37.000
277.970000	278.250000	68.000
277.970000	278.250000	53.000
277.970000	278.250000	37.000
278.300000	280.310000	46.000
278.300000	280.310000	39.000
278.300000	279.790000	91.000
278.300000	279.790000	86.000
278.300000	279.790000	77.000
278.300000	279.790000	68.000
278.300000	279.790000	55.000
278.300000	279.790000	37.000
279.840000	280.310000	72.000
279.840000	280.310000	68.000
280.360000	286.200000	39.000
280.360000	282.770000	89.000
280.360000	282.770000	46.000
280.360000	281.690000	75.000
280.360000	281.690000	73.000
280.360000	281.690000	55.000
281.740000	282.770000	65.000
281.900000	282.770000	73.000
281.900000	282.770000	70.000
282.820000	286.200000	91.000
282.820000	286.200000	86.000
282.820000	286.200000	75.000
282.820000	286.200000	55.000
282.820000	286.200000	46.000
286.250000	302.580000	84.000
286.250000	302.580000	80.000
286.250000	302.580000	44.000
286.250000	302.580000	32.000
