0.390000	3.250000	73.000
0.860000	3.250000	80.000
0.860000	3.250000	68.000
0.860000	2.260000	61.000
0.860000	1.770000	77.000
0.860000	1.770000	66.000
1.820000	2.260000	42.000
2.310000	3.740000	61.000
2.310000	3.250000	77.000
2.310000	3.250000	66.000
3.300000	6.340000	73.000
3.790000	6.340000	80.000
3.790000	5.150000	61.000
3.790000	4.670000	77.000
3.790000	4.670000	66.000
5.200000	6.600000	61.000
5.200000	6.110000	77.000
5.200000	6.110000	66.000
6.390000	7.070000	73.000
6.650000	7.670000	61.000
6.650000	7.070000	77.000
6.650000	7.070000	68.000
6.650000	7.070000	66.000
7.120000	7.540000	87.000
7.120000	7.540000	80.000
7.120000	7.540000	68.000
7.720000	8.030000	68.000
7.720000	8.030000	61.000
8.080000	8.140000	77.000
8.080000	8.140000	61.000
8.190000	8.470000	77.000
8.190000	8.470000	68.000
8.190000	8.470000	65.000
8.520000	9.250000	80.000
8.520000	9.250000	68.000
8.520000	8.960000	87.000
9.300000	9.450000	61.000
9.500000	10.880000	61.000
9.500000	9.920000	77.000
9.500000	9.920000	68.000
9.500000	9.920000	66.000
9.970000	10.640000	80.000
9.970000	10.410000	69.000
9.970000	10.410000	68.000
10.460000	10.640000	73.000
10.690000	10.880000	73.000
10.930000	11.380000	77.000
10.930000	11.380000	66.000
10.930000	11.380000	65.000
10.930000	11.380000	61.000
11.430000	11.830000	81.000
11.430000	11.830000	80.000
11.430000	11.830000	68.000
11.880000	12.080000	75.000
11.880000	12.080000	73.000
12.130000	12.320000	75.000
12.370000	13.750000	61.000
12.370000	13.260000	73.000
12.370000	12.790000	85.000
12.370000	12.790000	77.000
12.370000	12.790000	66.000
12.840000	13.490000	80.000
12.840000	13.260000	68.000
13.310000	13.490000	73.000
13.310000	13.490000	68.000
13.310000	13.490000	66.000
13.540000	13.750000	73.000
13.540000	13.750000	66.000
13.800000	15.190000	61.000
13.800000	14.220000	77.000
13.800000	14.220000	68.000
13.800000	14.220000	65.000
14.270000	14.700000	80.000
14.270000	14.700000	69.000
14.270000	14.700000	68.000
14.750000	15.190000	87.000
14.750000	15.190000	75.000
14.750000	15.190000	73.000
15.240000	17.080000	73.000
15.240000	16.190000	61.000
15.240000	15.670000	77.000
15.240000	15.670000	68.000
15.240000	15.670000	65.000
15.720000	16.190000	68.000
16.240000	16.620000	66.000
16.240000	16.620000	61.000
16.670000	18.060000	61.000
16.670000	17.080000	77.000
16.670000	17.080000	65.000
17.130000	17.570000	80.000
17.130000	17.570000	68.000
17.620000	18.060000	75.000
18.110000	19.030000	61.000
18.110000	18.550000	77.000
18.110000	18.550000	73.000
18.110000	18.550000	66.000
18.600000	19.270000	80.000
18.600000	19.270000	68.000
19.080000	19.270000	73.000
19.080000	19.270000	61.000
19.320000	19.490000	73.000
19.320000	19.490000	66.000
19.320000	19.490000	61.000
19.540000	20.470000	61.000
19.540000	19.950000	77.000
19.540000	19.950000	68.000
19.540000	19.950000	65.000
20.000000	20.470000	68.000
20.590000	21.130000	87.000
20.590000	21.130000	75.000
20.590000	21.130000	73.000
20.590000	21.130000	68.000
20.590000	21.130000	61.000
21.180000	21.700000	85.000
21.180000	21.700000	77.000
21.180000	21.700000	73.000
21.180000	21.700000	66.000
21.180000	21.700000	65.000
21.750000	22.420000	80.000
21.750000	22.420000	73.000
21.750000	22.220000	87.000
21.750000	22.220000	85.000
21.750000	22.220000	69.000
21.750000	22.220000	68.000
22.270000	22.620000	68.000
22.270000	22.360000	87.000
22.470000	22.760000	73.000
22.470000	22.620000	87.000
22.470000	22.620000	80.000
22.670000	22.760000	87.000
22.670000	22.760000	68.000
22.810000	22.890000	73.000
22.810000	22.890000	68.000
22.940000	24.950000	73.000
22.940000	23.070000	68.000
23.120000	24.950000	80.000
23.120000	23.170000	68.000
23.220000	25.270000	68.000
23.220000	24.950000	87.000
23.220000	24.950000	77.000
23.220000	24.950000	66.000
25.000000	25.630000	73.000
25.000000	25.630000	66.000
25.000000	25.270000	87.000
25.000000	25.270000	80.000
25.320000	25.750000	68.000
25.320000	25.630000	87.000
25.320000	25.630000	80.000
25.680000	26.070000	80.000
25.800000	25.910000	68.000
25.800000	25.910000	66.000
25.960000	26.070000	87.000
25.960000	26.070000	66.000
26.120000	27.330000	68.000
26.120000	26.270000	87.000
26.120000	26.270000	80.000
26.120000	26.270000	66.000
26.320000	26.590000	87.000
26.320000	26.590000	80.000
26.320000	26.590000	66.000
26.640000	27.330000	87.000
26.640000	27.330000	73.000
26.640000	26.810000	80.000
26.640000	26.810000	66.000
26.860000	27.330000	80.000
26.860000	27.330000	66.000
27.380000	29.200000	73.000
27.380000	28.760000	80.000
27.380000	28.760000	68.000
27.380000	28.760000	66.000
27.380000	28.760000	33.000
28.810000	29.630000	37.000
29.250000	30.070000	73.000
29.250000	29.630000	83.000
29.250000	29.630000	80.000
29.680000	30.580000	49.000
30.630000	32.310000	75.000
30.630000	32.310000	32.000
30.630000	31.860000	68.000
30.630000	31.420000	78.000
30.630000	31.420000	37.000
31.470000	31.860000	60.000
31.910000	32.310000	44.000
32.360000	34.090000	34.000
32.360000	33.200000	77.000
32.360000	32.760000	70.000
32.360000	32.760000	41.000
32.810000	33.650000	80.000
32.810000	33.650000	70.000
33.250000	34.090000	61.000
33.700000	34.540000	65.000
34.140000	35.880000	75.000
34.140000	34.980000	77.000
34.140000	34.980000	29.000
34.140000	34.540000	60.000
34.590000	35.430000	65.000
34.590000	34.980000	72.000
35.030000	35.880000	56.000
35.030000	35.880000	41.000
35.480000	35.880000	79.000
35.480000	35.880000	48.000
35.930000	37.660000	76.000
35.930000	36.760000	66.000
35.930000	36.310000	70.000
35.930000	36.310000	37.000
35.930000	36.310000	30.000
36.360000	37.660000	54.000
36.360000	37.660000	42.000
36.360000	36.760000	49.000
36.810000	37.660000	73.000
36.810000	37.200000	58.000
37.250000	38.990000	61.000
37.710000	39.870000	37.000
37.710000	38.540000	73.000
37.710000	38.120000	75.000
37.710000	38.120000	53.000
38.170000	39.870000	49.000
38.590000	39.430000	53.000
39.040000	39.430000	75.000
39.040000	39.430000	44.000
39.480000	41.200000	42.000
39.480000	40.310000	30.000
39.480000	39.870000	73.000
39.920000	40.310000	73.000
40.360000	40.760000	58.000
40.810000	41.200000	61.000
41.250000	42.990000	44.000
41.250000	41.640000	51.000
41.250000	41.640000	42.000
41.690000	43.430000	68.000
41.690000	42.990000	32.000
41.690000	42.100000	75.000
42.150000	42.530000	79.000
42.150000	42.530000	72.000
42.580000	42.990000	63.000
43.040000	44.310000	37.000
43.040000	43.430000	80.000
43.040000	43.430000	49.000
43.480000	44.770000	65.000
43.480000	44.310000	53.000
44.360000	44.770000	84.000
44.360000	44.770000	80.000
44.820000	46.540000	75.000
44.820000	46.540000	44.000
44.820000	45.660000	80.000
44.820000	45.660000	32.000
45.260000	46.540000	63.000
45.260000	45.660000	60.000
45.710000	46.540000	72.000
45.710000	46.540000	32.000
46.590000	47.430000	77.000
46.590000	47.430000	61.000
46.590000	47.430000	34.000
46.590000	46.990000	70.000
46.590000	46.990000	44.000
47.040000	47.870000	70.000
47.040000	47.430000	65.000
47.480000	48.320000	61.000
47.480000	47.870000	92.000
47.920000	48.320000	65.000
48.370000	49.210000	77.000
48.370000	49.210000	72.000
48.370000	49.210000	41.000
48.370000	48.760000	56.000
48.810000	50.100000	60.000
48.810000	49.650000	65.000
48.810000	49.210000	29.000
49.260000	50.100000	56.000
49.260000	50.100000	41.000
49.260000	49.650000	72.000
49.700000	50.100000	79.000
49.700000	50.100000	72.000
50.150000	51.870000	42.000
50.150000	50.550000	60.000
50.150000	50.550000	30.000
50.600000	51.440000	58.000
50.600000	50.980000	73.000
51.490000	52.330000	80.000
51.490000	52.330000	73.000
51.490000	51.870000	58.000
51.920000	53.650000	68.000
51.920000	53.650000	37.000
51.920000	52.330000	58.000
52.380000	53.220000	44.000
52.380000	52.770000	83.000
52.380000	52.770000	80.000
52.380000	52.770000	73.000
52.380000	52.770000	53.000
52.820000	53.220000	53.000
53.270000	53.650000	90.000
53.270000	53.650000	84.000
53.270000	53.650000	75.000
53.270000	53.650000	44.000
53.700000	55.430000	70.000
53.700000	54.990000	76.000
53.700000	54.990000	66.000
53.700000	54.100000	30.000
54.150000	55.430000	42.000
54.150000	54.990000	58.000
55.040000	55.430000	80.000
55.040000	55.430000	73.000
55.040000	55.430000	58.000
55.480000	55.870000	75.000
55.480000	55.870000	72.000
55.480000	55.870000	68.000
55.480000	55.870000	32.000
55.920000	57.210000	75.000
55.920000	56.780000	68.000
55.920000	56.320000	72.000
56.370000	57.210000	72.000
56.370000	56.780000	79.000
56.830000	57.210000	44.000
57.260000	58.990000	37.000
57.260000	58.090000	80.000
57.260000	58.090000	73.000
57.260000	58.090000	65.000
58.140000	58.990000	73.000
58.140000	58.990000	65.000
58.580000	59.430000	68.000
58.580000	58.990000	77.000
59.040000	60.770000	63.000
59.040000	60.770000	32.000
59.040000	59.430000	80.000
59.040000	59.430000	72.000
59.480000	60.770000	72.000
59.480000	59.870000	68.000
59.920000	60.770000	60.000
59.920000	60.770000	56.000
60.820000	62.550000	34.000
60.820000	61.660000	72.000
60.820000	61.660000	70.000
60.820000	61.660000	65.000
60.820000	61.660000	63.000
60.820000	61.660000	61.000
61.710000	62.550000	61.000
61.710000	62.090000	70.000
62.140000	62.550000	70.000
62.140000	62.480000	65.000
62.600000	64.330000	72.000
62.600000	63.870000	41.000
62.600000	63.430000	77.000
62.600000	63.430000	29.000
62.600000	62.990000	70.000
62.600000	62.990000	68.000
62.600000	62.990000	61.000
63.040000	63.430000	68.000
63.480000	64.330000	56.000
63.480000	63.870000	68.000
63.920000	64.330000	68.000
63.920000	64.330000	60.000
64.380000	65.650000	42.000
64.380000	64.770000	58.000
64.380000	64.770000	49.000
64.820000	66.110000	73.000
64.820000	65.650000	58.000
65.260000	66.110000	66.000
65.260000	66.110000	54.000
65.700000	67.430000	61.000
65.700000	66.110000	58.000
66.160000	67.430000	44.000
66.160000	66.540000	37.000
66.590000	67.430000	53.000
66.590000	66.980000	83.000
66.590000	66.980000	37.000
67.030000	67.930000	65.000
67.480000	68.330000	49.000
67.480000	67.890000	75.000
67.480000	67.890000	44.000
67.980000	68.330000	42.000
67.980000	68.330000	30.000
68.380000	69.710000	73.000
68.380000	69.660000	42.000
68.380000	69.210000	58.000
68.380000	68.770000	78.000
68.820000	69.210000	66.000
69.260000	69.710000	61.000
69.260000	69.710000	58.000
69.260000	69.660000	66.000
69.760000	71.430000	68.000
69.760000	71.430000	32.000
69.760000	70.100000	78.000
69.760000	70.100000	63.000
69.760000	70.100000	42.000
70.150000	71.880000	56.000
70.150000	70.550000	44.000
70.600000	71.430000	91.000
70.600000	71.430000	60.000
71.480000	73.240000	37.000
71.480000	72.330000	73.000
71.480000	71.880000	68.000
71.930000	72.330000	80.000
71.930000	72.330000	77.000
72.380000	73.680000	80.000
72.380000	73.240000	77.000
72.380000	72.790000	73.000
72.840000	74.140000	68.000
72.840000	73.240000	78.000
72.840000	73.240000	73.000
73.290000	75.040000	32.000
73.290000	74.140000	75.000
73.290000	73.680000	72.000
73.730000	74.140000	72.000
73.730000	74.140000	70.000
74.190000	75.040000	44.000
74.190000	74.590000	87.000
74.190000	74.590000	85.000
74.190000	74.590000	60.000
74.640000	75.490000	77.000
74.640000	75.040000	82.000
74.640000	75.040000	78.000
74.640000	75.040000	75.000
75.090000	76.860000	34.000
75.090000	75.490000	78.000
75.090000	75.490000	65.000
75.090000	75.490000	44.000
75.540000	76.860000	77.000
75.540000	76.860000	73.000
75.540000	76.860000	70.000
75.540000	75.930000	87.000
75.980000	76.860000	66.000
75.980000	76.860000	65.000
75.980000	76.860000	61.000
76.910000	77.750000	85.000
76.910000	77.750000	29.000
76.910000	77.300000	77.000
76.910000	77.300000	70.000
76.910000	77.300000	68.000
77.350000	78.210000	68.000
77.350000	78.210000	41.000
77.350000	77.750000	77.000
77.350000	77.750000	66.000
77.800000	78.670000	56.000
77.800000	78.210000	92.000
78.260000	78.720000	68.000
78.260000	78.720000	66.000
78.260000	78.670000	60.000
78.770000	80.020000	82.000
78.770000	79.570000	73.000
78.770000	79.260000	30.000
78.770000	78.990000	66.000
79.040000	79.400000	66.000
79.230000	80.490000	54.000
79.310000	80.490000	42.000
79.450000	79.570000	68.000
79.620000	80.020000	78.000
79.620000	80.020000	73.000
79.620000	80.020000	58.000
80.070000	80.930000	73.000
80.070000	80.490000	65.000
80.540000	81.830000	44.000
80.540000	81.830000	37.000
80.540000	81.360000	80.000
80.540000	80.930000	77.000
80.980000	81.360000	73.000
81.410000	82.290000	49.000
81.410000	81.830000	80.000
81.410000	81.830000	66.000
81.410000	81.830000	63.000
81.410000	81.830000	53.000
81.880000	82.290000	80.000
81.880000	82.290000	70.000
81.880000	82.290000	44.000
81.880000	82.290000	37.000
82.340000	83.480000	66.000
82.340000	83.170000	73.000
82.340000	82.790000	78.000
82.340000	82.790000	30.000
82.340000	82.730000	70.000
82.840000	84.080000	42.000
82.840000	83.630000	82.000
82.840000	83.170000	80.000
82.840000	83.170000	49.000
83.220000	83.480000	78.000
83.220000	83.480000	68.000
83.220000	83.480000	58.000
83.530000	84.310000	78.000
83.680000	84.080000	73.000
83.680000	84.080000	72.000
84.130000	85.420000	44.000
84.130000	84.530000	80.000
84.130000	84.310000	73.000
84.360000	84.980000	32.000
84.360000	84.530000	75.000
84.360000	84.530000	68.000
84.580000	87.280000	68.000
84.580000	84.980000	85.000
84.580000	84.980000	75.000
84.580000	84.980000	72.000
85.030000	85.890000	87.000
85.030000	85.420000	80.000
85.030000	85.420000	60.000
85.470000	86.780000	80.000
85.470000	85.890000	78.000
85.470000	85.890000	44.000
85.940000	87.280000	37.000
85.940000	87.230000	49.000
85.940000	86.780000	89.000
85.940000	86.780000	87.000
85.940000	86.780000	85.000
86.830000	89.040000	80.000
86.830000	87.230000	78.000
86.830000	87.230000	77.000
87.330000	89.040000	68.000
87.330000	88.590000	75.000
87.330000	88.150000	37.000
87.330000	87.700000	78.000
87.330000	87.700000	77.000
87.330000	87.700000	73.000
87.750000	89.500000	32.000
88.200000	88.590000	85.000
88.200000	88.590000	72.000
88.200000	88.590000	70.000
88.200000	88.590000	63.000
88.640000	89.040000	77.000
88.640000	89.040000	75.000
88.640000	89.040000	73.000
89.090000	89.500000	85.000
89.090000	89.500000	82.000
89.090000	89.500000	78.000
89.090000	89.500000	77.000
89.090000	89.500000	75.000
89.090000	89.500000	60.000
89.090000	89.500000	44.000
89.550000	91.310000	46.000
89.550000	90.010000	77.000
89.550000	89.940000	78.000
89.550000	89.940000	61.000
89.550000	89.940000	34.000
90.060000	91.310000	34.000
90.060000	90.850000	73.000
90.060000	90.400000	87.000
90.060000	90.400000	77.000
90.060000	90.400000	70.000
90.450000	91.390000	77.000
90.450000	91.310000	61.000
90.450000	90.850000	70.000
90.900000	91.390000	66.000
90.900000	91.310000	70.000
90.900000	91.310000	65.000
91.440000	92.210000	77.000
91.440000	92.210000	29.000
91.440000	91.770000	66.000
91.440000	91.770000	61.000
91.440000	91.770000	56.000
91.820000	93.130000	41.000
91.820000	92.670000	68.000
91.820000	92.210000	70.000
92.260000	93.180000	92.000
92.260000	93.130000	85.000
92.260000	92.670000	63.000
92.260000	92.670000	56.000
92.720000	93.180000	66.000
92.720000	93.130000	72.000
93.230000	94.480000	70.000
93.230000	94.480000	66.000
93.230000	93.580000	76.000
93.230000	93.580000	61.000
93.230000	93.580000	30.000
93.630000	94.940000	42.000
93.630000	94.030000	82.000
93.630000	94.030000	73.000
93.630000	94.030000	68.000
94.080000	94.480000	85.000
94.080000	94.480000	58.000
94.530000	96.740000	68.000
94.990000	96.280000	44.000
94.990000	96.280000	37.000
95.430000	96.280000	49.000
95.430000	95.830000	66.000
95.430000	95.830000	65.000
95.880000	96.740000	80.000
95.880000	96.280000	53.000
96.330000	96.790000	37.000
96.330000	96.740000	70.000
96.330000	96.740000	44.000
96.840000	97.640000	70.000
96.840000	97.640000	61.000
96.840000	97.640000	30.000
96.840000	97.260000	66.000
97.310000	98.080000	82.000
97.310000	98.080000	42.000
97.310000	97.640000	85.000
97.310000	97.640000	80.000
97.310000	97.640000	49.000
97.690000	98.590000	70.000
97.690000	98.530000	54.000
97.690000	98.080000	85.000
97.690000	98.080000	68.000
97.690000	98.080000	58.000
98.130000	98.590000	61.000
98.130000	98.530000	72.000
98.640000	99.440000	32.000
98.640000	98.990000	68.000
98.880000	98.990000	85.000
99.040000	99.890000	75.000
99.040000	99.890000	68.000
99.040000	99.440000	73.000
99.490000	102.160000	80.000
99.490000	99.890000	60.000
99.940000	100.350000	78.000
99.940000	100.350000	70.000
99.940000	100.350000	63.000
100.400000	102.160000	37.000
100.400000	100.790000	77.000
100.400000	100.790000	73.000
100.400000	100.790000	44.000
100.840000	101.240000	73.000
100.840000	101.240000	68.000
101.290000	101.360000	68.000
101.410000	101.600000	68.000
101.650000	101.800000	68.000
101.850000	102.640000	68.000
102.210000	103.050000	44.000
102.210000	102.600000	80.000
102.210000	102.600000	75.000
102.210000	102.600000	37.000
102.210000	102.600000	32.000
102.690000	103.960000	32.000
102.690000	103.050000	78.000
102.690000	103.050000	68.000
103.100000	103.620000	80.000
103.100000	103.510000	68.000
103.100000	103.510000	60.000
103.560000	103.620000	68.000
103.670000	104.400000	68.000
103.670000	103.960000	80.000
103.670000	103.960000	63.000
103.670000	103.960000	60.000
104.010000	104.880000	34.000
104.010000	104.400000	70.000
104.010000	104.400000	65.000
104.010000	104.400000	44.000
104.450000	105.840000	70.000
104.590000	105.220000	82.000
104.590000	105.220000	58.000
104.930000	105.840000	34.000
104.930000	105.460000	61.000
105.270000	105.460000	82.000
105.510000	105.770000	82.000
105.890000	106.910000	77.000
105.890000	106.830000	41.000
105.890000	106.220000	56.000
105.890000	106.220000	29.000
106.270000	106.670000	81.000
106.720000	107.130000	65.000
106.960000	107.580000	77.000
106.960000	107.130000	48.000
106.960000	107.130000	41.000
107.180000	107.580000	65.000
107.180000	107.580000	60.000
107.630000	108.470000	76.000
107.630000	108.020000	73.000
107.630000	108.020000	70.000
107.630000	108.020000	66.000
107.630000	108.020000	37.000
107.630000	108.020000	30.000
108.070000	108.470000	70.000
108.070000	108.470000	66.000
108.070000	108.470000	61.000
108.520000	109.380000	66.000
108.520000	109.380000	42.000
108.520000	108.910000	58.000
108.960000	109.840000	73.000
108.960000	109.380000	80.000
108.960000	109.380000	78.000
109.430000	111.190000	37.000
109.430000	109.840000	75.000
109.430000	109.840000	66.000
109.430000	109.840000	44.000
109.890000	111.190000	80.000
109.890000	110.280000	73.000
110.330000	110.730000	73.000
110.330000	110.730000	53.000
110.780000	111.630000	73.000
110.780000	111.190000	44.000
111.240000	112.990000	42.000
111.240000	112.080000	30.000
111.680000	112.080000	73.000
112.130000	113.420000	78.000
112.130000	112.530000	85.000
112.130000	112.530000	58.000
112.580000	112.990000	61.000
113.080000	113.890000	44.000
113.080000	113.890000	32.000
113.080000	113.420000	75.000
113.080000	113.420000	61.000
113.470000	113.890000	84.000
113.470000	113.890000	75.000
113.470000	113.890000	68.000
113.940000	114.790000	68.000
113.940000	114.790000	44.000
113.940000	114.490000	60.000
114.540000	116.140000	80.000
114.540000	114.790000	63.000
114.840000	117.000000	37.000
114.840000	115.240000	73.000
115.290000	115.690000	73.000
115.290000	115.690000	68.000
115.740000	116.610000	85.000
115.740000	116.140000	73.000
115.740000	116.140000	68.000
116.190000	117.060000	68.000
116.190000	116.610000	80.000
116.190000	116.610000	73.000
116.660000	117.060000	44.000
116.660000	117.060000	32.000
116.660000	117.000000	80.000
116.660000	117.000000	75.000
117.110000	118.410000	84.000
117.110000	117.960000	44.000
117.110000	117.510000	75.000
117.110000	117.440000	68.000
117.490000	118.410000	32.000
117.490000	117.510000	68.000
117.560000	118.410000	72.000
117.560000	118.410000	68.000
117.560000	118.410000	60.000
117.560000	117.960000	80.000
118.010000	118.410000	75.000
118.010000	118.410000	44.000
118.460000	120.220000	34.000
118.460000	119.100000	70.000
118.460000	118.870000	65.000
118.460000	118.870000	61.000
118.460000	118.870000	44.000
119.150000	120.220000	70.000
119.150000	119.320000	82.000
119.370000	120.220000	61.000
119.370000	120.220000	58.000
119.370000	119.760000	85.000
119.370000	119.760000	82.000
119.810000	120.220000	82.000
119.810000	120.220000	53.000
120.270000	122.030000	41.000
120.270000	121.120000	77.000
120.270000	121.120000	29.000
120.270000	120.670000	56.000
120.720000	122.030000	68.000
120.720000	122.030000	65.000
121.170000	122.030000	56.000
121.170000	121.580000	77.000
121.630000	122.030000	60.000
122.080000	123.830000	76.000
122.080000	123.380000	66.000
122.080000	122.470000	70.000
122.080000	122.470000	61.000
122.080000	122.470000	30.000
122.520000	123.830000	42.000
122.520000	122.930000	82.000
122.520000	122.930000	73.000
122.980000	123.380000	78.000
122.980000	123.380000	58.000
123.430000	124.740000	73.000
123.430000	124.280000	66.000
123.430000	123.830000	80.000
123.880000	124.740000	68.000
123.880000	124.280000	37.000
124.330000	124.740000	80.000
124.790000	126.100000	73.000
124.790000	125.190000	80.000
124.790000	125.190000	53.000
125.240000	125.640000	80.000
125.240000	125.640000	53.000
125.240000	125.640000	44.000
125.690000	127.500000	42.000
125.690000	126.540000	30.000
126.150000	126.540000	88.000
126.150000	126.540000	73.000
126.590000	127.440000	82.000
126.590000	127.440000	78.000
126.590000	127.440000	73.000
126.590000	127.440000	58.000
127.550000	129.250000	32.000
127.550000	127.960000	44.000
127.550000	127.890000	75.000
127.940000	128.790000	56.000
127.940000	127.960000	68.000
128.010000	129.250000	44.000
128.010000	128.790000	68.000
128.010000	128.340000	75.000
128.390000	129.250000	60.000
128.390000	128.790000	80.000
128.840000	129.250000	68.000
128.840000	129.250000	63.000
128.840000	129.250000	56.000
129.300000	131.020000	37.000
129.300000	129.710000	73.000
129.760000	130.140000	73.000
129.760000	130.140000	68.000
130.190000	131.070000	68.000
130.190000	130.540000	73.000
130.590000	131.070000	73.000
131.120000	131.450000	37.000
131.120000	131.290000	68.000
131.340000	131.450000	32.000
131.560000	132.860000	72.000
131.560000	132.860000	32.000
131.560000	131.960000	84.000
131.560000	131.960000	75.000
131.560000	131.960000	68.000
132.010000	132.420000	68.000
132.010000	132.330000	84.000
132.010000	132.330000	60.000
132.380000	132.860000	84.000
132.470000	132.860000	68.000
132.470000	132.860000	63.000
132.910000	133.770000	73.000
132.910000	133.770000	34.000
132.910000	133.320000	65.000
132.910000	133.320000	44.000
133.370000	133.770000	70.000
133.370000	133.710000	82.000
133.820000	136.480000	65.000
133.820000	134.670000	85.000
133.820000	134.670000	73.000
133.820000	134.670000	70.000
133.820000	134.670000	61.000
133.820000	134.670000	34.000
134.720000	136.540000	41.000
134.720000	135.570000	29.000
135.180000	135.570000	87.000
135.180000	135.570000	77.000
135.180000	135.570000	56.000
135.620000	136.540000	56.000
135.620000	136.480000	68.000
135.620000	136.030000	77.000
136.590000	137.540000	76.000
136.590000	136.920000	66.000
136.590000	136.920000	61.000
136.590000	136.920000	30.000
136.970000	137.540000	42.000
136.970000	137.380000	66.000
137.430000	138.270000	54.000
137.430000	137.820000	58.000
137.590000	138.270000	42.000
137.870000	139.190000	61.000
137.870000	138.270000	70.000
137.870000	138.270000	66.000
138.320000	139.020000	80.000
138.320000	138.840000	73.000
138.320000	138.840000	37.000
138.320000	138.750000	75.000
138.320000	138.750000	42.000
138.890000	139.640000	37.000
138.890000	139.020000	73.000
139.070000	139.640000	73.000
139.070000	139.190000	80.000
139.240000	140.260000	61.000
139.240000	139.640000	80.000
139.240000	139.640000	53.000
139.240000	139.640000	44.000
139.690000	140.550000	73.000
139.690000	140.470000	37.000
139.690000	140.100000	80.000
139.690000	140.100000	44.000
140.150000	141.890000	54.000
140.310000	140.990000	42.000
140.310000	140.470000	78.000
140.600000	140.990000	76.000
140.600000	140.990000	73.000
140.600000	140.990000	70.000
140.600000	140.990000	66.000
140.600000	140.990000	30.000
141.040000	141.890000	85.000
141.040000	141.890000	78.000
141.040000	141.890000	70.000
141.040000	141.890000	66.000
141.040000	141.890000	61.000
141.040000	141.890000	58.000
141.940000	142.790000	32.000
141.940000	142.530000	80.000
141.940000	142.530000	44.000
142.370000	142.790000	68.000
142.580000	142.790000	80.000
142.580000	142.790000	44.000
142.840000	143.700000	60.000
142.840000	143.420000	68.000
143.310000	143.700000	44.000
143.470000	143.700000	72.000
143.470000	143.700000	68.000
143.470000	143.700000	63.000
143.470000	143.700000	32.000
143.750000	144.380000	37.000
143.750000	144.150000	73.000
143.750000	144.150000	68.000
144.200000	144.590000	73.000
144.200000	144.380000	68.000
144.430000	144.590000	49.000
144.640000	145.050000	73.000
144.640000	145.050000	68.000
144.640000	145.050000	37.000
144.880000	145.520000	85.000
144.880000	145.460000	80.000
144.880000	145.460000	49.000
145.100000	145.740000	68.000
145.100000	145.520000	73.000
145.100000	145.520000	37.000
145.570000	146.410000	44.000
145.570000	145.740000	37.000
145.790000	145.950000	84.000
145.790000	145.950000	68.000
145.790000	145.950000	32.000
146.000000	146.670000	68.000
146.000000	146.470000	72.000
146.000000	146.470000	56.000
146.000000	146.340000	84.000
146.390000	146.540000	84.000
146.520000	146.870000	72.000
146.590000	147.320000	32.000
146.590000	146.670000	84.000
146.720000	147.320000	68.000
146.720000	146.870000	84.000
146.920000	147.320000	84.000
146.920000	147.320000	80.000
146.920000	147.320000	72.000
147.370000	147.490000	44.000
147.540000	148.220000	34.000
147.540000	148.170000	77.000
147.540000	147.780000	73.000
147.830000	148.670000	73.000
147.830000	148.220000	70.000
148.270000	149.130000	77.000
148.270000	149.130000	70.000
148.270000	149.130000	61.000
148.270000	149.130000	34.000
148.720000	150.940000	65.000
148.720000	149.130000	85.000
148.720000	149.130000	73.000
149.180000	151.000000	41.000
149.180000	150.020000	29.000
149.180000	149.580000	77.000
149.630000	150.490000	68.000
149.630000	150.020000	77.000
150.070000	150.940000	56.000
150.070000	150.490000	77.000
150.540000	150.940000	77.000
150.540000	150.940000	72.000
150.540000	150.940000	68.000
151.050000	152.280000	76.000
151.050000	152.280000	66.000
151.050000	151.390000	61.000
151.050000	151.390000	30.000
151.440000	152.750000	42.000
151.900000	152.280000	82.000
151.900000	152.280000	78.000
152.330000	152.750000	66.000
152.800000	153.240000	80.000
152.800000	153.240000	44.000
152.800000	153.240000	37.000
153.290000	154.550000	49.000
153.290000	154.090000	80.000
153.700000	154.550000	61.000
153.700000	154.150000	53.000
154.200000	154.600000	44.000
154.200000	154.550000	80.000
154.200000	154.550000	73.000
154.650000	156.350000	66.000
154.650000	155.010000	61.000
154.650000	155.010000	30.000
155.060000	156.350000	73.000
155.060000	155.450000	42.000
155.500000	156.350000	42.000
155.500000	155.900000	85.000
155.500000	155.900000	82.000
155.500000	155.900000	78.000
155.500000	155.900000	58.000
155.950000	156.350000	85.000
155.950000	156.350000	78.000
155.950000	156.350000	70.000
155.950000	156.350000	61.000
156.400000	157.450000	68.000
156.400000	157.450000	32.000
156.400000	156.810000	63.000
156.920000	158.160000	44.000
156.920000	157.250000	80.000
156.920000	157.250000	75.000
157.300000	157.700000	60.000
157.500000	158.160000	68.000
157.750000	158.160000	72.000
157.750000	158.160000	63.000
157.750000	158.160000	32.000
158.210000	159.980000	80.000
158.210000	159.980000	37.000
158.210000	158.610000	73.000
158.660000	159.070000	73.000
158.660000	159.070000	68.000
159.120000	159.540000	73.000
159.120000	159.540000	68.000
159.590000	160.420000	68.000
159.590000	159.980000	73.000
160.030000	160.850000	32.000
160.030000	160.590000	72.000
160.030000	160.420000	63.000
160.030000	160.420000	49.000
160.470000	160.590000	68.000
160.640000	160.850000	84.000
160.640000	160.850000	72.000
160.640000	160.850000	68.000
160.900000	161.770000	32.000
160.900000	161.090000	68.000
161.140000	161.320000	91.000
161.140000	161.320000	84.000
161.140000	161.320000	68.000
161.140000	161.320000	60.000
161.370000	161.770000	72.000
161.370000	161.520000	84.000
161.370000	161.520000	68.000
161.570000	161.770000	84.000
161.570000	161.770000	68.000
161.820000	163.580000	34.000
161.820000	162.670000	65.000
161.820000	162.230000	73.000
161.820000	162.230000	70.000
162.280000	162.670000	85.000
162.280000	162.670000	82.000
162.280000	162.670000	73.000
162.280000	162.670000	70.000
162.720000	163.580000	61.000
162.720000	163.130000	85.000
162.720000	163.130000	73.000
162.720000	163.130000	70.000
163.180000	164.030000	77.000
163.180000	163.580000	85.000
163.180000	163.580000	73.000
163.180000	163.580000	70.000
163.630000	164.460000	72.000
163.630000	164.030000	65.000
163.630000	164.030000	56.000
163.630000	164.030000	29.000
164.080000	164.680000	53.000
164.080000	164.460000	84.000
164.080000	164.460000	73.000
164.080000	164.460000	68.000
164.510000	165.330000	56.000
164.510000	164.940000	41.000
164.510000	164.680000	73.000
164.730000	164.880000	72.000
164.990000	165.330000	72.000
164.990000	165.330000	68.000
164.990000	165.330000	41.000
165.450000	165.840000	70.000
165.450000	165.840000	66.000
165.450000	165.840000	61.000
165.450000	165.840000	30.000
165.890000	167.180000	66.000
165.890000	166.290000	85.000
165.890000	166.290000	73.000
166.340000	167.270000	42.000
166.340000	166.730000	85.000
166.340000	166.730000	73.000
166.780000	167.180000	85.000
166.780000	166.940000	73.000
166.990000	167.270000	80.000
166.990000	167.270000	73.000
167.320000	167.870000	73.000
167.320000	167.870000	37.000
167.320000	167.490000	44.000
167.710000	168.090000	49.000
167.920000	168.980000	68.000
167.920000	168.310000	73.000
167.920000	168.020000	37.000
168.140000	168.550000	53.000
168.140000	168.430000	37.000
168.140000	168.310000	44.000
168.480000	169.460000	61.000
168.480000	168.550000	80.000
168.600000	168.980000	56.000
168.600000	168.680000	80.000
168.730000	169.460000	49.000
168.730000	168.980000	44.000
169.030000	169.880000	66.000
169.030000	169.460000	73.000
169.030000	169.460000	44.000
169.030000	169.460000	30.000
169.510000	170.570000	42.000
169.510000	169.880000	78.000
169.510000	169.880000	73.000
169.930000	170.800000	70.000
169.930000	170.800000	66.000
169.930000	170.570000	73.000
169.930000	170.350000	85.000
169.930000	170.350000	82.000
169.930000	170.350000	58.000
170.400000	170.800000	85.000
170.400000	170.570000	78.000
170.400000	170.570000	61.000
170.620000	170.800000	78.000
170.620000	170.800000	73.000
170.620000	170.800000	42.000
170.850000	171.440000	68.000
170.850000	171.440000	32.000
170.850000	171.230000	72.000
170.850000	171.230000	63.000
170.850000	171.230000	61.000
171.320000	171.440000	44.000
171.490000	172.640000	68.000
171.490000	172.640000	32.000
171.490000	171.680000	72.000
171.730000	172.560000	60.000
171.730000	172.560000	44.000
171.730000	172.170000	80.000
171.730000	172.170000	73.000
172.690000	174.440000	37.000
172.690000	173.060000	73.000
173.110000	174.440000	85.000
173.110000	173.400000	73.000
173.110000	173.400000	68.000
173.450000	173.500000	73.000
173.550000	174.440000	73.000
173.550000	174.440000	68.000
174.490000	175.060000	72.000
174.490000	175.060000	32.000
174.490000	174.870000	84.000
174.490000	174.870000	63.000
174.920000	175.310000	44.000
174.920000	175.060000	84.000
175.110000	175.310000	84.000
175.110000	175.310000	72.000
175.360000	175.960000	44.000
175.360000	175.540000	60.000
175.590000	176.190000	72.000
175.590000	175.750000	68.000
175.800000	176.190000	68.000
175.800000	175.960000	60.000
176.010000	176.190000	84.000
176.010000	176.190000	44.000
176.240000	178.040000	34.000
176.240000	177.130000	65.000
176.240000	176.680000	73.000
176.730000	177.980000	70.000
176.730000	177.130000	73.000
177.180000	178.040000	61.000
177.180000	177.530000	85.000
177.180000	177.530000	73.000
177.580000	178.040000	73.000
177.580000	177.980000	85.000
177.580000	177.980000	82.000
178.090000	178.540000	56.000
178.090000	178.540000	29.000
178.090000	178.480000	72.000
178.090000	178.480000	65.000
178.590000	179.140000	68.000
178.590000	178.920000	72.000
178.590000	178.920000	53.000
178.970000	179.810000	56.000
178.970000	179.140000	73.000
179.190000	179.850000	41.000
179.190000	179.810000	72.000
179.190000	179.400000	77.000
179.190000	179.400000	68.000
179.450000	179.850000	68.000
179.450000	179.850000	65.000
179.450000	179.810000	60.000
179.900000	181.640000	42.000
179.900000	180.480000	73.000
179.900000	180.480000	30.000
180.340000	181.170000	85.000
180.530000	180.730000	73.000
180.780000	181.170000	74.000
180.780000	181.170000	73.000
180.780000	181.170000	66.000
180.780000	181.170000	58.000
181.220000	181.640000	66.000
181.220000	181.390000	85.000
181.220000	181.390000	73.000
181.440000	182.200000	73.000
181.690000	182.200000	37.000
181.690000	182.080000	85.000
181.690000	182.030000	44.000
182.250000	183.450000	68.000
182.250000	182.770000	73.000
182.250000	182.540000	37.000
182.590000	183.000000	49.000
182.590000	182.770000	85.000
182.820000	183.000000	80.000
183.050000	183.450000	56.000
183.050000	183.450000	49.000
183.560000	185.260000	42.000
183.560000	184.110000	73.000
183.560000	183.920000	85.000
183.560000	183.920000	78.000
183.560000	183.920000	37.000
183.560000	183.920000	30.000
184.160000	184.340000	73.000
184.390000	184.810000	85.000
184.390000	184.810000	78.000
184.390000	184.810000	73.000
184.390000	184.810000	58.000
184.860000	185.260000	85.000
184.860000	185.260000	78.000
184.860000	185.260000	73.000
185.310000	185.720000	44.000
185.310000	185.550000	91.000
185.310000	185.550000	84.000
185.310000	185.550000	61.000
185.600000	187.080000	32.000
185.770000	187.080000	84.000
185.770000	186.810000	68.000
185.770000	186.150000	72.000
185.770000	186.150000	63.000
186.200000	186.810000	72.000
186.200000	186.620000	60.000
186.670000	187.080000	44.000
186.860000	187.520000	68.000
186.860000	187.080000	72.000
186.860000	187.080000	63.000
186.860000	187.080000	60.000
187.130000	189.790000	73.000
187.130000	188.940000	37.000
187.130000	187.970000	80.000
187.130000	187.520000	85.000
187.570000	187.840000	85.000
187.570000	187.840000	68.000
187.890000	188.520000	68.000
187.890000	187.970000	85.000
188.020000	188.940000	85.000
188.020000	188.940000	80.000
188.020000	188.940000	49.000
188.020000	188.520000	65.000
188.570000	189.790000	68.000
188.990000	189.910000	80.000
188.990000	189.790000	32.000
188.990000	189.330000	77.000
189.380000	190.680000	44.000
189.380000	189.790000	85.000
189.380000	189.790000	78.000
189.840000	190.270000	32.000
189.840000	189.910000	68.000
189.960000	190.270000	77.000
189.960000	190.270000	68.000
189.960000	190.240000	60.000
190.320000	192.940000	73.000
190.320000	190.680000	68.000
190.320000	190.680000	63.000
190.320000	190.680000	32.000
190.730000	192.500000	34.000
190.730000	191.590000	61.000
190.730000	191.140000	70.000
191.190000	191.590000	77.000
191.190000	191.590000	70.000
191.640000	192.500000	70.000
191.640000	192.500000	61.000
192.070000	192.500000	65.000
192.550000	193.850000	53.000
192.550000	192.730000	68.000
192.550000	192.730000	61.000
192.780000	194.300000	41.000
192.780000	193.400000	68.000
192.780000	192.940000	29.000
192.990000	194.300000	75.000
192.990000	193.400000	61.000
193.450000	194.300000	68.000
193.450000	194.300000	56.000
193.450000	193.850000	73.000
193.900000	194.300000	72.000
194.350000	196.130000	70.000
194.350000	196.130000	66.000
194.350000	195.650000	76.000
194.350000	195.650000	61.000
194.350000	194.760000	30.000
194.810000	196.130000	54.000
194.810000	196.130000	42.000
195.250000	196.130000	73.000
195.250000	195.650000	78.000
195.250000	195.650000	58.000
195.700000	197.010000	61.000
195.700000	196.130000	63.000
196.180000	197.920000	37.000
196.180000	197.450000	77.000
196.180000	197.010000	80.000
196.180000	196.570000	73.000
196.180000	196.570000	44.000
196.620000	198.360000	73.000
196.620000	197.450000	44.000
197.060000	197.450000	80.000
197.060000	197.450000	53.000
197.500000	197.920000	53.000
197.500000	197.920000	44.000
197.970000	199.260000	70.000
197.970000	199.260000	66.000
197.970000	198.360000	30.000
198.410000	199.720000	54.000
198.410000	198.810000	42.000
198.860000	199.720000	73.000
198.860000	199.720000	42.000
198.860000	199.260000	58.000
199.310000	200.610000	61.000
199.310000	199.720000	71.000
199.770000	201.530000	32.000
199.770000	200.610000	63.000
199.770000	200.170000	78.000
199.770000	200.170000	68.000
200.220000	201.960000	68.000
200.220000	200.610000	84.000
200.660000	203.330000	61.000
200.660000	201.530000	63.000
200.660000	201.530000	60.000
201.580000	203.540000	37.000
201.580000	202.410000	77.000
201.580000	201.960000	83.000
202.010000	203.330000	73.000
202.010000	202.860000	68.000
202.460000	202.860000	77.000
202.910000	203.540000	68.000
202.910000	203.330000	77.000
203.380000	203.540000	44.000
203.590000	204.230000	44.000
203.590000	203.770000	80.000
203.590000	203.770000	77.000
203.820000	205.140000	84.000
203.820000	204.230000	82.000
203.820000	204.230000	75.000
204.280000	205.140000	32.000
204.280000	204.670000	77.000
204.280000	204.670000	72.000
204.720000	205.140000	78.000
204.720000	205.140000	72.000
204.720000	205.140000	63.000
205.190000	206.950000	34.000
205.190000	205.580000	70.000
205.190000	205.580000	65.000
205.190000	205.580000	60.000
205.190000	205.580000	44.000
205.630000	206.950000	77.000
205.630000	206.950000	73.000
205.630000	206.950000	70.000
205.630000	206.030000	86.000
206.080000	206.950000	61.000
206.530000	206.950000	65.000
207.000000	207.850000	56.000
207.000000	207.850000	29.000
207.000000	207.390000	77.000
207.440000	208.290000	68.000
207.440000	208.290000	65.000
207.440000	207.850000	78.000
207.440000	207.850000	75.000
207.900000	208.760000	56.000
207.900000	208.290000	77.000
207.900000	208.290000	73.000
207.900000	208.290000	41.000
208.340000	208.760000	75.000
208.340000	208.760000	68.000
208.340000	208.760000	60.000
208.810000	210.570000	42.000
208.810000	210.100000	73.000
208.810000	209.650000	30.000
209.700000	210.100000	80.000
209.700000	210.100000	58.000
210.150000	210.570000	73.000
210.150000	210.570000	63.000
210.620000	211.910000	44.000
210.620000	211.020000	73.000
210.620000	211.020000	53.000
210.620000	211.020000	37.000
211.070000	212.810000	37.000
211.070000	211.910000	77.000
211.070000	211.460000	80.000
211.070000	211.460000	73.000
211.510000	212.370000	68.000
211.510000	212.370000	53.000
211.960000	212.370000	80.000
211.960000	212.370000	75.000
211.960000	212.370000	44.000
212.420000	214.170000	73.000
212.420000	214.170000	70.000
212.420000	214.170000	66.000
212.420000	212.810000	30.000
212.860000	214.170000	42.000
212.860000	213.270000	58.000
213.320000	214.170000	89.000
213.320000	214.170000	80.000
213.320000	214.170000	71.000
213.320000	214.170000	58.000
214.220000	216.120000	44.000
214.220000	216.120000	32.000
214.220000	214.620000	75.000
214.220000	214.620000	42.000
214.670000	215.980000	84.000
214.670000	215.980000	75.000
214.670000	215.070000	82.000
215.120000	215.580000	79.000
215.120000	215.580000	72.000
215.120000	215.580000	68.000
215.120000	215.580000	63.000
215.630000	216.120000	68.000
215.630000	215.980000	72.000
215.630000	215.980000	63.000
216.030000	217.790000	49.000
216.170000	217.790000	37.000
216.170000	216.880000	80.000
216.170000	216.420000	73.000
216.470000	217.790000	73.000
216.470000	216.880000	78.000
216.470000	216.880000	77.000
216.930000	217.980000	80.000
216.930000	217.790000	85.000
216.930000	217.790000	77.000
217.910000	217.980000	37.000
218.030000	219.140000	44.000
218.030000	219.140000	32.000
218.030000	218.240000	80.000
218.290000	219.590000	75.000
218.290000	218.690000	70.000
218.740000	219.140000	73.000
218.740000	219.140000	60.000
219.190000	220.050000	77.000
219.190000	219.590000	87.000
219.190000	219.590000	82.000
219.190000	219.590000	78.000
219.640000	220.050000	78.000
219.640000	220.050000	65.000
219.640000	220.050000	44.000
219.640000	220.050000	34.000
220.100000	221.850000	73.000
220.100000	220.490000	87.000
220.100000	220.490000	77.000
220.100000	220.490000	70.000
220.540000	221.410000	77.000
220.540000	221.410000	70.000
220.540000	221.410000	61.000
220.990000	221.410000	66.000
220.990000	221.410000	65.000
221.460000	221.850000	77.000
221.460000	221.650000	85.000
221.460000	221.650000	68.000
221.900000	222.300000	68.000
221.900000	222.300000	66.000
221.900000	222.300000	41.000
222.350000	223.210000	41.000
222.350000	222.760000	77.000
222.350000	222.760000	68.000
222.810000	223.210000	66.000
223.260000	223.720000	82.000
223.260000	223.720000	66.000
223.260000	223.720000	30.000
223.260000	223.670000	78.000
223.260000	223.670000	68.000
223.260000	223.670000	61.000
223.770000	225.020000	85.000
223.770000	225.020000	42.000
223.770000	224.120000	82.000
223.770000	224.120000	68.000
224.170000	225.380000	65.000
224.170000	225.020000	78.000
224.170000	225.020000	73.000
224.170000	225.020000	58.000
225.070000	226.370000	44.000
225.070000	225.470000	80.000
225.070000	225.470000	73.000
225.070000	225.470000	37.000
225.070000	225.380000	77.000
225.520000	226.820000	37.000
225.520000	225.910000	80.000
225.520000	225.910000	73.000
225.960000	228.170000	73.000
225.960000	226.370000	80.000
225.960000	226.370000	66.000
225.960000	226.370000	63.000
225.960000	226.370000	53.000
226.420000	226.820000	80.000
226.420000	226.820000	49.000
226.420000	226.820000	44.000
226.870000	227.550000	66.000
226.870000	227.550000	30.000
226.870000	227.270000	78.000
226.870000	227.270000	70.000
227.320000	227.730000	70.000
227.320000	227.550000	54.000
227.600000	228.630000	54.000
227.600000	227.730000	68.000
227.780000	228.630000	78.000
227.780000	228.630000	42.000
227.780000	228.170000	70.000
227.780000	228.170000	58.000
227.780000	228.170000	49.000
228.220000	228.630000	73.000
228.220000	228.630000	72.000
228.680000	229.530000	32.000
228.680000	229.080000	75.000
228.680000	229.080000	70.000
228.680000	229.080000	68.000
228.680000	229.080000	61.000
229.130000	230.450000	68.000
229.130000	229.970000	75.000
229.130000	229.530000	85.000
229.130000	229.530000	84.000
229.130000	229.530000	70.000
229.580000	230.450000	80.000
230.020000	230.450000	78.000
230.020000	230.450000	77.000
230.020000	230.450000	75.000
230.020000	230.450000	60.000
230.500000	231.830000	37.000
230.500000	230.870000	80.000
230.500000	230.870000	77.000
230.500000	230.870000	73.000
230.920000	232.680000	87.000
230.920000	231.830000	77.000
230.920000	231.830000	73.000
230.920000	231.320000	80.000
231.370000	233.140000	80.000
231.370000	231.770000	78.000
231.880000	232.680000	75.000
231.880000	232.250000	78.000
231.880000	232.250000	77.000
231.880000	232.250000	73.000
231.880000	232.250000	68.000
231.880000	232.250000	37.000
232.300000	234.040000	32.000
232.300000	233.140000	68.000
232.730000	233.580000	75.000
232.730000	233.140000	85.000
232.730000	233.140000	70.000
233.190000	233.580000	85.000
233.190000	233.580000	77.000
233.630000	234.490000	85.000
233.630000	234.490000	77.000
233.630000	234.040000	92.000
233.630000	234.040000	75.000
233.630000	234.040000	60.000
233.630000	234.040000	44.000
234.090000	235.860000	34.000
234.090000	234.490000	73.000
234.090000	234.490000	70.000
234.090000	234.490000	65.000
234.540000	234.950000	70.000
234.540000	234.710000	77.000
234.540000	234.710000	73.000
235.000000	235.860000	77.000
235.000000	235.860000	61.000
235.440000	235.930000	66.000
235.440000	235.860000	70.000
235.440000	235.860000	65.000
235.980000	237.200000	53.000
235.980000	236.300000	68.000
235.980000	236.300000	66.000
236.350000	237.200000	75.000
236.350000	237.200000	70.000
236.350000	237.200000	68.000
236.350000	237.200000	65.000
236.350000	237.200000	29.000
237.250000	238.560000	73.000
237.250000	238.120000	66.000
237.250000	237.670000	72.000
237.250000	237.670000	41.000
237.780000	238.180000	42.000
237.780000	238.180000	30.000
237.780000	238.120000	82.000
237.780000	238.120000	78.000
238.230000	239.480000	42.000
238.230000	238.560000	92.000
238.230000	238.560000	85.000
238.230000	238.560000	82.000
238.230000	238.560000	49.000
238.610000	239.010000	82.000
238.610000	239.010000	73.000
238.610000	239.010000	68.000
239.060000	240.370000	68.000
239.060000	239.480000	73.000
239.060000	239.480000	58.000
239.530000	241.720000	37.000
239.530000	240.820000	44.000
239.530000	240.370000	80.000
239.530000	240.370000	77.000
239.530000	240.370000	75.000
239.530000	240.370000	66.000
240.420000	241.310000	68.000
240.420000	240.820000	73.000
240.420000	240.820000	63.000
240.420000	240.820000	53.000
240.870000	241.310000	80.000
240.870000	241.310000	75.000
240.870000	241.310000	70.000
240.870000	241.310000	44.000
241.360000	243.080000	66.000
241.360000	242.620000	92.000
241.360000	241.720000	70.000
241.360000	241.720000	30.000
241.770000	243.080000	73.000
241.770000	243.080000	42.000
241.770000	242.620000	82.000
241.770000	242.180000	68.000
242.230000	242.620000	78.000
242.230000	242.620000	58.000
242.670000	243.560000	61.000
242.670000	243.080000	84.000
242.670000	243.080000	78.000
243.130000	245.650000	32.000
243.130000	243.560000	70.000
243.130000	243.560000	68.000
243.130000	243.560000	63.000
243.610000	244.870000	75.000
243.610000	244.870000	68.000
243.610000	244.130000	73.000
244.180000	244.870000	87.000
244.180000	244.870000	80.000
244.180000	244.870000	77.000
244.180000	244.870000	73.000
244.180000	244.870000	72.000
244.920000	246.980000	44.000
244.920000	245.650000	82.000
244.920000	245.650000	80.000
244.920000	245.650000	78.000
244.920000	245.650000	51.000
245.700000	246.280000	80.000
245.700000	246.280000	78.000
245.700000	246.280000	72.000
245.700000	246.280000	32.000
246.330000	246.980000	80.000
246.330000	246.980000	72.000
247.030000	257.760000	77.000
247.030000	257.760000	73.000
247.030000	257.760000	37.000
247.030000	257.760000	34.000
