0.092880	0.092880	1
0.708209	0.708209	2
1.323537	1.323537	3
1.927256	1.927256	4
2.554195	2.554195	1
3.169524	3.169524	2
3.819683	3.819683	3
4.446621	4.446621	4
5.050340	5.050340	1
5.700499	5.700499	2
6.315828	6.315828	3
6.919546	6.919546	4
7.534875	7.534875	1
8.161814	8.161814	2
8.800363	8.800363	3
9.450522	9.450522	4
10.100680	10.100680	1
10.739229	10.739229	2
11.389388	11.389388	3
12.027937	12.027937	4
12.678095	12.678095	1
13.328254	13.328254	2
13.978413	13.978413	3
14.640181	14.640181	4
15.301950	15.301950	1
15.905669	15.905669	2
16.520998	16.520998	3
17.124717	17.124717	4
17.751655	17.751655	1
18.413424	18.413424	2
19.063583	19.063583	3
19.736961	19.736961	4
20.340680	20.340680	1
20.909569	20.909569	2
21.536508	21.536508	3
22.163447	22.163447	4
22.813605	22.813605	1
23.452154	23.452154	2
24.067483	24.067483	3
24.682812	24.682812	4
25.298141	25.298141	1
25.913469	25.913469	2
26.563628	26.563628	3
27.178957	27.178957	4
27.794286	27.794286	1
28.421224	28.421224	2
29.048163	29.048163	3
29.675102	29.675102	4
30.255601	30.255601	1
30.847710	30.847710	2
31.474649	31.474649	3
32.089977	32.089977	4
32.682086	32.682086	1
33.285805	33.285805	2
33.889524	33.889524	3
34.481633	34.481633	4
35.038912	35.038912	1
35.631020	35.631020	2
36.246349	36.246349	3
36.873288	36.873288	4
37.488617	37.488617	1
38.103946	38.103946	2
38.707664	38.707664	3
39.311383	39.311383	4
39.938322	39.938322	1
40.542041	40.542041	2
41.157370	41.157370	3
41.784308	41.784308	4
42.399637	42.399637	1
43.003356	43.003356	2
43.641905	43.641905	3
44.268844	44.268844	4
44.884172	44.884172	1
45.499501	45.499501	2
46.126440	46.126440	3
46.741769	46.741769	4
47.357098	47.357098	1
47.925986	47.925986	2
48.529705	48.529705	3
49.133424	49.133424	4
49.737143	49.737143	1
50.329252	50.329252	2
50.909751	50.909751	3
51.501859	51.501859	4
52.070748	52.070748	1
52.674467	52.674467	2
53.254966	53.254966	3
53.835465	53.835465	4
54.415964	54.415964	1
55.008073	55.008073	2
55.600181	55.600181	3
56.192290	56.192290	4
56.784399	56.784399	1
57.388118	57.388118	2
57.991837	57.991837	3
58.583946	58.583946	4
59.187664	59.187664	1
59.779773	59.779773	2
60.395102	60.395102	3
60.987211	60.987211	4
61.614150	61.614150	1
62.229478	62.229478	2
62.740317	62.740317	3
63.251156	63.251156	4
63.750385	63.750385	1
64.156735	64.156735	2
64.528254	64.528254	3
64.911383	64.911383	4
65.306122	65.306122	1
65.700862	65.700862	2
66.095601	66.095601	3
66.478730	66.478730	4
66.931519	66.931519	1
67.384308	67.384308	2
67.860317	67.860317	3
68.336327	68.336327	4
68.847166	68.847166	1
69.346395	69.346395	2
69.834014	69.834014	3
70.263583	70.263583	4
70.693152	70.693152	1
71.134331	71.134331	2
71.575510	71.575510	3
72.016689	72.016689	4
72.457868	72.457868	1
72.899048	72.899048	2
73.340227	73.340227	3
73.781406	73.781406	4
74.222585	74.222585	1
74.698594	74.698594	2
75.139773	75.139773	3
75.569342	75.569342	4
76.010522	76.010522	1
76.474921	76.474921	2
76.927710	76.927710	3
77.368889	77.368889	4
77.798458	77.798458	1
78.239637	78.239637	2
78.680816	78.680816	3
79.121995	79.121995	4
79.574785	79.574785	1
80.027574	80.027574	2
80.468753	80.468753	3
80.909932	80.909932	4
81.374331	81.374331	1
81.815510	81.815510	2
82.268299	82.268299	3
82.732698	82.732698	4
83.173878	83.173878	1
83.615057	83.615057	2
84.067846	84.067846	3
84.509025	84.509025	4
84.950204	84.950204	1
85.391383	85.391383	2
85.832562	85.832562	3
86.273741	86.273741	4
86.726531	86.726531	1
87.179320	87.179320	2
87.632109	87.632109	3
88.084898	88.084898	4
88.526077	88.526077	1
88.967256	88.967256	2
89.408435	89.408435	3
89.849615	89.849615	4
90.290794	90.290794	1
90.743583	90.743583	2
91.184762	91.184762	3
91.637551	91.637551	4
92.078730	92.078730	1
92.531519	92.531519	2
92.984308	92.984308	3
93.425488	93.425488	4
93.878277	93.878277	1
94.331066	94.331066	2
94.783855	94.783855	3
95.213424	95.213424	4
95.654603	95.654603	1
96.107392	96.107392	2
96.548571	96.548571	3
96.989751	96.989751	4
97.442540	97.442540	1
97.895329	97.895329	2
98.348118	98.348118	3
98.800907	98.800907	4
99.242086	99.242086	1
99.671655	99.671655	2
100.112834	100.112834	3
100.542404	100.542404	4
100.983583	100.983583	1
101.413152	101.413152	2
101.831111	101.831111	3
102.260680	102.260680	4
102.701859	102.701859	1
103.131429	103.131429	2
103.560998	103.560998	3
103.990567	103.990567	4
104.420136	104.420136	1
104.861315	104.861315	2
105.302494	105.302494	3
105.732063	105.732063	4
106.150023	106.150023	1
106.567982	106.567982	2
106.997551	106.997551	3
107.427120	107.427120	4
107.856689	107.856689	1
108.286259	108.286259	2
108.727438	108.727438	3
109.157007	109.157007	4
109.586576	109.586576	1
110.004535	110.004535	2
110.434104	110.434104	3
110.875283	110.875283	4
111.304853	111.304853	1
111.734422	111.734422	2
112.163991	112.163991	3
112.593560	112.593560	4
113.034739	113.034739	1
113.452698	113.452698	2
113.893878	113.893878	3
114.323447	114.323447	4
114.753016	114.753016	1
115.182585	115.182585	2
115.623764	115.623764	3
116.053333	116.053333	4
116.494512	116.494512	1
116.912472	116.912472	2
117.342041	117.342041	3
117.771610	117.771610	4
118.201179	118.201179	1
118.630748	118.630748	2
119.060317	119.060317	3
119.489887	119.489887	4
119.907846	119.907846	1
120.337415	120.337415	2
120.766984	120.766984	3
121.196553	121.196553	4
121.626122	121.626122	1
122.055692	122.055692	2
122.485261	122.485261	3
122.926440	122.926440	4
123.356009	123.356009	1
123.785578	123.785578	2
124.203537	124.203537	3
124.633107	124.633107	4
125.074286	125.074286	1
125.503855	125.503855	2
125.933424	125.933424	3
126.351383	126.351383	4
126.780952	126.780952	1
127.222132	127.222132	2
127.651701	127.651701	3
128.081270	128.081270	4
128.522449	128.522449	1
128.952018	128.952018	2
129.381587	129.381587	3
129.811156	129.811156	4
130.229116	130.229116	1
130.658685	130.658685	2
131.088254	131.088254	3
131.529433	131.529433	4
131.959002	131.959002	1
132.400181	132.400181	2
132.841361	132.841361	3
133.270930	133.270930	4
133.700499	133.700499	1
134.130068	134.130068	2
134.548027	134.548027	3
134.965986	134.965986	4
135.395556	135.395556	1
135.825125	135.825125	2
136.243084	136.243084	3
136.672653	136.672653	4
137.102222	137.102222	1
137.543401	137.543401	2
137.972971	137.972971	3
138.402540	138.402540	4
138.832109	138.832109	1
139.273288	139.273288	2
139.691247	139.691247	3
140.132426	140.132426	4
140.573605	140.573605	1
141.003175	141.003175	2
141.444354	141.444354	3
141.873923	141.873923	4
142.303492	142.303492	1
142.733061	142.733061	2
143.162630	143.162630	3
143.592200	143.592200	4
144.010159	144.010159	1
144.439728	144.439728	2
144.869297	144.869297	3
145.298866	145.298866	4
145.740045	145.740045	1
146.169615	146.169615	2
146.599184	146.599184	3
147.028753	147.028753	4
147.458322	147.458322	1
147.887891	147.887891	2
148.317460	148.317460	3
148.735420	148.735420	4
149.153379	149.153379	1
149.594558	149.594558	2
150.035737	150.035737	3
150.465306	150.465306	4
150.894875	150.894875	1
151.336054	151.336054	2
151.765624	151.765624	3
152.195193	152.195193	4
152.624762	152.624762	1
153.054331	153.054331	2
153.483900	153.483900	3
153.913469	153.913469	4
154.343039	154.343039	1
154.772608	154.772608	2
155.202177	155.202177	3
155.643356	155.643356	4
156.072925	156.072925	1
156.502494	156.502494	2
156.920454	156.920454	3
157.361633	157.361633	4
157.802812	157.802812	1
158.220771	158.220771	2
158.650340	158.650340	3
159.079909	159.079909	4
159.509478	159.509478	1
159.939048	159.939048	2
160.380227	160.380227	3
160.809796	160.809796	4
161.239365	161.239365	1
161.657324	161.657324	2
162.086893	162.086893	3
162.516463	162.516463	4
162.946032	162.946032	1
163.375601	163.375601	2
163.805170	163.805170	3
164.234739	164.234739	4
164.664308	164.664308	1
165.093878	165.093878	2
165.535057	165.535057	3
165.953016	165.953016	4
166.394195	166.394195	1
166.823764	166.823764	2
167.253333	167.253333	3
167.694512	167.694512	4
168.112472	168.112472	1
168.542041	168.542041	2
168.971610	168.971610	3
169.412789	169.412789	4
169.842358	169.842358	1
170.271927	170.271927	2
170.713107	170.713107	3
171.142676	171.142676	4
171.572245	171.572245	1
172.001814	172.001814	2
172.431383	172.431383	3
172.860952	172.860952	4
173.290522	173.290522	1
173.720091	173.720091	2
174.149660	174.149660	3
174.579229	174.579229	4
175.008798	175.008798	1
175.438367	175.438367	2
175.867937	175.867937	3
176.297506	176.297506	4
176.715465	176.715465	1
177.145034	177.145034	2
177.586213	177.586213	3
178.015782	178.015782	4
178.456961	178.456961	1
178.886531	178.886531	2
179.316100	179.316100	3
179.745669	179.745669	4
180.186848	180.186848	1
180.616417	180.616417	2
181.057596	181.057596	3
181.487166	181.487166	4
181.916735	181.916735	1
182.334694	182.334694	2
182.752653	182.752653	3
183.193832	183.193832	4
183.623401	183.623401	1
184.052971	184.052971	2
184.482540	184.482540	3
184.923719	184.923719	4
185.353288	185.353288	1
185.782857	185.782857	2
186.212426	186.212426	3
186.641995	186.641995	4
187.071565	187.071565	1
187.501134	187.501134	2
187.942313	187.942313	3
188.383492	188.383492	4
188.801451	188.801451	1
189.219410	189.219410	2
189.648980	189.648980	3
190.078549	190.078549	4
190.508118	190.508118	1
190.937687	190.937687	2
191.378866	191.378866	3
191.820045	191.820045	4
192.249615	192.249615	1
192.690794	192.690794	2
193.131973	193.131973	3
193.573152	193.573152	4
194.025941	194.025941	1
194.467120	194.467120	2
194.919909	194.919909	3
195.361088	195.361088	4
195.813878	195.813878	1
196.266667	196.266667	2
196.707846	196.707846	3
197.149025	197.149025	4
197.601814	197.601814	1
198.042993	198.042993	2
198.495782	198.495782	3
198.936961	198.936961	4
199.389751	199.389751	1
199.842540	199.842540	2
200.283719	200.283719	3
200.724898	200.724898	4
201.177687	201.177687	1
201.618866	201.618866	2
202.071655	202.071655	3
202.512834	202.512834	4
202.965624	202.965624	1
203.406803	203.406803	2
203.859592	203.859592	3
204.323991	204.323991	4
204.800000	204.800000	1
205.276009	205.276009	2
205.763628	205.763628	3
206.251247	206.251247	4
206.773696	206.773696	1
207.307755	207.307755	2
207.841814	207.841814	3
208.468753	208.468753	4
209.107302	209.107302	1
209.722630	209.722630	2
210.326349	210.326349	3
210.941678	210.941678	4
211.498957	211.498957	1
212.056236	212.056236	2
212.509025	212.509025	3
212.961814	212.961814	4
213.402993	213.402993	1
213.844172	213.844172	2
214.273741	214.273741	3
214.703311	214.703311	4
215.132880	215.132880	1
215.562449	215.562449	2
215.980408	215.980408	3
216.409977	216.409977	4
216.839546	216.839546	1
217.269116	217.269116	2
217.733515	217.733515	3
218.174694	218.174694	4
218.615873	218.615873	1
219.057052	219.057052	2
219.509841	219.509841	3
219.962630	219.962630	4
220.415420	220.415420	1
220.833379	220.833379	2
221.274558	221.274558	3
221.715737	221.715737	4
222.168526	222.168526	1
222.609705	222.609705	2
223.050884	223.050884	3
223.492063	223.492063	4
223.944853	223.944853	1
224.397642	224.397642	2
224.838821	224.838821	3
225.291610	225.291610	4
225.732789	225.732789	1
226.173968	226.173968	2
226.615147	226.615147	3
227.067937	227.067937	4
227.509116	227.509116	1
227.961905	227.961905	2
228.403084	228.403084	3
228.844263	228.844263	4
229.297052	229.297052	1
229.749841	229.749841	2
230.191020	230.191020	3
230.643810	230.643810	4
231.096599	231.096599	1
231.560998	231.560998	2
232.025397	232.025397	3
232.478186	232.478186	4
232.942585	232.942585	1
233.383764	233.383764	2
233.824943	233.824943	3
234.254512	234.254512	4
234.695692	234.695692	1
235.136871	235.136871	2
235.578050	235.578050	3
236.019229	236.019229	4
236.448798	236.448798	1
236.889977	236.889977	2
237.342766	237.342766	3
237.795556	237.795556	4
238.248345	238.248345	1
238.712744	238.712744	2
239.165533	239.165533	3
239.606712	239.606712	4
240.059501	240.059501	1
240.500680	240.500680	2
240.941859	240.941859	3
241.394649	241.394649	4
241.847438	241.847438	1
242.288617	242.288617	2
242.729796	242.729796	3
243.182585	243.182585	4
243.623764	243.623764	1
244.064943	244.064943	2
244.506122	244.506122	3
244.935692	244.935692	4
245.388481	245.388481	1
245.829660	245.829660	2
246.282449	246.282449	3
246.723628	246.723628	4
247.176417	247.176417	1
247.617596	247.617596	2
248.058776	248.058776	3
248.499955	248.499955	4
248.964354	248.964354	1
249.417143	249.417143	2
249.858322	249.858322	3
250.299501	250.299501	4
250.740680	250.740680	1
251.193469	251.193469	2
251.623039	251.623039	3
252.064218	252.064218	4
252.517007	252.517007	1
252.981406	252.981406	2
253.422585	253.422585	3
253.875374	253.875374	4
254.316553	254.316553	1
254.757732	254.757732	2
255.187302	255.187302	3
255.651701	255.651701	4
256.104490	256.104490	1
256.545669	256.545669	2
256.998458	256.998458	3
257.451247	257.451247	4
257.892426	257.892426	1
258.333605	258.333605	2
258.786395	258.786395	3
259.239184	259.239184	4
259.680363	259.680363	1
260.121542	260.121542	2
260.574331	260.574331	3
261.015510	261.015510	4
261.456689	261.456689	1
261.909478	261.909478	2
262.350658	262.350658	3
262.803447	262.803447	4
263.256236	263.256236	1
263.697415	263.697415	2
264.138594	264.138594	3
264.591383	264.591383	4
265.044172	265.044172	1
265.485351	265.485351	2
265.938141	265.938141	3
266.379320	266.379320	4
266.820499	266.820499	1
267.261678	267.261678	2
267.714467	267.714467	3
268.155646	268.155646	4
268.608435	268.608435	1
269.072834	269.072834	2
269.525624	269.525624	3
269.966803	269.966803	4
270.407982	270.407982	1
270.860771	270.860771	2
271.313560	271.313560	3
271.754739	271.754739	4
272.195918	272.195918	1
272.637098	272.637098	2
273.089887	273.089887	3
273.531066	273.531066	4
273.972245	273.972245	1
274.413424	274.413424	2
274.866213	274.866213	3
275.319002	275.319002	4
275.760181	275.760181	1
276.212971	276.212971	2
276.654150	276.654150	3
277.095329	277.095329	4
277.548118	277.548118	1
277.989297	277.989297	2
278.430476	278.430476	3
278.871655	278.871655	4
279.312834	279.312834	1
279.754014	279.754014	2
280.195193	280.195193	3
280.636372	280.636372	4
281.077551	281.077551	1
281.518730	281.518730	2
281.959909	281.959909	3
