0.719819	0.719819	0.720
1.033288	1.033288	1.033
1.335147	1.335147	1.335
1.938866	1.938866	1.939
2.565805	2.565805	2.566
3.181134	3.181134	3.181
5.061950	5.061950	5.062
5.712109	5.712109	5.712
5.990748	5.990748	5.991
6.327438	6.327438	6.327
6.919546	6.919546	6.920
10.750839	10.750839	10.751
11.052698	11.052698	11.053
11.389388	11.389388	11.389
12.051156	12.051156	12.051
15.905669	15.905669	15.906
16.219138	16.219138	16.219
16.532608	16.532608	16.533
17.147937	17.147937	17.148
17.763265	17.763265	17.763
19.713741	19.713741	19.714
20.363900	20.363900	20.364
20.665760	20.665760	20.666
20.909569	20.909569	20.910
21.211429	21.211429	21.211
21.548118	21.548118	21.548
22.175057	22.175057	22.175
22.325986	22.325986	22.326
22.778776	22.778776	22.779
25.925079	25.925079	25.925
26.238549	26.238549	26.239
26.575238	26.575238	26.575
27.190567	27.190567	27.191
29.698322	29.698322	29.698
30.267211	30.267211	30.267
30.847710	30.847710	30.848
31.137959	31.137959	31.138
31.474649	31.474649	31.475
32.101587	32.101587	32.102
32.705306	32.705306	32.705
33.297415	33.297415	33.297
33.901134	33.901134	33.901
34.191383	34.191383	34.191
34.493243	34.493243	34.493
35.096961	35.096961	35.097
35.363991	35.363991	35.364
35.642630	35.642630	35.643
36.014150	36.014150	36.014
36.234739	36.234739	36.235
36.524989	36.524989	36.525
36.861678	36.861678	36.862
37.465397	37.465397	37.465
37.755646	37.755646	37.756
37.964626	37.964626	37.965
38.103946	38.103946	38.104
38.382585	38.382585	38.383
38.719274	38.719274	38.719
39.311383	39.311383	39.311
39.590023	39.590023	39.590
39.949932	39.949932	39.950
40.182132	40.182132	40.182
40.553651	40.553651	40.554
42.237098	42.237098	42.237
42.399637	42.399637	42.400
42.713107	42.713107	42.713
42.991746	42.991746	42.992
43.270385	43.270385	43.270
43.595465	43.595465	43.595
44.059864	44.059864	44.060
44.280454	44.280454	44.280
44.570703	44.570703	44.571
44.884172	44.884172	44.884
45.499501	45.499501	45.500
47.368707	47.368707	47.369
47.658957	47.658957	47.659
47.949206	47.949206	47.949
48.239456	48.239456	48.239
48.599365	48.599365	48.599
49.145034	49.145034	49.145
49.435283	49.435283	49.435
49.748753	49.748753	49.749
50.340862	50.340862	50.341
50.921361	50.921361	50.921
51.513469	51.513469	51.513
52.093968	52.093968	52.094
52.140408	52.140408	52.140
52.384218	52.384218	52.384
52.686077	52.686077	52.686
52.778957	52.778957	52.779
53.104036	53.104036	53.104
53.266576	53.266576	53.267
53.545215	53.545215	53.545
53.847075	53.847075	53.847
54.427574	54.427574	54.428
54.706213	54.706213	54.706
55.019683	55.019683	55.020
55.611791	55.611791	55.612
55.890431	55.890431	55.890
56.180680	56.180680	56.181
56.470930	56.470930	56.471
56.796009	56.796009	56.796
57.353288	57.353288	57.353
57.492608	57.492608	57.493
57.631927	57.631927	57.632
57.759637	57.759637	57.760
57.922177	57.922177	57.922
58.003447	58.003447	58.003
58.595556	58.595556	58.596
58.885805	58.885805	58.886
59.210884	59.210884	59.211
59.652063	59.652063	59.652
59.791383	59.791383	59.791
60.128073	60.128073	60.128
60.406712	60.406712	60.407
60.987211	60.987211	60.987
61.614150	61.614150	61.614
61.927619	61.927619	61.928
62.241088	62.241088	62.241
62.879637	62.879637	62.880
63.169887	63.169887	63.170
63.518186	63.518186	63.518
64.179955	64.179955	64.180
64.539864	64.539864	64.540
64.911383	64.911383	64.911
65.758912	65.758912	65.759
66.165261	66.165261	66.165
66.548390	66.548390	66.548
66.943129	66.943129	66.943
67.384308	67.384308	67.384
67.837098	67.837098	67.837
68.336327	68.336327	68.336
68.870385	68.870385	68.870
70.101043	70.101043	70.101
70.960181	70.960181	70.960
74.083265	74.083265	74.083
74.234195	74.234195	74.234
74.454785	74.454785	74.455
74.582494	74.582494	74.582
74.675374	74.675374	74.675
74.768254	74.768254	74.768
74.954014	74.954014	74.954
75.139773	75.139773	75.140
75.360363	75.360363	75.360
75.569342	75.569342	75.569
75.801542	75.801542	75.802
76.022132	76.022132	76.022
76.115011	76.115011	76.115
76.370431	76.370431	76.370
76.474921	76.474921	76.475
76.707120	76.707120	76.707
76.927710	76.927710	76.928
77.148299	77.148299	77.148
77.368889	77.368889	77.369
77.589478	77.589478	77.589
77.647528	77.647528	77.648
77.810068	77.810068	77.810
78.042268	78.042268	78.042
78.251247	78.251247	78.251
78.483447	78.483447	78.483
78.692426	78.692426	78.692
78.913016	78.913016	78.913
79.040726	79.040726	79.041
79.145215	79.145215	79.145
79.365805	79.365805	79.366
79.586395	79.586395	79.586
79.806984	79.806984	79.807
80.039184	80.039184	80.039
80.259773	80.259773	80.260
80.480363	80.480363	80.480
80.700952	80.700952	80.701
80.921542	80.921542	80.922
81.130522	81.130522	81.131
81.374331	81.374331	81.374
81.606531	81.606531	81.607
81.745850	81.745850	81.746
81.838730	81.838730	81.839
82.059320	82.059320	82.059
82.279909	82.279909	82.280
82.500499	82.500499	82.500
82.721088	82.721088	82.721
82.930068	82.930068	82.930
83.162268	83.162268	83.162
83.394467	83.394467	83.394
83.498957	83.498957	83.499
83.615057	83.615057	83.615
83.847256	83.847256	83.847
84.067846	84.067846	84.068
84.288435	84.288435	84.288
84.520635	84.520635	84.521
84.729615	84.729615	84.730
84.950204	84.950204	84.950
85.182404	85.182404	85.182
85.240454	85.240454	85.240
85.402993	85.402993	85.403
85.449433	85.449433	85.449
85.646803	85.646803	85.647
85.832562	85.832562	85.833
86.111202	86.111202	86.111
86.285351	86.285351	86.285
86.517551	86.517551	86.518
86.738141	86.738141	86.738
87.040000	87.040000	87.040
87.179320	87.179320	87.179
87.423129	87.423129	87.423
87.632109	87.632109	87.632
87.864308	87.864308	87.864
87.922358	87.922358	87.922
88.084898	88.084898	88.085
88.305488	88.305488	88.305
88.351927	88.351927	88.352
88.526077	88.526077	88.526
88.758277	88.758277	88.758
88.978866	88.978866	88.979
89.199456	89.199456	89.199
89.420045	89.420045	89.420
89.687075	89.687075	89.687
89.861224	89.861224	89.861
90.093424	90.093424	90.093
90.151474	90.151474	90.151
90.302404	90.302404	90.302
90.534603	90.534603	90.535
90.743583	90.743583	90.744
90.987392	90.987392	90.987
91.196372	91.196372	91.196
91.428571	91.428571	91.429
91.637551	91.637551	91.638
91.881361	91.881361	91.881
92.090340	92.090340	92.090
92.322540	92.322540	92.323
92.543129	92.543129	92.543
92.775329	92.775329	92.775
92.903039	92.903039	92.903
92.995918	92.995918	92.996
93.228118	93.228118	93.228
93.437098	93.437098	93.437
93.669297	93.669297	93.669
93.889887	93.889887	93.890
93.971156	93.971156	93.971
94.122086	94.122086	94.122
94.342676	94.342676	94.343
94.563265	94.563265	94.563
94.609705	94.609705	94.610
94.783855	94.783855	94.784
95.016054	95.016054	95.016
95.213424	95.213424	95.213
95.457234	95.457234	95.457
95.515283	95.515283	95.515
95.666213	95.666213	95.666
95.898413	95.898413	95.898
95.956463	95.956463	95.956
96.119002	96.119002	96.119
96.351202	96.351202	96.351
96.397642	96.397642	96.398
96.560181	96.560181	96.560
96.838821	96.838821	96.839
97.001361	97.001361	97.001
97.245170	97.245170	97.245
97.326440	97.326440	97.326
97.454150	97.454150	97.454
97.686349	97.686349	97.686
97.906939	97.906939	97.907
98.127528	98.127528	98.128
98.348118	98.348118	98.348
98.568707	98.568707	98.569
98.777687	98.777687	98.778
98.893787	98.893787	98.894
99.044717	99.044717	99.045
99.242086	99.242086	99.242
99.439456	99.439456	99.439
99.543946	99.543946	99.544
99.648435	99.648435	99.648
99.892245	99.892245	99.892
100.112834	100.112834	100.113
100.321814	100.321814	100.322
100.542404	100.542404	100.542
100.751383	100.751383	100.751
100.971973	100.971973	100.972
101.169342	101.169342	101.169
101.413152	101.413152	101.413
101.610522	101.610522	101.611
101.842721	101.842721	101.843
102.051701	102.051701	102.052
102.260680	102.260680	102.261
102.481270	102.481270	102.481
102.701859	102.701859	102.702
102.910839	102.910839	102.911
103.038549	103.038549	103.039
103.119819	103.119819	103.120
103.340408	103.340408	103.340
103.560998	103.560998	103.561
103.769977	103.769977	103.770
103.897687	103.897687	103.898
104.002177	104.002177	104.002
104.199546	104.199546	104.200
104.420136	104.420136	104.420
104.536236	104.536236	104.536
104.629116	104.629116	104.629
104.745215	104.745215	104.745
105.058685	105.058685	105.059
105.290884	105.290884	105.291
105.383764	105.383764	105.384
105.488254	105.488254	105.488
105.801723	105.801723	105.802
105.929433	105.929433	105.929
106.150023	106.150023	106.150
106.242902	106.242902	106.243
106.370612	106.370612	106.371
106.486712	106.486712	106.487
106.579592	106.579592	106.580
106.776961	106.776961	106.777
107.009161	107.009161	107.009
107.102041	107.102041	107.102
107.229751	107.229751	107.230
107.427120	107.427120	107.427
107.636100	107.636100	107.636
107.868299	107.868299	107.868
108.077279	108.077279	108.077
108.204989	108.204989	108.205
108.297868	108.297868	108.298
108.495238	108.495238	108.495
108.739048	108.739048	108.739
108.948027	108.948027	108.948
109.052517	109.052517	109.053
109.157007	109.157007	109.157
109.365986	109.365986	109.366
109.586576	109.586576	109.587
109.795556	109.795556	109.796
109.911655	109.911655	109.912
110.016145	110.016145	110.016
110.225125	110.225125	110.225
110.445714	110.445714	110.446
110.654694	110.654694	110.655
110.863673	110.863673	110.864
110.968163	110.968163	110.968
111.084263	111.084263	111.084
111.304853	111.304853	111.305
111.432562	111.432562	111.433
111.548662	111.548662	111.549
111.641542	111.641542	111.642
111.746032	111.746032	111.746
111.943401	111.943401	111.943
112.175601	112.175601	112.176
112.384580	112.384580	112.385
112.709660	112.709660	112.710
112.802540	112.802540	112.803
113.034739	113.034739	113.035
113.255329	113.255329	113.255
113.464308	113.464308	113.464
113.673288	113.673288	113.673
113.893878	113.893878	113.894
114.102857	114.102857	114.103
114.323447	114.323447	114.323
114.532426	114.532426	114.532
114.753016	114.753016	114.753
114.961995	114.961995	114.962
115.182585	115.182585	115.183
115.379955	115.379955	115.380
115.472834	115.472834	115.473
115.600544	115.600544	115.601
115.821134	115.821134	115.821
116.041723	116.041723	116.042
116.250703	116.250703	116.251
116.471293	116.471293	116.471
116.691882	116.691882	116.692
116.784762	116.784762	116.785
116.889252	116.889252	116.889
117.098231	117.098231	117.098
117.342041	117.342041	117.342
117.539410	117.539410	117.539
117.748390	117.748390	117.748
117.957370	117.957370	117.957
118.189569	118.189569	118.190
118.421769	118.421769	118.422
118.607528	118.607528	118.608
118.828118	118.828118	118.828
119.060317	119.060317	119.060
119.153197	119.153197	119.153
119.257687	119.257687	119.258
119.478277	119.478277	119.478
119.698866	119.698866	119.699
119.907846	119.907846	119.908
120.116825	120.116825	120.117
120.256145	120.256145	120.256
120.349025	120.349025	120.349
120.558005	120.558005	120.558
120.778594	120.778594	120.779
120.975964	120.975964	120.976
121.196553	121.196553	121.197
121.405533	121.405533	121.406
121.637732	121.637732	121.638
121.846712	121.846712	121.847
122.067302	122.067302	122.067
122.264671	122.264671	122.265
122.496871	122.496871	122.497
122.694240	122.694240	122.694
122.926440	122.926440	122.926
123.135420	123.135420	123.135
123.356009	123.356009	123.356
123.576599	123.576599	123.577
123.785578	123.785578	123.786
123.982948	123.982948	123.983
124.203537	124.203537	124.204
124.424127	124.424127	124.424
124.633107	124.633107	124.633
124.853696	124.853696	124.854
125.062676	125.062676	125.063
125.271655	125.271655	125.272
125.480635	125.480635	125.481
125.689615	125.689615	125.690
125.736054	125.736054	125.736
125.782494	125.782494	125.782
125.921814	125.921814	125.922
126.014694	126.014694	126.015
126.130794	126.130794	126.131
126.351383	126.351383	126.351
126.444263	126.444263	126.444
126.571973	126.571973	126.572
126.641633	126.641633	126.642
126.769342	126.769342	126.769
126.897052	126.897052	126.897
127.024762	127.024762	127.025
127.071202	127.071202	127.071
127.222132	127.222132	127.222
127.431111	127.431111	127.431
127.640091	127.640091	127.640
127.860680	127.860680	127.861
128.081270	128.081270	128.081
128.290249	128.290249	128.290
128.510839	128.510839	128.511
128.719819	128.719819	128.720
128.940408	128.940408	128.940
129.149388	129.149388	129.149
129.393197	129.393197	129.393
129.532517	129.532517	129.533
129.822766	129.822766	129.823
130.020136	130.020136	130.020
130.240726	130.240726	130.241
130.380045	130.380045	130.380
130.519365	130.519365	130.519
130.658685	130.658685	130.659
130.879274	130.879274	130.879
131.099864	131.099864	131.100
131.308844	131.308844	131.309
131.517823	131.517823	131.518
131.738413	131.738413	131.738
131.947392	131.947392	131.947
132.156372	132.156372	132.156
132.376961	132.376961	132.377
132.585941	132.585941	132.586
132.818141	132.818141	132.818
132.969070	132.969070	132.969
133.120000	133.120000	133.120
133.247710	133.247710	133.248
133.468299	133.468299	133.468
133.677279	133.677279	133.677
133.770159	133.770159	133.770
133.909478	133.909478	133.909
133.990748	133.990748	133.991
134.106848	134.106848	134.107
134.304218	134.304218	134.304
134.524807	134.524807	134.525
134.745397	134.745397	134.745
134.954376	134.954376	134.954
135.174966	135.174966	135.175
135.383946	135.383946	135.384
135.616145	135.616145	135.616
135.813515	135.813515	135.814
136.022494	136.022494	136.022
136.243084	136.243084	136.243
136.394014	136.394014	136.394
136.475283	136.475283	136.475
136.556553	136.556553	136.557
136.707483	136.707483	136.707
136.928073	136.928073	136.928
137.113832	137.113832	137.114
137.299592	137.299592	137.300
137.404082	137.404082	137.404
137.566621	137.566621	137.567
137.775601	137.775601	137.776
137.984580	137.984580	137.985
138.181950	138.181950	138.182
138.379320	138.379320	138.379
138.634739	138.634739	138.635
138.832109	138.832109	138.832
139.052698	139.052698	139.053
139.273288	139.273288	139.273
139.482268	139.482268	139.482
139.702857	139.702857	139.703
139.795737	139.795737	139.796
139.911837	139.911837	139.912
140.132426	140.132426	140.132
140.341406	140.341406	140.341
140.434286	140.434286	140.434
140.585215	140.585215	140.585
140.678095	140.678095	140.678
140.782585	140.782585	140.783
140.945125	140.945125	140.945
141.014785	141.014785	141.015
141.223764	141.223764	141.224
141.444354	141.444354	141.444
141.641723	141.641723	141.642
141.873923	141.873923	141.874
142.082902	142.082902	142.083
142.315102	142.315102	142.315
142.396372	142.396372	142.396
142.489252	142.489252	142.489
142.721451	142.721451	142.721
142.930431	142.930431	142.930
143.023311	143.023311	143.023
143.162630	143.162630	143.163
143.383220	143.383220	143.383
143.592200	143.592200	143.592
143.789569	143.789569	143.790
144.021769	144.021769	144.022
144.242358	144.242358	144.242
144.370068	144.370068	144.370
144.439728	144.439728	144.440
144.648707	144.648707	144.649
144.741587	144.741587	144.742
144.880907	144.880907	144.881
145.078277	145.078277	145.078
145.298866	145.298866	145.299
145.519456	145.519456	145.519
145.740045	145.740045	145.740
145.960635	145.960635	145.961
146.181224	146.181224	146.181
146.378594	146.378594	146.379
146.459864	146.459864	146.460
146.610794	146.610794	146.611
146.808163	146.808163	146.808
146.912653	146.912653	146.913
147.028753	147.028753	147.029
147.237732	147.237732	147.238
147.458322	147.458322	147.458
147.667302	147.667302	147.667
147.876281	147.876281	147.876
148.085261	148.085261	148.085
148.317460	148.317460	148.317
148.526440	148.526440	148.526
148.630930	148.630930	148.631
148.747029	148.747029	148.747
148.932789	148.932789	148.933
149.164989	149.164989	149.165
149.257868	149.257868	149.258
149.420408	149.420408	149.420
149.594558	149.594558	149.595
149.826757	149.826757	149.827
150.047347	150.047347	150.047
150.233107	150.233107	150.233
150.453696	150.453696	150.454
150.685896	150.685896	150.686
150.906485	150.906485	150.906
151.127075	151.127075	151.127
151.324444	151.324444	151.324
151.545034	151.545034	151.545
151.765624	151.765624	151.766
151.986213	151.986213	151.986
152.183583	152.183583	152.184
152.392562	152.392562	152.393
152.624762	152.624762	152.625
152.833741	152.833741	152.834
153.054331	153.054331	153.054
153.251701	153.251701	153.252
153.483900	153.483900	153.484
153.588390	153.588390	153.588
153.704490	153.704490	153.704
153.901859	153.901859	153.902
154.122449	154.122449	154.122
154.215329	154.215329	154.215
154.343039	154.343039	154.343
154.552018	154.552018	154.552
154.772608	154.772608	154.773
154.969977	154.969977	154.970
155.202177	155.202177	155.202
155.422766	155.422766	155.423
155.631746	155.631746	155.632
155.840726	155.840726	155.841
156.072925	156.072925	156.073
156.281905	156.281905	156.282
156.502494	156.502494	156.502
156.699864	156.699864	156.700
156.932063	156.932063	156.932
157.024943	157.024943	157.025
157.117823	157.117823	157.118
157.350023	157.350023	157.350
157.570612	157.570612	157.571
157.779592	157.779592	157.780
157.988571	157.988571	157.989
158.104671	158.104671	158.105
158.197551	158.197551	158.198
158.429751	158.429751	158.430
158.638730	158.638730	158.639
158.859320	158.859320	158.859
158.963810	158.963810	158.964
159.068299	159.068299	159.068
159.265669	159.265669	159.266
159.509478	159.509478	159.509
159.602358	159.602358	159.602
159.706848	159.706848	159.707
159.822948	159.822948	159.823
159.927438	159.927438	159.927
160.159637	160.159637	160.160
160.391837	160.391837	160.392
160.600816	160.600816	160.601
160.693696	160.693696	160.694
160.798186	160.798186	160.798
161.018776	161.018776	161.019
161.100045	161.100045	161.100
161.239365	161.239365	161.239
161.448345	161.448345	161.448
161.668934	161.668934	161.669
161.866304	161.866304	161.866
162.086893	162.086893	162.087
162.307483	162.307483	162.307
162.516463	162.516463	162.516
162.725442	162.725442	162.725
162.946032	162.946032	162.946
163.178231	163.178231	163.178
163.375601	163.375601	163.376
163.456871	163.456871	163.457
163.584580	163.584580	163.585
163.816780	163.816780	163.817
164.037370	164.037370	164.037
164.234739	164.234739	164.235
164.455329	164.455329	164.455
164.675918	164.675918	164.676
164.884898	164.884898	164.885
165.082268	165.082268	165.082
165.314467	165.314467	165.314
165.535057	165.535057	165.535
165.744036	165.744036	165.744
165.848526	165.848526	165.849
165.953016	165.953016	165.953
166.173605	166.173605	166.174
166.382585	166.382585	166.383
166.614785	166.614785	166.615
166.812154	166.812154	166.812
167.021134	167.021134	167.021
167.114014	167.114014	167.114
167.253333	167.253333	167.253
167.462313	167.462313	167.462
167.682902	167.682902	167.683
167.880272	167.880272	167.880
167.984762	167.984762	167.985
168.112472	168.112472	168.112
168.344671	168.344671	168.345
168.553651	168.553651	168.554
168.751020	168.751020	168.751
168.983220	168.983220	168.983
169.192200	169.192200	169.192
169.436009	169.436009	169.436
169.598549	169.598549	169.599
169.668209	169.668209	169.668
169.842358	169.842358	169.842
170.074558	170.074558	170.075
170.271927	170.271927	170.272
170.492517	170.492517	170.493
170.724717	170.724717	170.725
170.922086	170.922086	170.922
171.119456	171.119456	171.119
171.340045	171.340045	171.340
171.432925	171.432925	171.433
171.572245	171.572245	171.572
171.781224	171.781224	171.781
171.978594	171.978594	171.979
172.199184	172.199184	172.199
172.431383	172.431383	172.431
172.640363	172.640363	172.640
172.860952	172.860952	172.861
173.046712	173.046712	173.047
173.278912	173.278912	173.279
173.383401	173.383401	173.383
173.499501	173.499501	173.500
173.685261	173.685261	173.685
173.917460	173.917460	173.917
174.149660	174.149660	174.150
174.370249	174.370249	174.370
174.486349	174.486349	174.486
174.579229	174.579229	174.579
174.788209	174.788209	174.788
175.020408	175.020408	175.020
175.124898	175.124898	175.125
175.240998	175.240998	175.241
175.449977	175.449977	175.450
175.647347	175.647347	175.647
175.879546	175.879546	175.880
176.088526	176.088526	176.089
176.297506	176.297506	176.298
176.494875	176.494875	176.495
176.738685	176.738685	176.739
176.947664	176.947664	176.948
177.075374	177.075374	177.075
177.156644	177.156644	177.157
177.377234	177.377234	177.377
177.597823	177.597823	177.598
177.690703	177.690703	177.691
177.830023	177.830023	177.830
178.015782	178.015782	178.016
178.236372	178.236372	178.236
178.364082	178.364082	178.364
178.445351	178.445351	178.445
178.573061	178.573061	178.573
178.898141	178.898141	178.898
179.037460	179.037460	179.037
179.165170	179.165170	179.165
179.327710	179.327710	179.328
179.757279	179.757279	179.757
180.186848	180.186848	180.187
180.628027	180.628027	180.628
181.057596	181.057596	181.058
181.289796	181.289796	181.290
181.498776	181.498776	181.499
181.591655	181.591655	181.592
181.719365	181.719365	181.719
181.916735	181.916735	181.917
182.032834	182.032834	182.033
182.137324	182.137324	182.137
182.334694	182.334694	182.335
182.474014	182.474014	182.474
182.613333	182.613333	182.613
182.764263	182.764263	182.764
183.193832	183.193832	183.194
183.623401	183.623401	183.623
184.064580	184.064580	184.065
184.494150	184.494150	184.494
184.737959	184.737959	184.738
184.958549	184.958549	184.959
185.155918	185.155918	185.156
185.364898	185.364898	185.365
185.527438	185.527438	185.527
185.782857	185.782857	185.783
185.933787	185.933787	185.934
186.224036	186.224036	186.224
186.386576	186.386576	186.387
186.467846	186.467846	186.468
186.641995	186.641995	186.642
186.839365	186.839365	186.839
187.071565	187.071565	187.072
187.512744	187.512744	187.513
187.617234	187.617234	187.617
187.721723	187.721723	187.722
187.802993	187.802993	187.803
187.942313	187.942313	187.942
188.174512	188.174512	188.175
188.232562	188.232562	188.233
188.267392	188.267392	188.267
188.406712	188.406712	188.407
188.604082	188.604082	188.604
188.789841	188.789841	188.790
188.905941	188.905941	188.906
189.219410	189.219410	189.219
189.370340	189.370340	189.370
189.498050	189.498050	189.498
189.672200	189.672200	189.672
190.090159	190.090159	190.090
190.519728	190.519728	190.520
190.949297	190.949297	190.949
191.390476	191.390476	191.390
191.611066	191.611066	191.611
191.831655	191.831655	191.832
192.040635	192.040635	192.041
192.261224	192.261224	192.261
192.342494	192.342494	192.342
192.864943	192.864943	192.865
193.143583	193.143583	193.144
193.259683	193.259683	193.260
193.584762	193.584762	193.585
193.677642	193.677642	193.678
194.490340	194.490340	194.490
194.931519	194.931519	194.932
195.825488	195.825488	195.825
196.266667	196.266667	196.267
196.719456	196.719456	196.719
197.160635	197.160635	197.161
197.613424	197.613424	197.613
198.507392	198.507392	198.507
198.948571	198.948571	198.949
199.401361	199.401361	199.401
199.610340	199.610340	199.610
200.295329	200.295329	200.295
200.748118	200.748118	200.748
201.189297	201.189297	201.189
201.630476	201.630476	201.630
202.094875	202.094875	202.095
202.733424	202.733424	202.733
202.977234	202.977234	202.977
203.406803	203.406803	203.407
203.650612	203.650612	203.651
203.859592	203.859592	203.860
204.765170	204.765170	204.765
205.206349	205.206349	205.206
205.647528	205.647528	205.648
206.587937	206.587937	206.588
207.539955	207.539955	207.540
208.050794	208.050794	208.051
208.828662	208.828662	208.829
209.118912	209.118912	209.119
209.734240	209.734240	209.734
210.941678	210.941678	210.942
211.603447	211.603447	211.603
212.973424	212.973424	212.973
217.269116	217.269116	217.269
217.350385	217.350385	217.350
217.478095	217.478095	217.478
217.605805	217.605805	217.606
217.942494	217.942494	217.942
218.163084	218.163084	218.163
218.383673	218.383673	218.384
218.615873	218.615873	218.616
218.824853	218.824853	218.825
218.882902	218.882902	218.883
219.045442	219.045442	219.045
219.138322	219.138322	219.138
219.300862	219.300862	219.301
219.382132	219.382132	219.382
219.486621	219.486621	219.487
219.730431	219.730431	219.730
219.962630	219.962630	219.963
220.183220	220.183220	220.183
220.415420	220.415420	220.415
220.612789	220.612789	220.613
220.833379	220.833379	220.833
221.065578	221.065578	221.066
221.123628	221.123628	221.124
221.262948	221.262948	221.263
221.506757	221.506757	221.507
221.553197	221.553197	221.553
221.715737	221.715737	221.716
221.947937	221.947937	221.948
222.168526	222.168526	222.169
222.389116	222.389116	222.389
222.458776	222.458776	222.459
222.598095	222.598095	222.598
222.830295	222.830295	222.830
223.062494	223.062494	223.062
223.283084	223.283084	223.283
223.492063	223.492063	223.492
223.689433	223.689433	223.689
223.735873	223.735873	223.736
223.921633	223.921633	223.922
224.037732	224.037732	224.038
224.200272	224.200272	224.200
224.397642	224.397642	224.398
224.641451	224.641451	224.641
224.734331	224.734331	224.734
224.827211	224.827211	224.827
225.071020	225.071020	225.071
225.280000	225.280000	225.280
225.512200	225.512200	225.512
225.744399	225.744399	225.744
225.953379	225.953379	225.953
226.185578	226.185578	226.186
226.406168	226.406168	226.406
226.499048	226.499048	226.499
226.615147	226.615147	226.615
226.847347	226.847347	226.847
227.079546	227.079546	227.080
227.300136	227.300136	227.300
227.358186	227.358186	227.358
227.520726	227.520726	227.521
227.729705	227.729705	227.730
227.810975	227.810975	227.811
227.961905	227.961905	227.962
228.217324	228.217324	228.217
228.414694	228.414694	228.415
228.658503	228.658503	228.659
228.855873	228.855873	228.856
229.099683	229.099683	229.100
229.308662	229.308662	229.309
229.378322	229.378322	229.378
229.575692	229.575692	229.576
229.761451	229.761451	229.761
229.982041	229.982041	229.982
230.202630	230.202630	230.203
230.423220	230.423220	230.423
230.643810	230.643810	230.644
230.876009	230.876009	230.876
231.096599	231.096599	231.097
231.410068	231.410068	231.410
231.572608	231.572608	231.573
231.804807	231.804807	231.805
232.025397	232.025397	232.025
232.269206	232.269206	232.269
232.466576	232.466576	232.467
232.919365	232.919365	232.919
233.139955	233.139955	233.140
233.372154	233.372154	233.372
233.581134	233.581134	233.581
233.708844	233.708844	233.709
233.824943	233.824943	233.825
234.033923	234.033923	234.034
234.242902	234.242902	234.243
234.475102	234.475102	234.475
234.707302	234.707302	234.707
234.811791	234.811791	234.812
234.927891	234.927891	234.928
235.125261	235.125261	235.125
235.252971	235.252971	235.253
235.380680	235.380680	235.381
235.427120	235.427120	235.427
235.578050	235.578050	235.578
235.821859	235.821859	235.822
235.903129	235.903129	235.903
236.019229	236.019229	236.019
236.158549	236.158549	236.159
236.239819	236.239819	236.240
236.460408	236.460408	236.460
236.599728	236.599728	236.600
236.704218	236.704218	236.704
236.901587	236.901587	236.902
237.029297	237.029297	237.029
237.133787	237.133787	237.134
237.307937	237.307937	237.308
237.424036	237.424036	237.424
237.574966	237.574966	237.575
237.644626	237.644626	237.645
237.737506	237.737506	237.738
238.016145	238.016145	238.016
238.120635	238.120635	238.121
238.248345	238.248345	238.248
238.341224	238.341224	238.341
238.712744	238.712744	238.713
238.910113	238.910113	238.910
239.362902	239.362902	239.363
239.595102	239.595102	239.595
239.804082	239.804082	239.804
240.071111	240.071111	240.071
240.280091	240.280091	240.280
240.512290	240.512290	240.512
240.698050	240.698050	240.698
240.837370	240.837370	240.837
240.941859	240.941859	240.942
241.139229	241.139229	241.139
241.383039	241.383039	241.383
241.615238	241.615238	241.615
241.835828	241.835828	241.836
241.963537	241.963537	241.964
242.242177	242.242177	242.242
242.381497	242.381497	242.381
242.485986	242.485986	242.486
242.706576	242.706576	242.707
242.938776	242.938776	242.939
243.170975	243.170975	243.171
243.391565	243.391565	243.392
243.519274	243.519274	243.519
243.635374	243.635374	243.635
243.728254	243.728254	243.728
243.879184	243.879184	243.879
244.053333	244.053333	244.053
244.215873	244.215873	244.216
244.355193	244.355193	244.355
244.517732	244.517732	244.518
244.668662	244.668662	244.669
244.773152	244.773152	244.773
244.935692	244.935692	244.936
245.005351	245.005351	245.005
245.086621	245.086621	245.087
245.179501	245.179501	245.180
245.260771	245.260771	245.261
245.353651	245.353651	245.354
245.620680	245.620680	245.621
245.841270	245.841270	245.841
246.061859	246.061859	246.062
246.189569	246.189569	246.190
246.294059	246.294059	246.294
246.398549	246.398549	246.399
246.503039	246.503039	246.503
246.700408	246.700408	246.700
246.944218	246.944218	246.944
247.129977	247.129977	247.130
247.408617	247.408617	247.409
247.629206	247.629206	247.629
247.722086	247.722086	247.722
247.838186	247.838186	247.838
248.047166	248.047166	248.047
248.174875	248.174875	248.175
248.290975	248.290975	248.291
248.476735	248.476735	248.477
248.581224	248.581224	248.581
248.732154	248.732154	248.732
248.825034	248.825034	248.825
248.906304	248.906304	248.906
249.010794	249.010794	249.011
249.184943	249.184943	249.185
249.277823	249.277823	249.278
249.417143	249.417143	249.417
249.602902	249.602902	249.603
249.707392	249.707392	249.707
249.800272	249.800272	249.800
249.974422	249.974422	249.974
250.090522	250.090522	250.091
250.160181	250.160181	250.160
250.311111	250.311111	250.311
250.508481	250.508481	250.508
250.729070	250.729070	250.729
250.984490	250.984490	250.984
251.205079	251.205079	251.205
251.414059	251.414059	251.414
251.634649	251.634649	251.635
251.843628	251.843628	251.844
251.959728	251.959728	251.960
252.064218	252.064218	252.064
252.157098	252.157098	252.157
252.284807	252.284807	252.285
252.377687	252.377687	252.378
252.517007	252.517007	252.517
252.795646	252.795646	252.796
252.958186	252.958186	252.958
253.004626	253.004626	253.005
253.201995	253.201995	253.202
253.306485	253.306485	253.306
253.422585	253.422585	253.423
253.643175	253.643175	253.643
253.886984	253.886984	253.887
254.084354	254.084354	254.084
254.316553	254.316553	254.317
254.537143	254.537143	254.537
254.769342	254.769342	254.769
254.862222	254.862222	254.862
254.989932	254.989932	254.990
255.094422	255.094422	255.094
255.198912	255.198912	255.199
255.431111	255.431111	255.431
255.663311	255.663311	255.663
255.883900	255.883900	255.884
255.965170	255.965170	255.965
256.092880	256.092880	256.093
256.325079	256.325079	256.325
256.557279	256.557279	256.557
256.789478	256.789478	256.789
256.998458	256.998458	256.998
257.079728	257.079728	257.080
257.242268	257.242268	257.242
257.311927	257.311927	257.312
257.439637	257.439637	257.440
257.683447	257.683447	257.683
257.892426	257.892426	257.892
258.333605	258.333605	258.334
258.577415	258.577415	258.577
258.786395	258.786395	258.786
259.006984	259.006984	259.007
259.227574	259.227574	259.228
259.459773	259.459773	259.460
259.680363	259.680363	259.680
259.784853	259.784853	259.785
259.935782	259.935782	259.936
260.144762	260.144762	260.145
260.214422	260.214422	260.214
260.330522	260.330522	260.331
260.435011	260.435011	260.435
260.539501	260.539501	260.540
260.783311	260.783311	260.783
261.027120	261.027120	261.027
261.108390	261.108390	261.108
261.236100	261.236100	261.236
261.328980	261.328980	261.329
261.456689	261.456689	261.457
261.688889	261.688889	261.689
261.909478	261.909478	261.909
262.141678	262.141678	262.142
262.234558	262.234558	262.235
262.350658	262.350658	262.351
262.582857	262.582857	262.583
262.803447	262.803447	262.803
263.024036	263.024036	263.024
263.267846	263.267846	263.268
263.476825	263.476825	263.477
263.558095	263.558095	263.558
263.720635	263.720635	263.721
263.929615	263.929615	263.930
263.987664	263.987664	263.988
264.150204	264.150204	264.150
264.231474	264.231474	264.231
264.382404	264.382404	264.382
264.591383	264.591383	264.591
264.823583	264.823583	264.824
264.881633	264.881633	264.882
265.055782	265.055782	265.056
265.287982	265.287982	265.288
265.485351	265.485351	265.485
265.729161	265.729161	265.729
265.787211	265.787211	265.787
265.938141	265.938141	265.938
266.216780	266.216780	266.217
266.379320	266.379320	266.379
266.623129	266.623129	266.623
266.832109	266.832109	266.832
267.110748	267.110748	267.111
267.284898	267.284898	267.285
267.563537	267.563537	267.564
267.714467	267.714467	267.714
267.969887	267.969887	267.970
268.155646	268.155646	268.156
268.248526	268.248526	268.249
268.411066	268.411066	268.411
268.469116	268.469116	268.469
268.608435	268.608435	268.608
268.840635	268.840635	268.841
268.956735	268.956735	268.957
269.061224	269.061224	269.061
269.293424	269.293424	269.293
269.514014	269.514014	269.514
269.781043	269.781043	269.781
269.966803	269.966803	269.967
270.187392	270.187392	270.187
270.396372	270.396372	270.396
270.628571	270.628571	270.629
270.860771	270.860771	270.861
270.965261	270.965261	270.965
271.069751	271.069751	271.070
271.290340	271.290340	271.290
271.545760	271.545760	271.546
271.650249	271.650249	271.650
271.754739	271.754739	271.755
271.963719	271.963719	271.964
272.068209	272.068209	272.068
272.195918	272.195918	272.196
272.300408	272.300408	272.300
272.439728	272.439728	272.440
272.497778	272.497778	272.498
272.637098	272.637098	272.637
272.834467	272.834467	272.834
272.904127	272.904127	272.904
273.089887	273.089887	273.090
273.298866	273.298866	273.299
273.531066	273.531066	273.531
273.751655	273.751655	273.752
273.972245	273.972245	273.972
274.146395	274.146395	274.146
274.227664	274.227664	274.228
274.425034	274.425034	274.425
274.610794	274.610794	274.611
274.866213	274.866213	274.866
275.110023	275.110023	275.110
275.179683	275.179683	275.180
275.319002	275.319002	275.319
275.539592	275.539592	275.540
275.748571	275.748571	275.749
276.073651	276.073651	276.074
276.201361	276.201361	276.201
276.410340	276.410340	276.410
276.665760	276.665760	276.666
276.886349	276.886349	276.886
276.944399	276.944399	276.944
277.106939	277.106939	277.107
277.350748	277.350748	277.351
277.397188	277.397188	277.397
277.536508	277.536508	277.537
277.733878	277.733878	277.734
277.849977	277.849977	277.850
