0.180000	0.700000	81.000
0.750000	1.850000	76.000
0.750000	1.300000	88.000
0.750000	1.300000	81.000
1.350000	2.440000	78.000
1.350000	1.850000	90.000
1.350000	1.850000	83.000
1.900000	2.440000	86.000
2.490000	3.030000	93.000
2.490000	2.620000	69.000
2.670000	2.840000	69.000
2.890000	3.620000	88.000
2.890000	3.030000	69.000
3.080000	3.370000	93.000
3.080000	3.370000	76.000
3.080000	3.370000	69.000
3.420000	3.620000	69.000
3.670000	3.770000	78.000
3.670000	3.770000	69.000
3.820000	4.010000	69.000
4.060000	4.320000	69.000
4.220000	7.100000	61.000
4.220000	4.660000	80.000
4.220000	4.320000	73.000
4.370000	4.660000	73.000
4.710000	7.100000	73.000
4.710000	6.020000	80.000
6.070000	7.100000	80.000
6.070000	6.490000	66.000
6.540000	7.100000	66.000
7.150000	7.480000	69.000
7.530000	8.240000	88.000
7.530000	7.770000	69.000
7.730000	8.370000	76.000
7.820000	8.240000	64.000
8.290000	8.850000	78.000
8.290000	8.370000	64.000
8.420000	8.850000	66.000
8.900000	10.560000	80.000
8.900000	10.560000	61.000
8.900000	10.020000	73.000
8.900000	9.420000	66.000
9.470000	10.020000	69.000
10.070000	10.650000	73.000
10.070000	10.560000	64.000
10.610000	10.650000	64.000
10.700000	11.710000	76.000
10.700000	11.710000	57.000
10.700000	11.170000	66.000
11.220000	11.710000	73.000
11.220000	11.710000	61.000
11.760000	12.840000	59.000
11.760000	12.310000	69.000
12.360000	14.050000	64.000
12.360000	13.990000	71.000
12.360000	13.410000	78.000
12.890000	13.990000	52.000
13.000000	13.410000	66.000
13.460000	14.050000	61.000
13.460000	13.990000	73.000
13.460000	13.990000	66.000
14.100000	15.110000	61.000
14.100000	14.550000	69.000
14.600000	16.250000	88.000
14.600000	15.110000	80.000
14.600000	15.110000	73.000
14.600000	15.110000	64.000
15.160000	16.250000	76.000
15.160000	16.250000	66.000
15.160000	16.250000	61.000
15.160000	16.250000	57.000
16.300000	17.370000	59.000
16.300000	16.820000	69.000
16.870000	18.890000	64.000
16.870000	18.560000	71.000
16.870000	17.370000	88.000
16.870000	17.370000	78.000
17.420000	18.560000	88.000
17.420000	18.560000	76.000
17.420000	18.560000	73.000
17.420000	18.560000	66.000
17.420000	18.560000	61.000
17.420000	18.560000	52.000
18.610000	18.930000	52.000
18.610000	18.930000	47.000
18.610000	18.890000	54.000
18.610000	18.890000	45.000
18.980000	21.160000	54.000
18.980000	19.560000	56.000
18.980000	19.560000	52.000
18.980000	19.560000	50.000
18.980000	19.560000	49.000
18.980000	19.560000	47.000
18.980000	19.560000	43.000
19.610000	19.910000	56.000
19.960000	24.880000	59.000
19.960000	23.510000	66.000
19.960000	21.160000	82.000
19.960000	21.160000	51.000
19.960000	21.160000	42.000
21.210000	24.880000	54.000
21.210000	24.610000	61.000
21.210000	24.180000	64.000
21.210000	23.510000	75.000
21.210000	23.510000	63.000
21.210000	23.510000	52.000
23.560000	24.880000	66.000
23.560000	24.610000	52.000
24.230000	24.800000	64.000
24.380000	24.800000	73.000
24.660000	24.800000	52.000
24.930000	30.030000	54.000
24.930000	28.500000	92.000
24.930000	28.500000	87.000
24.930000	28.500000	85.000
24.930000	28.500000	76.000
24.930000	28.500000	71.000
24.930000	28.500000	68.000
24.930000	28.500000	65.000
24.930000	28.500000	63.000
24.930000	28.500000	59.000
24.930000	28.500000	58.000
24.930000	28.500000	53.000
24.930000	28.500000	51.000
24.930000	28.500000	44.000
28.550000	32.880000	90.000
28.550000	30.030000	71.000
28.550000	30.030000	66.000
28.550000	30.030000	59.000
28.550000	30.030000	42.000
30.080000	35.150000	66.000
30.080000	35.150000	54.000
30.080000	34.480000	63.000
30.080000	32.880000	71.000
30.080000	32.880000	70.000
30.080000	32.880000	68.000
30.080000	32.880000	56.000
32.930000	34.480000	71.000
34.530000	35.150000	71.000
34.530000	35.150000	59.000
35.200000	36.750000	66.000
35.200000	35.620000	73.000
35.200000	35.620000	56.000
35.200000	35.500000	70.000
35.200000	35.500000	58.000
35.550000	35.620000	68.000
35.670000	37.880000	71.000
35.670000	37.880000	54.000
35.670000	36.750000	70.000
35.670000	36.750000	35.000
36.800000	37.880000	66.000
36.800000	37.880000	59.000
36.800000	37.880000	42.000
37.930000	39.810000	73.000
37.930000	39.810000	61.000
37.930000	39.250000	68.000
37.930000	39.250000	53.000
37.930000	39.060000	71.000
37.930000	39.060000	65.000
37.930000	39.060000	56.000
37.930000	39.060000	44.000
39.110000	39.810000	42.000
39.300000	39.810000	85.000
39.300000	39.810000	54.000
39.300000	39.710000	90.000
39.760000	40.470000	55.000
39.860000	40.470000	78.000
39.860000	40.290000	70.000
39.860000	40.290000	67.000
39.860000	40.290000	43.000
40.340000	41.460000	44.000
40.340000	40.650000	71.000
40.520000	41.530000	59.000
40.700000	42.690000	63.000
40.700000	42.690000	51.000
40.700000	41.530000	71.000
40.700000	41.530000	56.000
41.510000	41.530000	44.000
41.580000	43.130000	66.000
41.580000	42.690000	54.000
41.580000	42.690000	46.000
41.580000	42.690000	39.000
42.740000	45.130000	63.000
42.740000	43.930000	47.000
42.740000	43.930000	41.000
42.740000	43.130000	68.000
42.740000	43.130000	51.000
43.180000	45.130000	66.000
43.180000	43.930000	68.000
43.180000	43.930000	59.000
43.180000	43.930000	56.000
43.180000	43.930000	44.000
43.980000	45.130000	51.000
43.980000	45.130000	42.000
43.980000	44.330000	59.000
44.380000	45.130000	70.000
44.380000	45.130000	54.000
45.180000	46.460000	68.000
45.180000	46.460000	65.000
45.180000	46.460000	56.000
45.180000	46.370000	59.000
45.180000	46.370000	53.000
45.180000	46.370000	38.000
46.510000	50.080000	61.000
46.510000	48.770000	37.000
46.510000	47.600000	66.000
46.510000	47.600000	58.000
47.650000	49.510000	73.000
47.650000	49.510000	71.000
47.650000	48.770000	56.000
47.650000	48.770000	53.000
48.820000	51.260000	78.000
48.820000	50.080000	42.000
48.820000	49.510000	59.000
49.560000	50.670000	73.000
49.560000	50.080000	85.000
49.560000	50.080000	58.000
50.130000	51.260000	75.000
50.130000	51.260000	35.000
50.130000	50.670000	70.000
50.720000	51.260000	71.000
50.720000	51.260000	59.000
51.310000	52.460000	85.000
51.310000	52.460000	61.000
51.310000	51.840000	59.000
51.440000	52.460000	66.000
51.440000	51.840000	71.000
51.890000	53.290000	73.000
51.890000	52.460000	90.000
51.890000	52.460000	58.000
51.890000	52.460000	42.000
52.510000	53.600000	75.000
52.510000	53.000000	87.000
52.510000	53.000000	85.000
52.510000	53.000000	35.000
53.050000	53.600000	87.000
53.050000	53.600000	63.000
53.340000	53.600000	83.000
53.340000	53.600000	71.000
53.340000	53.600000	59.000
53.650000	54.160000	73.000
53.650000	53.960000	71.000
53.650000	53.960000	61.000
53.650000	53.960000	59.000
54.010000	54.780000	61.000
54.010000	54.160000	59.000
54.210000	54.780000	42.000
54.210000	54.460000	73.000
54.210000	54.460000	58.000
54.510000	54.780000	73.000
54.510000	54.780000	58.000
54.830000	61.000000	63.000
54.830000	58.480000	89.000
54.830000	58.480000	88.000
54.830000	58.480000	80.000
54.830000	58.480000	77.000
54.830000	58.480000	76.000
54.830000	58.480000	70.000
54.830000	58.480000	68.000
54.830000	58.480000	66.000
54.830000	58.480000	65.000
54.830000	58.480000	59.000
54.830000	58.480000	53.000
54.830000	58.480000	51.000
54.830000	58.480000	35.000
58.530000	62.200000	82.000
58.530000	61.000000	83.000
58.530000	61.000000	73.000
58.530000	61.000000	71.000
58.530000	61.000000	68.000
58.530000	61.000000	67.000
58.530000	61.000000	61.000
58.530000	61.000000	55.000
58.530000	61.000000	49.000
61.050000	61.720000	63.000
61.050000	61.370000	70.000
61.050000	61.370000	66.000
61.420000	62.200000	78.000
61.420000	61.720000	70.000
61.420000	61.720000	66.000
61.770000	62.200000	70.000
61.770000	62.200000	66.000
61.770000	62.200000	63.000
62.250000	63.450000	83.000
62.250000	63.450000	82.000
62.250000	63.450000	71.000
62.250000	63.450000	68.000
62.250000	63.450000	63.000
63.500000	66.650000	73.000
63.500000	66.650000	70.000
63.500000	66.650000	66.000
63.500000	66.600000	76.000
63.500000	66.600000	71.000
63.500000	66.600000	68.000
63.500000	66.600000	64.000
66.700000	67.590000	73.000
66.700000	67.120000	83.000
66.700000	67.120000	70.000
66.700000	67.120000	66.000
66.700000	67.120000	59.000
67.170000	67.590000	66.000
67.640000	68.520000	64.000
68.090000	69.000000	71.000
68.570000	69.000000	83.000
68.570000	69.000000	59.000
69.050000	69.460000	66.000
69.510000	69.600000	64.000
69.650000	70.230000	47.000
69.650000	69.760000	54.000
69.810000	70.230000	59.000
69.810000	69.900000	63.000
69.810000	69.900000	56.000
69.810000	69.900000	54.000
69.810000	69.900000	52.000
69.950000	70.500000	66.000
69.950000	70.420000	63.000
69.950000	70.230000	61.000
70.350000	70.420000	68.000
70.550000	74.570000	66.000
70.550000	74.110000	73.000
70.550000	74.110000	71.000
70.550000	74.110000	61.000
70.550000	72.290000	82.000
70.550000	72.290000	75.000
70.550000	72.290000	64.000
70.550000	72.290000	35.000
72.340000	75.960000	90.000
72.340000	74.110000	76.000
72.340000	74.110000	63.000
72.340000	74.110000	59.000
74.160000	75.960000	59.000
74.160000	75.050000	71.000
74.160000	75.050000	54.000
74.160000	74.570000	73.000
74.160000	74.570000	63.000
74.620000	75.960000	63.000
74.620000	75.050000	66.000
75.100000	76.530000	80.000
75.100000	75.960000	87.000
75.100000	75.960000	71.000
75.100000	75.960000	66.000
75.100000	75.960000	51.000
75.100000	75.960000	44.000
76.010000	76.900000	92.000
76.010000	76.900000	68.000
76.010000	76.900000	56.000
76.010000	76.530000	85.000
76.010000	76.530000	63.000
76.010000	76.530000	54.000
76.010000	76.530000	49.000
76.580000	76.900000	80.000
76.580000	76.900000	65.000
76.580000	76.900000	53.000
76.580000	76.900000	49.000
76.950000	77.740000	73.000
76.950000	77.660000	66.000
76.950000	77.520000	42.000
76.950000	77.370000	59.000
77.420000	79.720000	54.000
77.420000	77.600000	90.000
77.710000	78.780000	66.000
77.710000	77.740000	58.000
77.790000	78.390000	42.000
77.790000	77.840000	58.000
77.890000	79.520000	78.000
77.890000	78.780000	75.000
77.890000	78.390000	73.000
77.890000	78.390000	35.000
77.890000	78.290000	82.000
78.340000	78.390000	47.000
78.440000	80.630000	59.000
78.440000	78.780000	63.000
78.830000	79.720000	92.000
78.830000	79.720000	66.000
78.830000	79.720000	61.000
79.280000	80.270000	42.000
79.280000	79.720000	80.000
79.280000	79.520000	47.000
79.570000	80.180000	73.000
79.570000	80.180000	47.000
79.570000	79.720000	78.000
79.770000	82.240000	54.000
79.770000	81.070000	78.000
79.770000	80.630000	66.000
79.770000	80.270000	63.000
80.230000	80.380000	47.000
80.320000	80.630000	63.000
80.430000	80.630000	90.000
80.430000	80.630000	76.000
80.430000	80.630000	47.000
80.680000	81.560000	73.000
80.680000	81.450000	66.000
80.680000	81.450000	61.000
80.680000	81.450000	59.000
81.120000	83.160000	78.000
81.120000	82.000000	42.000
81.120000	81.450000	80.000
81.120000	81.450000	71.000
81.500000	82.240000	66.000
81.500000	81.560000	61.000
81.610000	82.000000	73.000
81.610000	82.000000	71.000
81.610000	82.000000	51.000
81.610000	82.000000	35.000
82.050000	82.490000	71.000
82.050000	82.490000	59.000
82.050000	82.240000	63.000
82.290000	82.490000	76.000
82.290000	82.490000	68.000
82.290000	82.490000	56.000
82.540000	82.940000	75.000
82.540000	82.940000	71.000
82.540000	82.940000	70.000
82.540000	82.940000	59.000
82.540000	82.940000	54.000
82.540000	82.940000	39.000
82.990000	83.160000	73.000
82.990000	83.160000	61.000
83.210000	83.400000	71.000
83.210000	83.400000	63.000
83.450000	84.330000	68.000
83.450000	84.100000	73.000
83.450000	83.850000	65.000
83.450000	83.850000	53.000
83.450000	83.850000	37.000
83.900000	84.330000	65.000
83.900000	84.100000	61.000
83.900000	84.100000	56.000
84.150000	84.790000	73.000
84.150000	84.330000	80.000
84.150000	84.330000	61.000
84.430000	85.240000	70.000
84.430000	85.240000	58.000
84.430000	85.240000	42.000
84.430000	84.790000	66.000
84.840000	87.100000	66.000
84.840000	85.240000	82.000
85.290000	86.640000	78.000
85.290000	86.200000	83.000
85.290000	86.200000	75.000
85.290000	86.200000	71.000
85.290000	86.200000	35.000
86.250000	89.880000	54.000
86.250000	87.100000	61.000
86.250000	86.640000	71.000
86.690000	87.910000	42.000
86.690000	87.100000	73.000
86.690000	86.840000	78.000
86.890000	87.910000	78.000
86.890000	87.100000	85.000
86.890000	87.100000	49.000
87.150000	88.940000	66.000
87.150000	87.910000	83.000
87.150000	87.910000	82.000
87.150000	87.910000	75.000
87.150000	87.910000	71.000
87.150000	87.910000	35.000
87.960000	88.490000	59.000
87.960000	88.040000	80.000
87.960000	88.040000	63.000
88.090000	88.710000	78.000
88.090000	88.710000	73.000
88.090000	88.490000	71.000
88.090000	88.490000	42.000
88.540000	88.940000	42.000
88.760000	89.740000	78.000
88.760000	88.940000	73.000
88.990000	90.850000	63.000
88.990000	89.880000	66.000
88.990000	89.880000	47.000
88.990000	89.740000	83.000
88.990000	89.740000	82.000
89.790000	90.850000	59.000
89.790000	90.380000	80.000
89.930000	90.850000	51.000
89.930000	90.380000	90.000
89.930000	90.380000	68.000
89.930000	90.380000	66.000
90.430000	90.850000	83.000
90.430000	90.850000	78.000
90.430000	90.850000	71.000
90.430000	90.850000	70.000
90.900000	91.760000	85.000
90.900000	91.760000	73.000
90.900000	91.760000	68.000
90.900000	91.760000	56.000
90.900000	91.760000	53.000
90.900000	91.760000	49.000
91.810000	92.700000	82.000
91.810000	92.700000	70.000
91.810000	92.170000	42.000
92.400000	92.700000	39.000
92.750000	94.560000	83.000
92.750000	94.560000	71.000
92.750000	94.560000	68.000
92.750000	94.560000	66.000
92.750000	94.560000	59.000
92.750000	94.560000	54.000
92.750000	94.560000	51.000
92.750000	94.560000	44.000
94.610000	95.550000	82.000
94.610000	95.550000	34.000
94.610000	95.490000	78.000
94.610000	95.490000	75.000
94.610000	95.490000	71.000
94.610000	95.490000	68.000
94.610000	95.490000	41.000
95.600000	96.380000	82.000
95.600000	96.380000	75.000
95.600000	96.380000	70.000
95.600000	96.380000	66.000
95.600000	96.380000	39.000
96.430000	97.320000	92.000
96.430000	97.320000	74.000
96.430000	97.320000	71.000
96.430000	97.320000	59.000
96.430000	97.320000	56.000
96.430000	97.320000	53.000
96.430000	97.320000	38.000
97.370000	99.240000	37.000
97.370000	98.220000	82.000
97.370000	97.800000	73.000
97.370000	97.800000	70.000
97.370000	97.800000	54.000
97.850000	99.240000	49.000
97.850000	99.170000	56.000
97.850000	98.220000	78.000
97.850000	98.220000	75.000
97.850000	98.220000	53.000
97.850000	98.220000	51.000
97.850000	98.220000	47.000
98.270000	100.800000	71.000
98.270000	99.170000	73.000
98.270000	99.170000	61.000
99.350000	99.860000	73.000
99.350000	99.860000	66.000
99.350000	99.780000	30.000
99.350000	99.590000	52.000
99.750000	100.030000	42.000
99.830000	100.580000	54.000
99.910000	101.030000	66.000
99.910000	100.030000	30.000
100.080000	101.030000	78.000
100.080000	100.430000	52.000
100.080000	100.430000	42.000
100.080000	100.340000	73.000
100.480000	100.580000	42.000
100.630000	100.860000	54.000
100.910000	101.920000	54.000
101.080000	102.060000	66.000
101.080000	101.920000	75.000
101.080000	101.920000	35.000
101.080000	101.470000	73.000
101.080000	101.470000	30.000
101.520000	102.060000	47.000
101.520000	101.920000	88.000
101.520000	101.920000	63.000
101.520000	101.920000	42.000
101.970000	103.250000	54.000
102.110000	104.520000	66.000
102.110000	103.250000	61.000
102.110000	102.810000	92.000
102.110000	102.390000	59.000
102.110000	102.390000	30.000
102.440000	104.180000	42.000
102.440000	103.250000	80.000
102.440000	103.250000	73.000
102.440000	102.810000	59.000
102.860000	103.710000	75.000
102.860000	103.430000	35.000
103.300000	105.070000	54.000
103.300000	104.180000	47.000
103.300000	103.710000	63.000
103.480000	103.800000	90.000
103.760000	104.630000	61.000
103.850000	105.280000	59.000
103.850000	104.630000	30.000
103.850000	104.180000	73.000
104.230000	105.510000	42.000
104.230000	105.070000	73.000
104.230000	104.630000	80.000
104.680000	105.510000	35.000
104.680000	105.070000	71.000
104.680000	105.070000	64.000
105.120000	106.500000	47.000
105.120000	106.240000	54.000
105.120000	105.280000	63.000
105.330000	106.240000	66.000
105.330000	105.510000	64.000
105.330000	105.510000	61.000
105.560000	106.500000	71.000
105.560000	106.500000	63.000
105.560000	106.240000	42.000
105.560000	106.000000	59.000
106.050000	106.500000	59.000
106.050000	106.290000	90.000
106.340000	106.500000	87.000
106.340000	106.500000	78.000
106.340000	106.500000	51.000
106.340000	106.500000	35.000
106.550000	107.270000	68.000
106.550000	107.210000	73.000
106.550000	106.960000	92.000
106.550000	106.960000	65.000
106.550000	106.960000	53.000
106.550000	106.960000	37.000
107.010000	107.440000	53.000
107.010000	107.270000	61.000
107.010000	107.210000	92.000
107.320000	107.440000	77.000
107.320000	107.440000	73.000
107.320000	107.440000	61.000
107.320000	107.440000	41.000
107.490000	108.830000	82.000
107.490000	108.830000	63.000
107.490000	108.830000	55.000
107.490000	108.830000	51.000
107.490000	108.830000	43.000
108.880000	109.760000	59.000
108.880000	109.760000	44.000
108.880000	109.290000	63.000
109.340000	109.760000	63.000
109.340000	109.650000	71.000
109.700000	109.760000	56.000
109.810000	110.670000	92.000
109.810000	110.670000	70.000
109.810000	110.670000	66.000
109.810000	110.670000	63.000
109.810000	110.670000	39.000
110.720000	111.600000	83.000
110.720000	111.600000	71.000
110.720000	111.600000	68.000
110.720000	111.600000	64.000
110.720000	111.110000	56.000
110.720000	111.110000	40.000
111.160000	112.060000	59.000
111.160000	111.600000	61.000
111.160000	111.600000	56.000
111.160000	111.600000	52.000
111.650000	112.520000	66.000
111.650000	112.060000	63.000
111.650000	112.060000	51.000
111.650000	112.060000	35.000
112.110000	112.520000	90.000
112.110000	112.520000	85.000
112.110000	112.520000	63.000
112.110000	112.520000	59.000
112.110000	112.520000	54.000
112.110000	112.520000	51.000
112.570000	113.870000	90.000
112.570000	113.870000	71.000
112.570000	113.440000	65.000
112.570000	113.440000	63.000
112.570000	113.440000	59.000
112.570000	113.440000	53.000
112.570000	113.440000	41.000
113.490000	115.670000	66.000
113.490000	114.800000	73.000
113.490000	114.800000	59.000
113.490000	113.870000	63.000
113.490000	113.870000	42.000
113.920000	115.730000	54.000
113.920000	115.250000	61.000
113.920000	115.250000	30.000
113.920000	115.120000	64.000
113.920000	114.800000	63.000
114.850000	115.730000	42.000
114.850000	115.250000	80.000
114.850000	115.250000	73.000
115.170000	115.250000	49.000
115.300000	120.750000	71.000
115.300000	116.610000	78.000
115.300000	115.730000	87.000
115.300000	115.730000	35.000
115.780000	116.190000	63.000
115.780000	116.190000	59.000
115.780000	116.190000	54.000
115.780000	116.140000	47.000
116.240000	117.100000	59.000
116.240000	117.100000	54.000
116.240000	116.610000	64.000
116.240000	116.610000	61.000
116.660000	124.470000	78.000
117.150000	117.550000	63.000
117.150000	117.550000	59.000
117.150000	117.550000	54.000
117.600000	118.910000	59.000
117.600000	118.910000	54.000
117.600000	117.980000	63.000
118.030000	118.910000	64.000
118.030000	118.910000	61.000
118.960000	120.290000	59.000
118.960000	119.380000	63.000
118.960000	119.380000	54.000
119.430000	120.290000	54.000
119.430000	119.840000	90.000
119.430000	119.840000	63.000
119.890000	120.290000	68.000
119.890000	120.290000	64.000
120.340000	121.230000	59.000
120.340000	120.750000	64.000
120.340000	120.750000	61.000
120.340000	120.750000	54.000
120.800000	121.650000	71.000
120.800000	121.230000	63.000
120.800000	121.230000	54.000
121.280000	121.700000	63.000
121.280000	121.700000	59.000
121.280000	121.700000	54.000
121.750000	123.990000	71.000
121.750000	123.990000	59.000
121.750000	122.620000	64.000
121.750000	122.620000	61.000
121.750000	122.620000	54.000
122.670000	123.060000	87.000
123.110000	123.990000	63.000
123.580000	123.990000	66.000
124.040000	126.790000	66.000
124.040000	125.370000	85.000
124.040000	124.910000	59.000
124.040000	124.470000	71.000
124.040000	124.470000	70.000
124.040000	124.470000	68.000
124.520000	127.710000	54.000
124.520000	124.910000	73.000
124.520000	124.910000	61.000
124.960000	126.310000	61.000
124.960000	125.370000	73.000
124.960000	125.370000	68.000
125.420000	126.790000	73.000
125.420000	125.830000	71.000
125.880000	126.310000	85.000
125.880000	126.310000	64.000
126.360000	128.210000	82.000
126.360000	127.260000	75.000
126.360000	126.790000	78.000
126.360000	126.790000	71.000
126.360000	126.790000	70.000
126.360000	126.790000	63.000
126.840000	127.710000	63.000
126.840000	127.260000	78.000
126.840000	127.260000	66.000
127.310000	128.210000	75.000
127.310000	127.710000	66.000
127.760000	128.210000	66.000
127.760000	128.210000	63.000
127.760000	128.210000	54.000
127.760000	128.160000	78.000
127.760000	128.160000	70.000
128.260000	129.060000	54.000
128.260000	128.640000	85.000
128.260000	128.640000	75.000
128.260000	128.640000	71.000
128.260000	128.640000	68.000
128.260000	128.640000	64.000
128.690000	129.060000	64.000
128.690000	128.980000	83.000
128.690000	128.980000	71.000
128.690000	128.980000	68.000
129.030000	129.100000	83.000
129.030000	129.100000	76.000
129.150000	130.920000	54.000
129.150000	129.530000	85.000
129.150000	129.530000	83.000
129.150000	129.530000	76.000
129.150000	129.530000	71.000
129.150000	129.530000	68.000
129.150000	129.530000	64.000
129.580000	129.990000	92.000
129.580000	129.990000	83.000
129.580000	129.990000	76.000
129.580000	129.990000	71.000
129.580000	129.990000	64.000
130.040000	130.920000	80.000
130.040000	130.920000	75.000
130.040000	130.920000	71.000
130.040000	130.920000	63.000
130.970000	132.820000	54.000
130.970000	132.420000	85.000
130.970000	132.360000	76.000
130.970000	132.360000	71.000
130.970000	132.360000	68.000
130.970000	132.360000	61.000
132.470000	132.820000	88.000
132.470000	132.820000	87.000
132.470000	132.820000	85.000
132.470000	132.820000	76.000
132.470000	132.820000	75.000
132.470000	132.820000	73.000
132.470000	132.820000	67.000
132.470000	132.820000	66.000
132.470000	132.820000	65.000
132.870000	133.720000	68.000
132.870000	133.280000	89.000
132.870000	133.280000	85.000
132.870000	133.280000	77.000
132.870000	133.280000	73.000
132.870000	133.280000	56.000
133.330000	133.810000	87.000
133.330000	133.720000	85.000
133.330000	133.720000	73.000
133.330000	133.720000	44.000
133.770000	133.810000	75.000
133.860000	134.200000	87.000
133.860000	134.200000	82.000
133.860000	134.200000	66.000
133.860000	134.200000	56.000
134.250000	134.640000	87.000
134.250000	134.640000	84.000
134.250000	134.640000	77.000
134.250000	134.640000	66.000
134.250000	134.640000	44.000
134.690000	135.340000	89.000
134.690000	135.340000	56.000
134.690000	135.100000	87.000
134.690000	135.100000	77.000
134.690000	135.100000	73.000
135.150000	135.560000	85.000
135.150000	135.560000	77.000
135.150000	135.340000	73.000
135.150000	135.340000	68.000
135.150000	135.340000	44.000
135.390000	136.470000	68.000
135.390000	135.630000	73.000
135.390000	135.560000	65.000
135.610000	136.470000	75.000
135.680000	136.470000	87.000
135.680000	136.470000	66.000
136.060000	136.470000	44.000
136.520000	137.140000	77.000
136.520000	136.910000	85.000
136.520000	136.910000	84.000
136.520000	136.910000	78.000
136.520000	136.910000	73.000
136.520000	136.910000	68.000
136.520000	136.910000	65.000
136.520000	136.910000	56.000
136.960000	138.030000	85.000
136.960000	137.140000	89.000
136.960000	137.140000	68.000
137.190000	138.030000	82.000
137.190000	137.810000	78.000
137.190000	137.360000	70.000
137.190000	137.360000	65.000
137.190000	137.360000	44.000
137.410000	138.030000	92.000
137.410000	137.810000	66.000
137.410000	137.810000	56.000
137.410000	137.810000	54.000
137.860000	138.250000	80.000
137.860000	138.250000	73.000
137.860000	138.030000	87.000
137.860000	138.030000	66.000
138.080000	139.160000	87.000
138.080000	138.250000	89.000
138.080000	138.250000	77.000
138.080000	138.250000	44.000
138.300000	138.920000	73.000
138.300000	138.710000	63.000
138.300000	138.550000	56.000
138.600000	139.160000	82.000
138.760000	138.810000	63.000
138.860000	139.160000	63.000
138.860000	139.160000	44.000
138.970000	139.160000	79.000
139.210000	140.560000	72.000
139.210000	140.390000	60.000
139.210000	140.140000	84.000
139.210000	140.140000	80.000
139.680000	140.070000	87.000
140.190000	140.560000	77.000
140.190000	140.560000	56.000
140.190000	140.560000	44.000
140.190000	140.390000	80.000
140.190000	140.390000	66.000
140.440000	141.020000	87.000
140.440000	140.560000	80.000
140.610000	141.020000	44.000
140.610000	140.790000	66.000
140.610000	140.790000	63.000
140.840000	141.020000	66.000
140.840000	141.020000	63.000
141.150000	141.670000	73.000
141.150000	141.470000	87.000
141.150000	141.470000	78.000
141.150000	141.470000	66.000
141.150000	141.470000	65.000
141.150000	141.470000	61.000
141.150000	141.470000	56.000
141.150000	141.470000	44.000
141.520000	141.770000	65.000
141.720000	142.370000	77.000
141.720000	141.920000	73.000
141.820000	142.370000	65.000
141.970000	142.610000	56.000
141.970000	142.370000	72.000
141.970000	142.370000	70.000
141.970000	142.370000	63.000
141.970000	142.370000	44.000
142.420000	142.830000	63.000
142.420000	142.830000	44.000
142.420000	142.610000	70.000
142.660000	142.830000	73.000
142.660000	142.830000	70.000
142.880000	146.070000	73.000
142.880000	145.130000	61.000
142.880000	143.300000	65.000
142.880000	143.300000	53.000
143.350000	146.010000	53.000
144.250000	146.130000	68.000
144.250000	146.010000	65.000
144.250000	145.130000	56.000
145.180000	146.010000	61.000
145.180000	146.010000	44.000
146.180000	146.550000	84.000
146.180000	146.550000	63.000
146.180000	146.550000	60.000
146.180000	146.550000	51.000
146.180000	146.550000	44.000
146.600000	151.050000	73.000
146.600000	151.050000	70.000
146.600000	151.050000	66.000
146.600000	151.050000	37.000
146.600000	151.050000	34.000
