0.859138	0.859138	0.859
1.184218	1.184218	1.184
1.242268	1.242268	1.242
1.358367	1.358367	1.358
1.880816	1.880816	1.881
2.147846	2.147846	2.148
2.391655	2.391655	2.392
3.250794	3.250794	3.251
3.541043	3.541043	3.541
3.866122	3.866122	3.866
3.924172	3.924172	3.924
4.040272	4.040272	4.040
4.539501	4.539501	4.540
4.806531	4.806531	4.807
5.050340	5.050340	5.050
5.166440	5.166440	5.166
5.212880	5.212880	5.213
5.363810	5.363810	5.364
6.211338	6.211338	6.211
6.582857	6.582857	6.583
6.873107	6.873107	6.873
7.000816	7.000816	7.001
7.186576	7.186576	7.187
7.534875	7.534875	7.535
7.871565	7.871565	7.872
8.301134	8.301134	8.301
8.521723	8.521723	8.522
8.870023	8.870023	8.870
9.218322	9.218322	9.218
9.346032	9.346032	9.346
9.810431	9.810431	9.810
10.414150	10.414150	10.414
11.749297	11.749297	11.749
12.144036	12.144036	12.144
12.573605	12.573605	12.574
12.852245	12.852245	12.852
13.421134	13.421134	13.421
13.711383	13.711383	13.711
13.990023	13.990023	13.990
14.268662	14.268662	14.269
14.407982	14.407982	14.408
14.524082	14.524082	14.524
14.814331	14.814331	14.814
15.092971	15.092971	15.093
15.243900	15.243900	15.244
15.406440	15.406440	15.406
15.476100	15.476100	15.476
15.650249	15.650249	15.650
15.940499	15.940499	15.940
16.230748	16.230748	16.231
16.497778	16.497778	16.498
16.776417	16.776417	16.776
17.066667	17.066667	17.067
17.345306	17.345306	17.345
17.484626	17.484626	17.485
17.879365	17.879365	17.879
18.065125	18.065125	18.065
18.192834	18.192834	18.193
18.320544	18.320544	18.321
18.471474	18.471474	18.471
18.750113	18.750113	18.750
18.901043	18.901043	18.901
19.017143	19.017143	19.017
19.307392	19.307392	19.307
19.586032	19.586032	19.586
20.201361	20.201361	20.201
20.433560	20.433560	20.434
20.549660	20.549660	20.550
20.712200	20.712200	20.712
20.979229	20.979229	20.979
21.118549	21.118549	21.119
21.257868	21.257868	21.258
21.397188	21.397188	21.397
21.548118	21.548118	21.548
21.826757	21.826757	21.827
22.093787	22.093787	22.094
22.244717	22.244717	22.245
22.384036	22.384036	22.384
22.511746	22.511746	22.512
22.674286	22.674286	22.674
22.941315	22.941315	22.941
23.069025	23.069025	23.069
23.231565	23.231565	23.232
23.359274	23.359274	23.359
23.498594	23.498594	23.499
23.649524	23.649524	23.650
23.788844	23.788844	23.789
23.916553	23.916553	23.917
24.067483	24.067483	24.067
24.206803	24.206803	24.207
24.357732	24.357732	24.358
24.473832	24.473832	24.474
24.624762	24.624762	24.625
24.752472	24.752472	24.752
24.903401	24.903401	24.903
25.193651	25.193651	25.194
25.321361	25.321361	25.321
25.472290	25.472290	25.472
25.600000	25.600000	25.600
25.750930	25.750930	25.751
25.890249	25.890249	25.890
26.041179	26.041179	26.041
26.308209	26.308209	26.308
26.575238	26.575238	26.575
26.714558	26.714558	26.715
26.877098	26.877098	26.877
26.993197	26.993197	26.993
27.155737	27.155737	27.156
27.260227	27.260227	27.260
27.434376	27.434376	27.434
27.713016	27.713016	27.713
27.852336	27.852336	27.852
27.980045	27.980045	27.980
28.154195	28.154195	28.154
28.281905	28.281905	28.282
28.560544	28.560544	28.561
28.839184	28.839184	28.839
28.966893	28.966893	28.967
29.117823	29.117823	29.118
29.210703	29.210703	29.211
29.408073	29.408073	29.408
29.500952	29.500952	29.501
29.675102	29.675102	29.675
29.965351	29.965351	29.965
30.232381	30.232381	30.232
30.522630	30.522630	30.523
30.789660	30.789660	30.790
31.068299	31.068299	31.068
31.219229	31.219229	31.219
31.346939	31.346939	31.347
31.637188	31.637188	31.637
31.776508	31.776508	31.777
31.915828	31.915828	31.916
32.043537	32.043537	32.044
32.206077	32.206077	32.206
32.333787	32.333787	32.334
32.473107	32.473107	32.473
32.751746	32.751746	32.752
32.902676	32.902676	32.903
33.030385	33.030385	33.030
33.181315	33.181315	33.181
33.320635	33.320635	33.321
33.599274	33.599274	33.599
33.877914	33.877914	33.878
33.970794	33.970794	33.971
34.144943	34.144943	34.145
34.435193	34.435193	34.435
34.713832	34.713832	34.714
35.004082	35.004082	35.004
35.271111	35.271111	35.271
35.433651	35.433651	35.434
35.572971	35.572971	35.573
35.689070	35.689070	35.689
35.840000	35.840000	35.840
36.118639	36.118639	36.119
36.362449	36.362449	36.362
36.408889	36.408889	36.409
36.699138	36.699138	36.699
36.826848	36.826848	36.827
36.954558	36.954558	36.955
37.244807	37.244807	37.245
37.360907	37.360907	37.361
37.523447	37.523447	37.523
37.651156	37.651156	37.651
37.802086	37.802086	37.802
38.092336	38.092336	38.092
38.231655	38.231655	38.232
38.370975	38.370975	38.371
38.498685	38.498685	38.499
38.638005	38.638005	38.638
38.916644	38.916644	38.917
39.206893	39.206893	39.207
39.485533	39.485533	39.486
39.764172	39.764172	39.764
40.042812	40.042812	40.043
40.182132	40.182132	40.182
40.333061	40.333061	40.333
40.611701	40.611701	40.612
40.751020	40.751020	40.751
40.890340	40.890340	40.890
41.018050	41.018050	41.018
41.180590	41.180590	41.181
41.296689	41.296689	41.297
41.447619	41.447619	41.448
41.540499	41.540499	41.540
41.726259	41.726259	41.726
41.877188	41.877188	41.877
42.004898	42.004898	42.005
42.144218	42.144218	42.144
42.295147	42.295147	42.295
42.573787	42.573787	42.574
42.713107	42.713107	42.713
42.864036	42.864036	42.864
42.991746	42.991746	42.992
43.119456	43.119456	43.119
43.270385	43.270385	43.270
43.421315	43.421315	43.421
43.560635	43.560635	43.561
43.688345	43.688345	43.688
43.978594	43.978594	43.979
44.245624	44.245624	44.246
44.408163	44.408163	44.408
44.547483	44.547483	44.547
44.663583	44.663583	44.664
44.802902	44.802902	44.803
45.093152	45.093152	45.093
45.383401	45.383401	45.383
45.499501	45.499501	45.500
45.662041	45.662041	45.662
45.801361	45.801361	45.801
45.929070	45.929070	45.929
46.219320	46.219320	46.219
46.497959	46.497959	46.498
46.776599	46.776599	46.777
46.915918	46.915918	46.916
47.055238	47.055238	47.055
47.194558	47.194558	47.195
47.345488	47.345488	47.345
47.600907	47.600907	47.601
48.018866	48.018866	48.019
48.146576	48.146576	48.147
48.529705	48.529705	48.530
48.622585	48.622585	48.623
48.738685	48.738685	48.739
49.203084	49.203084	49.203
49.470113	49.470113	49.470
49.609433	49.609433	49.609
49.888073	49.888073	49.888
50.445351	50.445351	50.445
50.654331	50.654331	50.654
50.863311	50.863311	50.863
50.979410	50.979410	50.979
51.072290	51.072290	51.072
51.246440	51.246440	51.246
51.548299	51.548299	51.548
51.838549	51.838549	51.839
52.117188	52.117188	52.117
52.256508	52.256508	52.257
52.384218	52.384218	52.384
52.674467	52.674467	52.674
52.964717	52.964717	52.965
53.150476	53.150476	53.150
53.231746	53.231746	53.232
53.394286	53.394286	53.394
53.521995	53.521995	53.522
53.614875	53.614875	53.615
53.789025	53.789025	53.789
54.079274	54.079274	54.079
54.334694	54.334694	54.335
54.485624	54.485624	54.486
54.624943	54.624943	54.625
54.764263	54.764263	54.764
54.903583	54.903583	54.904
55.182222	55.182222	55.182
55.472472	55.472472	55.472
55.600181	55.600181	55.600
55.751111	55.751111	55.751
55.890431	55.890431	55.890
56.018141	56.018141	56.018
56.169070	56.169070	56.169
56.320000	56.320000	56.320
56.587029	56.587029	56.587
56.726349	56.726349	56.726
56.877279	56.877279	56.877
57.016599	57.016599	57.017
57.155918	57.155918	57.156
57.272018	57.272018	57.272
57.434558	57.434558	57.435
57.678367	57.678367	57.678
57.852517	57.852517	57.853
57.991837	57.991837	57.992
58.270476	58.270476	58.270
58.560726	58.560726	58.561
58.839365	58.839365	58.839
58.967075	58.967075	58.967
59.118005	59.118005	59.118
59.257324	59.257324	59.257
59.385034	59.385034	59.385
59.675283	59.675283	59.675
59.965533	59.965533	59.966
60.104853	60.104853	60.105
60.232562	60.232562	60.233
60.511202	60.511202	60.511
60.813061	60.813061	60.813
61.080091	61.080091	61.080
61.231020	61.231020	61.231
61.370340	61.370340	61.370
61.498050	61.498050	61.498
61.637370	61.637370	61.637
61.892789	61.892789	61.893
62.194649	62.194649	62.195
62.229478	62.229478	62.229
62.473288	62.473288	62.473
62.624218	62.624218	62.624
62.763537	62.763537	62.764
62.891247	62.891247	62.891
63.053787	63.053787	63.054
63.146667	63.146667	63.147
63.309206	63.309206	63.309
63.471746	63.471746	63.472
63.611066	63.611066	63.611
63.878095	63.878095	63.878
64.133515	64.133515	64.134
64.446984	64.446984	64.447
64.714014	64.714014	64.714
65.004263	65.004263	65.004
65.120363	65.120363	65.120
65.317732	65.317732	65.318
65.549932	65.549932	65.550
65.735692	65.735692	65.736
65.886621	65.886621	65.887
65.991111	65.991111	65.991
66.107211	66.107211	66.107
66.432290	66.432290	66.432
66.687710	66.687710	66.688
66.745760	66.745760	66.746
67.070839	67.070839	67.071
67.244989	67.244989	67.245
67.535238	67.535238	67.535
67.813878	67.813878	67.814
68.080907	68.080907	68.081
68.185397	68.185397	68.185
68.324717	68.324717	68.325
68.487256	68.487256	68.487
68.626576	68.626576	68.627
68.916825	68.916825	68.917
69.009705	69.009705	69.010
69.067755	69.067755	69.068
69.218685	69.218685	69.219
69.485714	69.485714	69.486
69.566984	69.566984	69.567
69.625034	69.625034	69.625
69.775964	69.775964	69.776
69.915283	69.915283	69.915
70.042993	70.042993	70.043
70.310023	70.310023	70.310
70.460952	70.460952	70.461
70.600272	70.600272	70.600
70.890522	70.890522	70.891
71.018231	71.018231	71.018
71.169161	71.169161	71.169
71.308481	71.308481	71.308
71.459410	71.459410	71.459
71.587120	71.587120	71.587
71.714830	71.714830	71.715
72.005079	72.005079	72.005
72.156009	72.156009	72.156
72.283719	72.283719	72.284
72.423039	72.423039	72.423
72.573968	72.573968	72.574
72.678458	72.678458	72.678
72.852608	72.852608	72.853
73.142857	73.142857	73.143
73.398277	73.398277	73.398
73.700136	73.700136	73.700
73.978776	73.978776	73.979
74.257415	74.257415	74.257
74.524444	74.524444	74.524
74.675374	74.675374	74.675
74.826304	74.826304	74.826
74.942404	74.942404	74.942
75.093333	75.093333	75.093
75.371973	75.371973	75.372
75.662222	75.662222	75.662
75.952472	75.952472	75.952
76.080181	76.080181	76.080
76.207891	76.207891	76.208
76.486531	76.486531	76.487
76.637460	76.637460	76.637
76.776780	76.776780	76.777
76.869660	76.869660	76.870
76.927710	76.927710	76.928
77.067029	77.067029	77.067
77.345669	77.345669	77.346
77.473379	77.473379	77.473
77.624308	77.624308	77.624
77.752018	77.752018	77.752
77.891338	77.891338	77.891
77.984218	77.984218	77.984
78.169977	78.169977	78.170
78.320907	78.320907	78.321
78.460227	78.460227	78.460
78.750476	78.750476	78.750
79.005896	79.005896	79.006
79.098776	79.098776	79.099
79.296145	79.296145	79.296
79.423855	79.423855	79.424
79.574785	79.574785	79.575
79.865034	79.865034	79.865
79.992744	79.992744	79.993
80.143673	80.143673	80.144
80.236553	80.236553	80.237
80.422313	80.422313	80.422
80.550023	80.550023	80.550
80.689342	80.689342	80.689
80.979592	80.979592	80.980
81.269841	81.269841	81.270
81.548481	81.548481	81.548
81.827120	81.827120	81.827
81.978050	81.978050	81.978
82.117370	82.117370	82.117
82.372789	82.372789	82.373
82.674649	82.674649	82.675
82.941678	82.941678	82.942
83.080998	83.080998	83.081
83.231927	83.231927	83.232
83.498957	83.498957	83.499
83.649887	83.649887	83.650
83.800816	83.800816	83.801
83.916916	83.916916	83.917
84.056236	84.056236	84.056
84.207166	84.207166	84.207
84.346485	84.346485	84.346
84.625125	84.625125	84.625
84.752834	84.752834	84.753
84.903764	84.903764	84.904
85.043084	85.043084	85.043
85.182404	85.182404	85.182
85.321723	85.321723	85.322
85.461043	85.461043	85.461
85.739683	85.739683	85.740
85.971882	85.971882	85.972
86.575601	86.575601	86.576
86.865850	86.865850	86.866
87.040000	87.040000	87.040
87.295419	87.295419	87.295
87.411519	87.411519	87.412
87.585669	87.585669	87.586
87.794649	87.794649	87.795
87.875918	87.875918	87.876
87.992018	87.992018	87.992
88.282268	88.282268	88.282
88.711837	88.711837	88.712
88.862766	88.862766	88.863
89.002086	89.002086	89.002
89.118186	89.118186	89.118
89.176236	89.176236	89.176
89.698685	89.698685	89.699
89.954104	89.954104	89.954
90.244354	90.244354	90.244
90.511383	90.511383	90.511
90.801633	90.801633	90.802
90.929342	90.929342	90.929
91.068662	91.068662	91.069
91.184762	91.184762	91.185
91.358912	91.358912	91.359
91.486621	91.486621	91.487
91.637551	91.637551	91.638
91.916190	91.916190	91.916
92.206440	92.206440	92.206
92.473469	92.473469	92.473
92.763719	92.763719	92.764
93.030748	93.030748	93.031
93.320998	93.320998	93.321
93.611247	93.611247	93.611
93.866667	93.866667	93.867
94.017596	94.017596	94.018
94.156916	94.156916	94.157
94.423946	94.423946	94.424
94.563265	94.563265	94.563
94.725805	94.725805	94.726
94.853515	94.853515	94.854
95.004444	95.004444	95.004
95.271474	95.271474	95.271
95.399184	95.399184	95.399
95.573333	95.573333	95.573
95.840363	95.840363	95.840
95.979683	95.979683	95.980
96.107392	96.107392	96.107
96.258322	96.258322	96.258
96.397642	96.397642	96.398
96.676281	96.676281	96.676
96.815601	96.815601	96.816
96.978141	96.978141	96.978
97.105850	97.105850	97.106
97.245170	97.245170	97.245
97.396100	97.396100	97.396
97.512200	97.512200	97.512
97.814059	97.814059	97.814
98.023039	98.023039	98.023
98.092698	98.092698	98.093
98.220408	98.220408	98.220
98.348118	98.348118	98.348
98.510658	98.510658	98.511
98.626757	98.626757	98.627
98.917007	98.917007	98.917
99.218866	99.218866	99.219
99.346576	99.346576	99.347
99.485896	99.485896	99.486
99.683265	99.683265	99.683
99.764535	99.764535	99.765
100.054785	100.054785	100.055
100.321814	100.321814	100.322
100.623673	100.623673	100.624
100.739773	100.739773	100.740
100.879093	100.879093	100.879
101.180952	101.180952	101.181
101.297052	101.297052	101.297
101.459592	101.459592	101.460
101.564082	101.564082	101.564
101.715011	101.715011	101.715
101.912381	101.912381	101.912
102.016871	102.016871	102.017
102.144580	102.144580	102.145
102.283900	102.283900	102.284
102.562540	102.562540	102.563
102.864399	102.864399	102.864
102.992109	102.992109	102.992
103.119819	103.119819	103.120
103.444898	103.444898	103.445
103.688707	103.688707	103.689
103.839637	103.839637	103.840
103.967347	103.967347	103.967
104.141497	104.141497	104.141
104.257596	104.257596	104.258
104.385306	104.385306	104.385
104.547846	104.547846	104.548
104.803265	104.803265	104.803
105.116735	105.116735	105.117
105.360544	105.360544	105.361
105.557914	105.557914	105.558
105.790113	105.790113	105.790
105.929433	105.929433	105.929
106.219683	106.219683	106.220
106.347392	106.347392	106.347
106.498322	106.498322	106.498
106.660862	106.660862	106.661
106.776961	106.776961	106.777
106.939501	106.939501	106.940
107.043991	107.043991	107.044
107.322630	107.322630	107.323
107.508390	107.508390	107.508
107.624490	107.624490	107.624
107.752200	107.752200	107.752
107.903129	107.903129	107.903
108.170159	108.170159	108.170
108.472018	108.472018	108.472
108.599728	108.599728	108.600
108.739048	108.739048	108.739
109.017687	109.017687	109.018
109.296327	109.296327	109.296
109.586576	109.586576	109.587
109.853605	109.853605	109.854
110.143855	110.143855	110.144
110.271565	110.271565	110.272
110.422494	110.422494	110.422
110.561814	110.561814	110.562
110.701134	110.701134	110.701
110.828844	110.828844	110.829
110.968163	110.968163	110.968
111.258413	111.258413	111.258
111.374512	111.374512	111.375
111.537052	111.537052	111.537
111.664762	111.664762	111.665
111.827302	111.827302	111.827
112.105941	112.105941	112.106
112.256871	112.256871	112.257
112.396190	112.396190	112.396
112.512290	112.512290	112.512
112.663220	112.663220	112.663
112.744490	112.744490	112.744
112.999909	112.999909	113.000
113.232109	113.232109	113.232
113.510748	113.510748	113.511
113.777778	113.777778	113.778
113.928707	113.928707	113.929
114.079637	114.079637	114.080
114.346667	114.346667	114.347
114.625306	114.625306	114.625
114.764626	114.764626	114.765
114.915556	114.915556	114.916
115.031655	115.031655	115.032
115.194195	115.194195	115.194
115.333515	115.333515	115.334
115.461224	115.461224	115.461
115.751474	115.751474	115.751
116.018503	116.018503	116.019
116.297143	116.297143	116.297
116.471293	116.471293	116.471
116.587392	116.587392	116.587
116.726712	116.726712	116.727
116.866032	116.866032	116.866
117.040181	117.040181	117.040
117.133061	117.133061	117.133
117.272381	117.272381	117.272
117.376871	117.376871	117.377
117.585850	117.585850	117.586
117.713560	117.713560	117.714
118.003810	118.003810	118.004
118.131519	118.131519	118.132
118.270839	118.270839	118.271
118.363719	118.363719	118.364
118.816508	118.816508	118.817
119.153197	119.153197	119.153
119.257687	119.257687	119.258
119.397007	119.397007	119.397
119.640816	119.640816	119.641
119.954286	119.954286	119.954
120.244535	120.244535	120.245
120.360635	120.360635	120.361
120.511565	120.511565	120.512
120.662494	120.662494	120.662
120.790204	120.790204	120.790
120.929524	120.929524	120.930
121.068844	121.068844	121.069
121.498413	121.498413	121.498
121.649342	121.649342	121.649
121.730612	121.730612	121.731
121.800272	121.800272	121.800
122.090522	122.090522	122.091
122.195011	122.195011	122.195
122.543311	122.543311	122.543
122.612971	122.612971	122.613
122.636190	122.636190	122.636
122.763900	122.763900	122.764
123.030930	123.030930	123.031
123.216689	123.216689	123.217
123.309569	123.309569	123.310
123.890068	123.890068	123.890
124.087438	124.087438	124.087
124.308027	124.308027	124.308
124.435737	124.435737	124.436
124.737596	124.737596	124.738
124.993016	124.993016	124.993
125.120726	125.120726	125.121
125.283265	125.283265	125.283
125.561905	125.561905	125.562
125.689615	125.689615	125.690
126.119184	126.119184	126.119
126.281723	126.281723	126.282
126.397823	126.397823	126.398
126.560363	126.560363	126.560
126.688073	126.688073	126.688
126.885442	126.885442	126.885
126.955102	126.955102	126.955
126.989932	126.989932	126.990
127.245351	127.245351	127.245
127.663311	127.663311	127.663
127.802630	127.802630	127.803
128.116100	128.116100	128.116
128.220590	128.220590	128.221
128.359909	128.359909	128.360
128.684989	128.684989	128.685
128.928798	128.928798	128.929
129.230658	129.230658	129.231
129.497687	129.497687	129.498
129.880816	129.880816	129.881
130.054966	130.054966	130.055
130.182676	130.182676	130.183
130.345215	130.345215	130.345
130.507755	130.507755	130.508
130.612245	130.612245	130.612
131.018594	131.018594	131.019
131.157914	131.157914	131.158
131.715193	131.715193	131.715
131.866122	131.866122	131.866
132.028662	132.028662	132.029
132.295692	132.295692	132.296
132.400181	132.400181	132.400
132.481451	132.481451	132.481
132.609161	132.609161	132.609
132.771701	132.771701	132.772
132.852971	132.852971	132.853
132.980680	132.980680	132.981
133.143220	133.143220	133.143
133.328980	133.328980	133.329
133.421859	133.421859	133.422
133.700499	133.700499	133.700
133.758549	133.758549	133.759
133.967528	133.967528	133.968
134.083628	134.083628	134.084
134.257778	134.257778	134.258
134.315828	134.315828	134.316
134.536417	134.536417	134.536
134.664127	134.664127	134.664
134.919546	134.919546	134.920
135.105306	135.105306	135.105
135.151746	135.151746	135.152
135.221406	135.221406	135.221
135.372336	135.372336	135.372
135.650975	135.650975	135.651
135.743855	135.743855	135.744
135.941224	135.941224	135.941
136.068934	136.068934	136.069
136.208254	136.208254	136.208
136.498503	136.498503	136.499
136.637823	136.637823	136.638
136.765533	136.765533	136.766
137.055782	137.055782	137.056
137.183492	137.183492	137.183
137.334422	137.334422	137.334
137.462132	137.462132	137.462
137.624671	137.624671	137.625
137.752381	137.752381	137.752
137.891701	137.891701	137.892
138.170340	138.170340	138.170
138.448980	138.448980	138.449
138.739229	138.739229	138.739
139.017868	139.017868	139.018
139.168798	139.168798	139.169
139.308118	139.308118	139.308
139.400998	139.400998	139.401
139.575147	139.575147	139.575
139.668027	139.668027	139.668
139.865397	139.865397	139.865
140.004717	140.004717	140.005
140.144036	140.144036	140.144
140.422676	140.422676	140.423
140.689705	140.689705	140.690
140.840635	140.840635	140.841
140.991565	140.991565	140.992
141.119274	141.119274	141.119
141.258594	141.258594	141.259
141.537234	141.537234	141.537
141.781043	141.781043	141.781
141.955193	141.955193	141.955
142.094512	142.094512	142.095
142.245442	142.245442	142.245
142.373152	142.373152	142.373
142.524082	142.524082	142.524
142.663401	142.663401	142.663
142.802721	142.802721	142.803
142.942041	142.942041	142.942
143.081361	143.081361	143.081
143.232290	143.232290	143.232
143.510930	143.510930	143.511
143.777959	143.777959	143.778
143.917279	143.917279	143.917
144.056599	144.056599	144.057
144.219138	144.219138	144.219
144.335238	144.335238	144.335
144.416508	144.416508	144.417
144.625488	144.625488	144.625
144.776417	144.776417	144.776
144.904127	144.904127	144.904
145.171156	145.171156	145.171
145.473016	145.473016	145.473
145.600726	145.600726	145.601
145.740045	145.740045	145.740
146.030295	146.030295	146.030
146.308934	146.308934	146.309
146.448254	146.448254	146.448
146.599184	146.599184	146.599
146.715283	146.715283	146.715
146.866213	146.866213	146.866
147.144853	147.144853	147.145
147.435102	147.435102	147.435
147.562812	147.562812	147.563
147.713741	147.713741	147.714
147.992381	147.992381	147.992
148.282630	148.282630	148.283
148.410340	148.410340	148.410
148.549660	148.549660	148.550
148.642540	148.642540	148.643
148.816689	148.816689	148.817
148.979229	148.979229	148.979
149.106939	149.106939	149.107
149.397188	149.397188	149.397
149.664218	149.664218	149.664
149.826757	149.826757	149.827
149.966077	149.966077	149.966
150.221497	150.221497	150.221
150.523356	150.523356	150.523
150.743946	150.743946	150.744
151.080635	151.080635	151.081
151.219955	151.219955	151.220
151.347664	151.347664	151.348
151.637914	151.637914	151.638
151.777234	151.777234	151.777
151.916553	151.916553	151.917
152.055873	152.055873	152.056
152.206803	152.206803	152.207
152.334512	152.334512	152.335
152.485442	152.485442	152.485
152.624762	152.624762	152.625
152.764082	152.764082	152.764
152.891791	152.891791	152.892
153.031111	153.031111	153.031
153.588390	153.588390	153.588
153.750930	153.750930	153.751
153.971519	153.971519	153.972
154.168889	154.168889	154.169
155.028027	155.028027	155.028
155.260227	155.260227	155.260
155.678186	155.678186	155.678
155.863946	155.863946	155.864
156.096145	156.096145	156.096
156.432834	156.432834	156.433
156.908844	156.908844	156.909
157.117823	157.117823	157.118
157.268753	157.268753	157.269
157.559002	157.559002	157.559
157.988571	157.988571	157.989
158.093061	158.093061	158.093
158.394921	158.394921	158.395
158.487800	158.487800	158.488
158.650340	158.650340	158.650
158.696780	158.696780	158.697
159.416599	159.416599	159.417
159.660408	159.660408	159.660
159.776508	159.776508	159.777
159.950658	159.950658	159.951
161.297415	161.297415	161.297
161.448345	161.448345	161.448
161.587664	161.587664	161.588
161.738594	161.738594	161.739
161.843084	161.843084	161.843
162.005624	162.005624	162.006
162.156553	162.156553	162.157
162.295873	162.295873	162.296
162.435193	162.435193	162.435
162.562902	162.562902	162.563
162.667392	162.667392	162.667
162.853152	162.853152	162.853
162.980862	162.980862	162.981
163.120181	163.120181	163.120
163.282721	163.282721	163.283
163.422041	163.422041	163.422
163.689070	163.689070	163.689
163.979320	163.979320	163.979
164.211519	164.211519	164.212
164.536599	164.536599	164.537
164.664308	164.664308	164.664
164.803628	164.803628	164.804
164.908118	164.908118	164.908
165.093878	165.093878	165.094
165.244807	165.244807	165.245
165.511837	165.511837	165.512
165.662766	165.662766	165.663
165.918186	165.918186	165.918
166.231655	166.231655	166.232
166.498685	166.498685	166.499
166.777324	166.777324	166.777
166.916644	166.916644	166.917
167.044354	167.044354	167.044
167.311383	167.311383	167.311
167.531973	167.531973	167.532
167.671293	167.671293	167.671
167.775782	167.775782	167.776
167.891882	167.891882	167.892
168.182132	168.182132	168.182
168.321451	168.321451	168.321
168.460771	168.460771	168.461
168.739410	168.739410	168.739
169.029660	169.029660	169.030
169.157370	169.157370	169.157
169.296689	169.296689	169.297
169.586939	169.586939	169.587
169.714649	169.714649	169.715
169.784308	169.784308	169.784
169.900408	169.900408	169.900
170.004898	170.004898	170.005
170.144218	170.144218	170.144
170.422857	170.422857	170.423
170.562177	170.562177	170.562
170.689887	170.689887	170.690
170.980136	170.980136	170.980
171.038186	171.038186	171.038
171.270385	171.270385	171.270
171.537415	171.537415	171.537
171.839274	171.839274	171.839
172.048254	172.048254	172.048
172.408163	172.408163	172.408
172.512653	172.512653	172.513
172.651973	172.651973	172.652
172.953832	172.953832	172.954
173.209252	173.209252	173.209
173.371791	173.371791	173.372
173.522721	173.522721	173.523
173.789751	173.789751	173.790
174.068390	174.068390	174.068
174.358639	174.358639	174.359
174.625669	174.625669	174.626
174.904308	174.904308	174.904
175.217778	175.217778	175.218
175.473197	175.473197	175.473
175.589297	175.589297	175.589
175.891156	175.891156	175.891
176.309116	176.309116	176.309
176.436825	176.436825	176.437
176.727075	176.727075	176.727
176.959274	176.959274	176.959
177.052154	177.052154	177.052
177.156644	177.156644	177.157
177.319184	177.319184	177.319
177.713923	177.713923	177.714
177.992562	177.992562	177.993
178.143492	178.143492	178.143
178.271202	178.271202	178.271
178.364082	178.364082	178.364
178.549841	178.549841	178.550
178.828481	178.828481	178.828
179.107120	179.107120	179.107
179.385760	179.385760	179.386
179.676009	179.676009	179.676
179.815329	179.815329	179.815
179.943039	179.943039	179.943
180.093968	180.093968	180.094
180.233288	180.233288	180.233
180.360998	180.360998	180.361
180.500317	180.500317	180.500
180.790567	180.790567	180.791
181.069206	181.069206	181.069
181.208526	181.208526	181.209
181.359456	181.359456	181.359
181.463946	181.463946	181.464
181.638095	181.638095	181.638
181.777415	181.777415	181.777
181.928345	181.928345	181.928
182.044444	182.044444	182.044
182.183764	182.183764	182.184
182.474014	182.474014	182.474
182.613333	182.613333	182.613
182.752653	182.752653	182.753
183.031293	183.031293	183.031
183.309932	183.309932	183.310
183.611791	183.611791	183.612
183.878821	183.878821	183.879
184.018141	184.018141	184.018
184.157460	184.157460	184.157
184.436100	184.436100	184.436
184.563810	184.563810	184.564
184.726349	184.726349	184.726
184.854059	184.854059	184.854
184.993379	184.993379	184.993
185.283628	185.283628	185.284
185.399728	185.399728	185.400
185.550658	185.550658	185.551
185.689977	185.689977	185.690
185.852517	185.852517	185.853
186.131156	186.131156	186.131
186.258866	186.258866	186.259
186.398186	186.398186	186.398
186.525896	186.525896	186.526
186.676825	186.676825	186.677
186.804535	186.804535	186.805
186.955465	186.955465	186.955
187.083175	187.083175	187.083
187.245714	187.245714	187.246
187.524354	187.524354	187.524
187.791383	187.791383	187.791
188.232562	188.232562	188.233
188.360272	188.360272	188.360
188.638912	188.638912	188.639
188.778231	188.778231	188.778
188.917551	188.917551	188.918
189.068481	189.068481	189.068
189.207800	189.207800	189.208
189.335510	189.335510	189.336
189.474830	189.474830	189.475
189.753469	189.753469	189.753
189.892789	189.892789	189.893
190.043719	190.043719	190.044
190.183039	190.183039	190.183
190.322358	190.322358	190.322
190.600998	190.600998	190.601
190.751927	190.751927	190.752
190.902857	190.902857	190.903
191.018957	191.018957	191.019
191.158277	191.158277	191.158
191.251156	191.251156	191.251
191.448526	191.448526	191.449
191.599456	191.599456	191.599
191.727166	191.727166	191.727
191.808435	191.808435	191.808
192.005805	192.005805	192.006
192.284444	192.284444	192.284
192.435374	192.435374	192.435
192.586304	192.586304	192.586
192.714014	192.714014	192.714
192.853333	192.853333	192.853
193.120363	193.120363	193.120
193.422222	193.422222	193.422
193.526712	193.526712	193.527
193.689252	193.689252	193.689
193.828571	193.828571	193.829
193.967891	193.967891	193.968
194.037551	194.037551	194.038
194.118821	194.118821	194.119
194.234921	194.234921	194.235
194.385850	194.385850	194.386
194.525170	194.525170	194.525
194.664490	194.664490	194.664
194.815419	194.815419	194.815
194.966349	194.966349	194.966
195.105669	195.105669	195.106
195.233379	195.233379	195.233
195.372698	195.372698	195.373
195.500408	195.500408	195.500
195.651338	195.651338	195.651
195.802268	195.802268	195.802
195.929977	195.929977	195.930
196.069297	196.069297	196.069
196.197007	196.197007	196.197
196.359546	196.359546	196.360
196.498866	196.498866	196.499
196.765896	196.765896	196.766
197.056145	197.056145	197.056
197.207075	197.207075	197.207
197.334785	197.334785	197.335
197.497324	197.497324	197.497
197.613424	197.613424	197.613
197.752744	197.752744	197.753
197.892063	197.892063	197.892
198.042993	198.042993	198.043
198.182313	198.182313	198.182
198.310023	198.310023	198.310
198.449342	198.449342	198.449
198.739592	198.739592	198.740
198.878912	198.878912	198.879
199.018231	199.018231	199.018
199.145941	199.145941	199.146
199.296871	199.296871	199.297
199.587120	199.587120	199.587
199.865760	199.865760	199.866
199.981859	199.981859	199.982
200.132789	200.132789	200.133
200.411429	200.411429	200.411
200.550748	200.550748	200.551
200.701678	200.701678	200.702
200.759728	200.759728	200.760
200.794558	200.794558	200.795
200.968707	200.968707	200.969
201.108027	201.108027	201.108
201.247347	201.247347	201.247
201.398277	201.398277	201.398
201.537596	201.537596	201.538
201.653696	201.653696	201.654
201.816236	201.816236	201.816
202.094875	202.094875	202.095
202.385125	202.385125	202.385
202.466395	202.466395	202.466
202.675374	202.675374	202.675
202.803084	202.803084	202.803
202.942404	202.942404	202.942
203.221043	203.221043	203.221
203.360363	203.360363	203.360
203.499683	203.499683	203.500
203.639002	203.639002	203.639
203.789932	203.789932	203.790
204.068571	204.068571	204.069
204.196281	204.196281	204.196
204.335601	204.335601	204.336
204.474921	204.474921	204.475
204.625850	204.625850	204.626
204.683900	204.683900	204.684
204.916100	204.916100	204.916
205.067029	205.067029	205.067
205.183129	205.183129	205.183
205.473379	205.473379	205.473
205.752018	205.752018	205.752
206.019048	206.019048	206.019
206.297687	206.297687	206.298
206.587937	206.587937	206.588
206.738866	206.738866	206.739
206.866576	206.866576	206.867
206.994286	206.994286	206.994
207.156825	207.156825	207.157
207.284535	207.284535	207.285
207.423855	207.423855	207.424
207.702494	207.702494	207.702
207.841814	207.841814	207.842
207.981134	207.981134	207.981
208.108844	208.108844	208.109
208.271383	208.271383	208.271
208.550023	208.550023	208.550
208.700952	208.700952	208.701
208.840272	208.840272	208.840
209.107302	209.107302	209.107
209.200181	209.200181	209.200
209.397551	209.397551	209.398
209.525261	209.525261	209.525
209.676190	209.676190	209.676
209.954830	209.954830	209.955
210.105760	210.105760	210.106
210.221859	210.221859	210.222
210.512109	210.512109	210.512
210.639819	210.639819	210.640
210.790748	210.790748	210.791
210.930068	210.930068	210.930
211.069388	211.069388	211.069
211.359637	211.359637	211.360
211.522177	211.522177	211.522
211.626667	211.626667	211.627
211.777596	211.777596	211.778
211.916916	211.916916	211.917
212.207166	212.207166	212.207
212.474195	212.474195	212.474
