0.860000	1.140000	59.000
0.860000	1.140000	56.000
1.260000	1.320000	61.000
1.260000	1.320000	54.000
1.370000	2.170000	54.000
1.370000	1.830000	61.000
1.370000	1.490000	34.000
1.540000	2.080000	46.000
1.880000	2.080000	61.000
2.220000	2.520000	44.000
2.220000	2.330000	59.000
2.570000	3.470000	42.000
2.570000	3.200000	65.000
2.570000	3.200000	58.000
3.250000	3.470000	30.000
3.520000	3.820000	63.000
3.520000	3.820000	59.000
3.520000	3.820000	58.000
3.520000	3.820000	55.000
3.520000	3.820000	52.000
3.870000	4.000000	65.000
4.050000	4.830000	61.000
4.050000	4.830000	49.000
4.050000	4.750000	53.000
4.230000	4.480000	37.000
4.530000	4.830000	56.000
4.880000	5.170000	58.000
5.040000	5.170000	44.000
5.220000	5.330000	64.000
5.380000	6.150000	68.000
5.380000	6.150000	59.000
5.380000	6.150000	37.000
5.380000	6.150000	25.000
6.200000	6.470000	75.000
6.200000	6.470000	46.000
6.200000	6.470000	44.000
6.520000	6.820000	54.000
6.520000	6.820000	42.000
6.870000	6.960000	68.000
7.010000	7.490000	73.000
7.010000	7.490000	70.000
7.010000	7.490000	66.000
7.010000	7.490000	61.000
7.010000	7.490000	54.000
7.540000	7.630000	51.000
7.680000	7.880000	59.000
7.680000	7.810000	68.000
7.680000	7.810000	51.000
7.930000	8.830000	73.000
7.930000	8.830000	66.000
7.930000	8.830000	58.000
7.930000	8.500000	71.000
7.930000	8.500000	56.000
7.930000	8.500000	49.000
8.550000	8.830000	54.000
8.550000	8.830000	46.000
8.880000	9.180000	56.000
8.880000	9.180000	47.000
9.230000	9.840000	66.000
9.230000	9.840000	49.000
9.230000	9.750000	58.000
9.230000	9.750000	57.000
9.890000	10.490000	77.000
9.890000	10.490000	68.000
9.890000	10.490000	59.000
9.890000	10.490000	37.000
10.540000	15.470000	42.000
10.540000	11.700000	52.000
11.750000	12.540000	75.000
11.750000	12.540000	69.000
11.750000	12.540000	64.000
12.870000	13.380000	76.000
12.870000	13.380000	69.000
14.270000	14.780000	69.000
15.110000	15.420000	69.000
15.110000	15.360000	76.000
15.520000	16.180000	42.000
15.950000	16.130000	64.000
15.950000	16.130000	49.000
16.230000	18.430000	42.000
16.410000	16.740000	38.000
16.790000	17.020000	75.000
17.510000	17.840000	69.000
17.510000	17.840000	64.000
18.760000	18.980000	81.000
18.760000	18.980000	76.000
18.760000	18.980000	59.000
19.030000	19.270000	42.000
19.320000	20.100000	42.000
19.320000	19.540000	59.000
19.590000	20.150000	76.000
19.590000	20.150000	71.000
19.590000	20.100000	69.000
19.590000	20.100000	30.000
20.200000	20.930000	54.000
20.300000	20.400000	57.000
20.450000	20.670000	75.000
20.720000	20.930000	42.000
20.980000	21.080000	30.000
21.130000	21.220000	29.000
21.270000	21.370000	64.000
21.270000	21.370000	42.000
21.560000	21.790000	45.000
21.560000	21.790000	33.000
21.840000	22.340000	81.000
21.840000	22.340000	76.000
21.840000	22.200000	35.000
21.840000	22.110000	47.000
22.250000	22.340000	41.000
22.530000	22.910000	64.000
22.530000	22.630000	69.000
22.820000	22.910000	45.000
22.960000	23.070000	59.000
23.380000	23.630000	57.000
23.680000	23.750000	45.000
23.680000	23.750000	29.000
23.930000	25.090000	49.000
24.080000	24.580000	37.000
24.080000	24.320000	69.000
24.630000	24.870000	37.000
24.920000	25.090000	37.000
25.480000	25.700000	30.000
25.480000	25.570000	42.000
25.750000	25.860000	33.000
26.040000	26.280000	69.000
26.040000	26.280000	64.000
26.040000	26.280000	33.000
26.480000	26.550000	35.000
26.600000	26.690000	47.000
26.740000	26.830000	69.000
26.740000	26.830000	64.000
26.740000	26.830000	57.000
26.880000	27.120000	83.000
26.880000	27.120000	66.000
27.290000	27.400000	57.000
27.380000	27.460000	64.000
27.380000	27.400000	33.000
27.510000	27.810000	47.000
27.510000	27.670000	35.000
27.720000	27.810000	76.000
27.990000	28.110000	33.000
28.290000	28.800000	66.000
28.290000	28.520000	43.000
28.570000	28.800000	30.000
28.760000	29.000000	42.000
28.850000	28.930000	30.000
29.130000	29.340000	53.000
29.440000	29.640000	54.000
29.440000	29.640000	42.000
29.800000	30.050000	78.000
29.800000	30.050000	42.000
30.530000	30.770000	45.000
30.820000	31.310000	35.000
31.080000	31.190000	64.000
31.360000	31.600000	56.000
31.360000	31.600000	55.000
31.650000	32.020000	45.000
31.800000	31.890000	33.000
32.070000	32.300000	35.000
32.210000	32.300000	53.000
32.480000	32.710000	33.000
32.760000	32.990000	64.000
32.920000	33.140000	49.000
33.040000	34.130000	37.000
33.190000	34.130000	49.000
34.250000	34.400000	78.000
34.250000	34.400000	42.000
34.730000	34.900000	55.000
35.020000	35.250000	45.000
36.270000	36.380000	57.000
36.600000	36.650000	35.000
36.840000	36.920000	33.000
36.970000	37.210000	54.000
36.970000	37.210000	38.000
37.260000	37.480000	54.000
37.660000	38.180000	30.000
38.230000	38.330000	36.000
38.510000	38.610000	45.000
38.930000	39.450000	59.000
38.930000	39.160000	42.000
39.210000	39.450000	54.000
39.210000	39.450000	40.000
39.500000	39.740000	33.000
39.940000	40.150000	47.000
40.070000	40.150000	22.000
40.200000	40.290000	64.000
40.340000	40.580000	68.000
40.340000	40.580000	66.000
40.340000	40.580000	56.000
40.630000	40.990000	45.000
40.630000	40.860000	33.000
41.040000	41.130000	47.000
41.040000	41.130000	36.000
41.180000	41.270000	64.000
41.450000	41.690000	45.000
41.450000	41.690000	35.000
42.160000	42.250000	37.000
42.460000	42.540000	37.000
42.590000	42.690000	37.000
42.900000	43.100000	42.000
42.900000	43.100000	30.000
43.430000	43.520000	26.000
43.700000	43.940000	66.000
43.700000	43.940000	59.000
43.700000	43.940000	32.000
44.190000	44.230000	45.000
44.420000	44.630000	47.000
44.420000	44.630000	35.000
44.930000	45.060000	78.000
44.930000	45.060000	56.000
45.250000	45.340000	38.000
45.250000	45.280000	45.000
45.520000	45.630000	51.000
45.520000	45.630000	35.000
45.940000	46.170000	47.000
45.940000	46.170000	36.000
45.940000	46.170000	33.000
46.370000	46.450000	42.000
46.500000	46.730000	30.000
46.780000	46.910000	42.000
46.960000	47.020000	30.000
47.500000	47.580000	54.000
47.700000	48.160000	85.000
47.700000	48.160000	78.000
47.700000	48.160000	43.000
47.700000	48.160000	42.000
48.400000	48.580000	65.000
48.630000	48.740000	63.000
48.910000	49.560000	89.000
48.910000	49.560000	80.000
48.910000	49.560000	73.000
48.910000	49.560000	61.000
49.610000	49.850000	59.000
50.070000	50.450000	77.000
50.070000	50.450000	70.000
50.070000	50.450000	58.000
50.500000	50.650000	56.000
50.770000	50.950000	54.000
51.000000	51.210000	54.000
51.260000	51.500000	54.000
51.260000	51.500000	47.000
51.550000	51.790000	57.000
51.550000	51.790000	55.000
51.550000	51.790000	53.000
51.840000	52.230000	58.000
51.840000	52.080000	80.000
51.840000	52.080000	73.000
51.840000	52.080000	33.000
52.280000	52.630000	78.000
52.280000	52.630000	75.000
52.280000	52.630000	71.000
52.280000	52.630000	35.000
52.280000	52.630000	26.000
52.680000	52.910000	55.000
52.960000	53.200000	63.000
53.150000	53.260000	59.000
53.310000	53.380000	63.000
53.430000	53.750000	77.000
53.430000	53.750000	37.000
54.080000	54.320000	65.000
54.080000	54.320000	49.000
54.370000	54.580000	65.000
54.370000	54.580000	54.000
54.630000	54.730000	54.000
54.630000	54.730000	42.000
54.780000	55.140000	40.000
55.190000	55.710000	37.000
55.190000	55.420000	49.000
55.190000	55.420000	40.000
55.470000	55.710000	49.000
56.030000	56.130000	55.000
56.030000	56.130000	35.000
56.030000	56.130000	26.000
56.030000	56.130000	21.000
56.180000	56.560000	45.000
56.330000	56.840000	78.000
56.330000	56.560000	77.000
56.330000	56.560000	33.000
56.740000	57.120000	49.000
56.740000	56.840000	66.000
56.890000	57.400000	58.000
57.170000	57.400000	70.000
57.170000	57.400000	63.000
57.170000	57.400000	30.000
57.450000	57.710000	51.000
57.450000	57.660000	59.000
57.450000	57.660000	42.000
57.760000	58.240000	80.000
57.760000	58.240000	73.000
57.760000	58.240000	59.000
57.760000	58.240000	51.000
57.760000	58.240000	42.000
58.560000	58.800000	66.000
58.560000	58.800000	49.000
58.850000	58.950000	77.000
59.050000	59.630000	49.000
59.050000	59.350000	58.000
59.050000	59.220000	78.000
59.050000	59.220000	42.000
59.270000	59.350000	65.000
59.400000	59.630000	63.000
59.400000	59.630000	58.000
59.400000	59.630000	42.000
59.680000	60.480000	59.000
59.680000	60.480000	42.000
59.680000	59.930000	73.000
59.680000	59.930000	51.000
59.980000	60.480000	73.000
60.250000	60.480000	61.000
60.250000	60.480000	30.000
60.530000	60.770000	42.000
60.820000	61.040000	38.000
60.820000	61.040000	37.000
60.820000	61.040000	25.000
61.240000	61.600000	42.000
61.240000	61.330000	58.000
61.380000	61.840000	58.000
61.650000	61.910000	54.000
61.960000	62.040000	56.000
62.090000	62.200000	59.000
62.390000	62.720000	61.000
62.390000	62.440000	58.000
62.770000	62.850000	42.000
62.770000	62.850000	25.000
63.060000	63.110000	56.000
63.160000	63.270000	58.000
63.160000	63.270000	28.000
63.320000	63.570000	56.000
63.480000	64.090000	37.000
63.480000	63.840000	53.000
63.620000	64.160000	56.000
63.620000	64.090000	25.000
63.890000	64.090000	53.000
64.210000	64.450000	58.000
64.330000	64.450000	54.000
64.500000	64.600000	67.000
64.500000	64.600000	58.000
64.650000	65.090000	59.000
64.730000	65.090000	49.000
64.730000	65.090000	37.000
65.320000	65.510000	68.000
65.320000	65.510000	37.000
65.620000	66.070000	30.000
65.620000	65.990000	42.000
66.040000	66.390000	42.000
66.120000	66.650000	59.000
66.120000	66.390000	90.000
66.440000	66.650000	63.000
66.440000	66.650000	32.000
66.700000	67.210000	92.000
66.700000	67.210000	71.000
66.700000	67.210000	61.000
66.700000	67.210000	54.000
66.700000	67.210000	34.000
67.260000	67.510000	58.000
67.470000	67.620000	56.000
67.560000	67.770000	35.000
67.560000	67.620000	71.000
67.670000	67.770000	56.000
67.820000	68.330000	73.000
67.820000	68.330000	37.000
68.090000	68.330000	58.000
68.090000	68.330000	54.000
68.500000	68.880000	37.000
68.500000	68.600000	77.000
68.650000	68.880000	49.000
69.210000	69.430000	69.000
69.210000	69.430000	42.000
69.210000	69.430000	36.000
69.210000	69.430000	29.000
69.480000	69.600000	77.000
69.780000	70.020000	76.000
69.780000	70.020000	45.000
70.320000	70.430000	28.000
70.480000	70.560000	64.000
70.480000	70.560000	57.000
70.480000	70.560000	41.000
71.040000	71.130000	45.000
71.180000	71.270000	59.000
71.320000	71.410000	47.000
71.320000	71.410000	35.000
71.610000	71.680000	57.000
71.730000	71.970000	45.000
72.160000	73.380000	37.000
72.300000	73.380000	49.000
73.430000	73.790000	78.000
73.430000	73.790000	42.000
73.980000	74.220000	55.000
73.980000	74.220000	47.000
74.270000	74.500000	45.000
74.690000	74.790000	47.000
75.210000	75.340000	66.000
75.210000	75.340000	37.000
75.390000	75.480000	50.000
75.530000	75.630000	57.000
75.610000	75.630000	45.000
75.800000	75.900000	47.000
75.800000	75.900000	35.000
76.220000	76.450000	45.000
76.870000	77.300000	69.000
76.870000	77.010000	42.000
76.870000	77.010000	30.000
77.350000	77.380000	30.000
77.430000	77.570000	53.000
77.760000	77.860000	54.000
77.760000	77.860000	42.000
77.760000	77.860000	41.000
77.910000	78.280000	30.000
77.910000	78.140000	78.000
78.750000	78.990000	76.000
78.750000	78.990000	45.000
78.750000	78.990000	38.000
79.040000	79.530000	35.000
79.450000	79.530000	69.000
79.580000	79.830000	66.000
80.010000	80.110000	45.000
80.010000	80.110000	33.000
80.440000	80.520000	64.000
80.700000	80.930000	47.000
80.700000	80.930000	45.000
80.700000	80.930000	40.000
81.140000	81.350000	49.000
81.270000	82.350000	37.000
81.400000	82.350000	49.000
82.120000	82.350000	52.000
82.480000	82.620000	78.000
82.480000	82.620000	42.000
82.670000	82.900000	57.000
82.670000	82.900000	30.000
82.950000	83.190000	66.000
83.390000	83.470000	45.000
83.670000	83.890000	35.000
83.670000	83.760000	47.000
84.070000	84.310000	56.000
84.070000	84.310000	54.000
84.480000	84.600000	38.000
84.480000	84.540000	54.000
84.650000	84.860000	50.000
84.650000	84.860000	40.000
84.650000	84.860000	35.000
84.910000	85.010000	36.000
85.190000	85.290000	38.000
85.340000	85.400000	29.000
85.340000	85.400000	22.000
85.770000	85.880000	42.000
85.930000	86.370000	55.000
85.930000	86.370000	54.000
85.930000	86.370000	53.000
85.930000	86.370000	22.000
86.480000	86.540000	54.000
86.590000	86.830000	59.000
86.590000	86.830000	52.000
87.060000	87.420000	78.000
87.060000	87.170000	42.000
87.220000	87.420000	66.000
87.610000	87.830000	65.000
87.880000	87.950000	63.000
88.000000	88.100000	73.000
88.150000	88.330000	89.000
88.150000	88.330000	73.000
88.150000	88.330000	61.000
88.380000	88.820000	89.000
88.380000	88.820000	80.000
88.380000	88.820000	73.000
88.870000	88.930000	59.000
89.300000	89.340000	58.000
89.390000	89.630000	58.000
89.770000	89.940000	75.000
89.770000	89.940000	56.000
89.990000	90.200000	54.000
90.250000	90.470000	54.000
90.520000	90.760000	52.000
91.070000	91.320000	46.000
91.210000	91.320000	34.000
91.530000	91.880000	47.000
91.640000	91.880000	75.000
91.640000	91.880000	35.000
91.930000	92.440000	59.000
91.930000	92.160000	55.000
91.930000	92.160000	54.000
92.210000	92.440000	66.000
92.210000	92.440000	35.000
92.550000	93.000000	37.000
92.680000	93.220000	65.000
92.680000	93.000000	80.000
92.680000	93.000000	49.000
93.460000	93.570000	49.000
93.620000	93.890000	54.000
93.620000	93.820000	85.000
94.020000	94.820000	66.000
94.020000	94.820000	61.000
94.020000	94.640000	85.000
94.020000	94.640000	70.000
94.020000	94.390000	40.000
94.440000	94.640000	54.000
94.690000	94.960000	37.000
94.690000	94.820000	49.000
94.870000	94.960000	60.000
95.160000	95.370000	45.000
95.420000	95.650000	45.000
95.700000	95.800000	45.000
95.700000	95.800000	33.000
95.850000	96.230000	30.000
95.850000	96.070000	66.000
96.120000	96.230000	65.000
96.280000	96.640000	58.000
96.280000	96.640000	49.000
96.280000	96.360000	65.000
96.410000	96.640000	70.000
96.410000	96.640000	63.000
96.410000	96.640000	30.000
96.690000	96.960000	59.000
96.690000	96.790000	61.000
96.840000	97.200000	42.000
97.010000	97.950000	51.000
97.010000	97.760000	59.000
97.010000	97.200000	73.000
97.010000	97.200000	30.000
97.250000	97.490000	73.000
97.810000	97.950000	59.000
98.100000	98.260000	66.000
98.100000	98.260000	36.000
98.310000	98.890000	61.000
98.310000	98.610000	53.000
98.660000	98.890000	75.000
98.660000	98.890000	63.000
98.660000	98.890000	53.000
98.660000	98.890000	42.000
98.940000	99.180000	61.000
99.080000	99.310000	42.000
99.230000	99.730000	51.000
99.230000	99.450000	61.000
99.230000	99.310000	30.000
99.360000	99.730000	59.000
99.360000	99.730000	42.000
99.360000	99.450000	73.000
99.500000	99.730000	61.000
99.500000	99.730000	30.000
99.780000	100.010000	42.000
100.340000	100.840000	30.000
100.340000	100.580000	42.000
100.630000	100.840000	58.000
100.890000	101.450000	58.000
100.890000	101.170000	54.000
101.220000	101.450000	59.000
101.500000	101.600000	57.000
101.730000	102.100000	61.000
101.940000	102.100000	57.000
101.940000	102.100000	42.000
101.940000	102.100000	30.000
102.320000	102.830000	53.000
102.320000	102.530000	28.000
102.580000	103.080000	37.000
102.580000	102.830000	75.000
102.580000	102.830000	41.000
102.880000	103.080000	53.000
103.130000	103.390000	87.000
103.130000	103.390000	56.000
103.130000	103.390000	25.000
103.440000	103.680000	58.000
103.860000	104.200000	71.000
103.860000	104.200000	59.000
103.980000	104.350000	49.000
103.980000	104.200000	53.000
103.980000	104.200000	52.000
104.250000	104.350000	53.000
104.250000	104.350000	37.000
104.400000	104.510000	53.000
104.560000	105.340000	54.000
104.560000	105.090000	58.000
104.560000	104.770000	37.000
104.820000	105.630000	66.000
104.820000	105.340000	73.000
104.820000	105.340000	70.000
104.820000	105.340000	30.000
105.140000	105.630000	42.000
105.140000	105.340000	58.000
105.140000	105.340000	49.000
105.390000	105.900000	56.000
105.540000	105.900000	51.000
105.680000	105.900000	68.000
105.680000	105.900000	63.000
105.680000	105.900000	59.000
105.680000	105.900000	32.000
105.950000	106.460000	70.000
105.950000	106.460000	65.000
105.950000	106.460000	61.000
105.950000	106.460000	54.000
105.950000	106.460000	34.000
106.510000	107.020000	56.000
106.510000	107.020000	35.000
106.780000	107.020000	71.000
107.340000	107.580000	66.000
107.340000	107.580000	61.000
107.520000	107.580000	37.000
107.760000	108.070000	68.000
107.760000	107.870000	37.000
107.920000	108.130000	37.000
108.450000	108.560000	73.000
108.610000	108.700000	30.000
108.750000	109.260000	57.000
108.750000	108.980000	55.000
109.030000	109.260000	76.000
109.030000	109.260000	33.000
109.310000	109.680000	47.000
109.310000	109.550000	45.000
109.600000	109.680000	35.000
110.290000	110.380000	45.000
110.580000	110.660000	47.000
110.710000	110.800000	29.000
110.850000	110.930000	57.000
110.980000	111.220000	45.000
110.980000	111.220000	34.000
111.270000	111.350000	52.000
111.400000	112.630000	37.000
111.400000	112.470000	49.000
112.110000	112.470000	75.000
112.680000	112.910000	78.000
112.960000	113.190000	57.000
112.960000	113.190000	42.000
113.240000	113.470000	66.000
113.240000	113.470000	55.000
113.520000	113.670000	45.000
113.720000	113.750000	45.000
113.950000	114.040000	35.000
114.480000	114.590000	38.000
114.780000	114.820000	38.000
115.060000	115.160000	47.000
115.060000	115.160000	35.000
115.470000	115.710000	55.000
115.470000	115.710000	40.000
115.470000	115.710000	38.000
115.470000	115.710000	33.000
116.120000	116.550000	42.000
116.120000	116.260000	30.000
116.870000	117.020000	54.000
117.480000	117.690000	64.000
117.480000	117.550000	37.000
117.600000	117.690000	30.000
117.740000	118.240000	64.000
117.740000	118.240000	56.000
117.740000	118.240000	42.000
118.370000	120.480000	42.000
118.370000	118.850000	63.000
118.370000	118.780000	59.000
118.370000	118.780000	30.000
118.900000	119.820000	59.000
118.900000	119.350000	30.000
119.170000	119.350000	58.000
119.470000	120.280000	30.000
119.470000	119.820000	71.000
120.530000	121.600000	30.000
120.530000	121.450000	42.000
120.800000	121.030000	58.000
121.400000	121.600000	23.000
121.500000	121.600000	29.000
121.820000	122.720000	40.000
121.820000	122.470000	28.000
122.210000	122.720000	56.000
122.520000	122.720000	28.000
122.770000	124.320000	47.000
122.770000	123.620000	54.000
122.770000	123.180000	63.000
123.330000	123.850000	35.000
123.670000	123.850000	63.000
123.670000	123.850000	54.000
123.900000	124.260000	71.000
123.900000	124.260000	66.000
123.900000	124.260000	35.000
124.460000	124.680000	45.000
124.460000	124.680000	33.000
124.730000	125.670000	66.000
124.730000	124.970000	56.000
124.730000	124.970000	30.000
125.020000	125.530000	42.000
125.140000	125.530000	30.000
125.140000	125.240000	51.000
125.290000	125.670000	73.000
125.290000	125.530000	78.000
125.290000	125.530000	56.000
125.580000	125.670000	54.000
125.790000	125.820000	47.000
126.130000	126.240000	43.000
126.290000	126.360000	64.000
126.410000	127.210000	56.000
126.410000	126.940000	64.000
126.410000	126.940000	42.000
126.700000	127.110000	88.000
126.700000	126.940000	40.000
126.990000	127.110000	64.000
127.160000	127.210000	42.000
127.370000	128.320000	63.000
127.370000	127.760000	42.000
127.370000	127.540000	59.000
127.590000	127.760000	61.000
127.590000	127.760000	30.000
127.810000	128.390000	42.000
127.810000	128.070000	59.000
128.120000	128.320000	59.000
128.370000	129.200000	54.000
128.440000	129.450000	30.000
128.440000	128.890000	59.000
128.440000	128.890000	42.000
128.940000	129.450000	42.000
128.940000	129.200000	58.000
129.250000	129.730000	73.000
129.250000	129.520000	89.000
129.250000	129.450000	80.000
129.570000	129.730000	58.000
129.570000	129.730000	42.000
129.780000	129.890000	42.000
130.070000	131.120000	56.000
130.070000	130.310000	39.000
130.070000	130.310000	27.000
130.360000	131.120000	40.000
130.360000	130.580000	63.000
130.630000	132.820000	59.000
130.630000	131.210000	28.000
130.630000	130.740000	63.000
130.790000	130.870000	64.000
130.920000	131.120000	64.000
131.170000	131.690000	56.000
131.170000	131.690000	40.000
131.260000	131.690000	88.000
131.260000	131.690000	83.000
131.260000	131.690000	28.000
131.890000	132.570000	47.000
131.890000	132.250000	35.000
132.300000	132.740000	71.000
132.300000	132.740000	35.000
132.300000	132.570000	73.000
132.620000	132.820000	54.000
132.620000	132.820000	47.000
132.790000	132.820000	35.000
132.870000	133.780000	49.000
133.160000	133.660000	56.000
133.360000	133.380000	77.000
133.360000	133.380000	68.000
133.360000	133.380000	37.000
133.430000	133.660000	66.000
133.430000	133.660000	37.000
133.830000	134.060000	63.000
133.830000	133.920000	56.000
133.970000	134.490000	56.000
134.110000	134.630000	37.000
134.280000	134.490000	73.000
134.540000	134.630000	54.000
134.680000	134.790000	47.000
134.840000	135.050000	56.000
134.840000	135.050000	33.000
135.100000	135.610000	81.000
135.100000	135.610000	76.000
135.100000	135.610000	42.000
135.660000	136.190000	88.000
135.660000	136.190000	57.000
135.660000	135.890000	92.000
135.940000	136.190000	85.000
135.940000	136.190000	76.000
135.940000	136.190000	33.000
136.240000	136.470000	47.000
136.430000	136.600000	35.000
136.520000	136.730000	64.000
137.070000	137.300000	45.000
137.470000	137.580000	47.000
137.630000	137.850000	53.000
137.900000	138.130000	45.000
138.340000	139.540000	37.000
138.470000	139.540000	49.000
138.470000	138.690000	69.000
139.020000	139.270000	68.000
139.020000	139.270000	54.000
139.670000	139.960000	78.000
139.670000	139.960000	42.000
140.150000	140.390000	55.000
140.150000	140.390000	35.000
140.440000	140.670000	64.000
140.580000	140.670000	45.000
140.860000	140.950000	47.000
141.000000	141.080000	35.000
141.390000	141.510000	66.000
141.700000	141.790000	57.000
141.840000	141.920000	38.000
142.390000	142.490000	38.000
142.390000	142.490000	33.000
142.820000	142.990000	42.000
143.100000	143.330000	30.000
143.650000	143.750000	59.000
143.650000	143.750000	36.000
144.240000	144.380000	42.000
144.920000	145.160000	45.000
145.210000	145.440000	47.000
145.620000	145.710000	36.000
145.760000	145.990000	68.000
145.760000	145.990000	56.000
146.040000	146.270000	45.000
146.460000	146.560000	47.000
146.870000	147.110000	45.000
146.870000	147.110000	42.000
146.870000	147.110000	35.000
147.440000	147.950000	37.000
147.440000	147.670000	69.000
148.420000	148.520000	42.000
148.640000	148.670000	30.000
148.720000	148.790000	42.000
149.110000	149.350000	54.000
149.110000	149.350000	47.000
149.400000	149.640000	45.000
149.690000	150.010000	47.000
149.690000	150.010000	35.000
150.940000	151.040000	47.000
151.360000	151.590000	45.000
151.360000	151.590000	34.000
151.930000	152.160000	30.000
152.210000	152.310000	42.000
152.360000	152.520000	29.000
152.360000	152.450000	45.000
152.910000	152.980000	54.000
153.190000	153.560000	66.000
153.190000	153.560000	59.000
153.190000	153.560000	30.000
153.610000	153.770000	65.000
153.820000	154.010000	84.000
153.820000	154.010000	65.000
154.260000	154.420000	73.000
154.470000	155.210000	73.000
154.470000	154.970000	89.000
154.470000	154.970000	61.000
155.020000	155.210000	59.000
155.470000	155.800000	58.000
155.850000	156.390000	56.000
155.850000	156.390000	54.000
156.440000	156.800000	54.000
156.640000	156.800000	66.000
156.850000	156.950000	59.000
157.130000	157.220000	59.000
157.270000	157.510000	61.000
157.270000	157.510000	54.000
157.270000	157.510000	46.000
157.560000	157.920000	63.000
157.560000	157.920000	59.000
157.560000	157.920000	54.000
157.560000	157.920000	34.000
157.970000	158.290000	35.000
158.390000	158.830000	63.000
158.390000	158.600000	47.000
158.880000	159.450000	65.000
158.880000	159.290000	68.000
158.880000	159.290000	61.000
159.500000	159.620000	66.000
159.670000	159.760000	37.000
159.810000	161.570000	73.000
159.810000	161.410000	78.000
159.810000	161.410000	42.000
159.810000	161.270000	65.000
159.810000	161.270000	30.000
161.460000	161.910000	66.000
161.460000	161.570000	61.000
161.750000	161.970000	42.000
162.020000	162.120000	42.000
162.170000	162.280000	66.000
162.440000	162.590000	42.000
162.440000	162.530000	65.000
162.440000	162.530000	30.000
162.640000	162.810000	63.000
162.640000	162.810000	42.000
162.640000	162.810000	30.000
162.860000	163.660000	42.000
163.190000	163.660000	30.000
163.290000	163.660000	73.000
163.710000	163.930000	71.000
163.710000	163.930000	51.000
163.980000	164.640000	66.000
163.980000	164.220000	65.000
164.420000	164.640000	61.000
164.420000	164.640000	30.000
164.690000	164.760000	58.000
164.870000	165.060000	63.000
164.870000	165.060000	42.000
164.870000	165.060000	30.000
165.110000	165.190000	61.000
165.240000	166.180000	42.000
165.520000	165.610000	73.000
165.660000	166.180000	51.000
165.660000	166.180000	30.000
165.660000	165.890000	73.000
165.940000	166.180000	59.000
166.230000	166.460000	58.000
166.230000	166.460000	56.000
166.230000	166.460000	25.000
166.510000	166.880000	58.000
166.510000	166.880000	42.000
166.800000	166.880000	30.000
166.930000	167.010000	58.000
166.930000	167.010000	54.000
167.120000	167.270000	58.000
167.120000	167.270000	54.000
167.320000	167.640000	56.000
167.320000	167.590000	59.000
167.690000	167.850000	71.000
167.690000	167.850000	59.000
167.690000	167.850000	57.000
167.900000	168.140000	61.000
167.900000	168.140000	58.000
168.190000	168.280000	42.000
168.480000	168.700000	70.000
168.480000	168.700000	40.000
168.750000	169.130000	37.000
169.040000	169.260000	68.000
169.180000	169.260000	56.000
169.310000	169.550000	56.000
169.310000	169.550000	37.000
169.720000	169.860000	58.000
169.720000	169.860000	54.000
169.910000	169.990000	70.000
169.910000	169.990000	67.000
169.910000	169.990000	58.000
170.040000	170.390000	71.000
170.040000	170.390000	59.000
170.150000	170.390000	68.000
170.150000	170.390000	37.000
170.440000	170.530000	49.000
170.730000	171.510000	54.000
170.730000	171.270000	66.000
170.730000	170.930000	25.000
170.730000	170.930000	21.000
170.980000	171.510000	61.000
170.980000	171.510000	30.000
171.320000	171.800000	78.000
171.320000	171.510000	49.000
171.320000	171.510000	42.000
171.560000	172.070000	63.000
171.560000	172.070000	59.000
171.560000	172.070000	32.000
171.560000	171.800000	90.000
171.560000	171.800000	85.000
172.120000	172.630000	73.000
172.120000	172.630000	61.000
172.120000	172.630000	54.000
172.120000	172.630000	34.000
172.550000	172.630000	71.000
172.680000	173.190000	63.000
172.680000	173.190000	47.000
172.680000	172.920000	58.000
172.680000	172.920000	56.000
172.970000	173.190000	71.000
172.970000	173.190000	66.000
172.970000	173.190000	56.000
172.970000	173.190000	35.000
173.240000	173.490000	77.000
173.240000	173.490000	37.000
173.540000	174.520000	66.000
173.540000	174.040000	80.000
173.540000	174.040000	49.000
173.540000	173.760000	58.000
173.810000	174.310000	73.000
173.810000	174.310000	68.000
173.810000	174.040000	37.000
174.090000	174.310000	80.000
174.090000	174.310000	58.000
174.090000	174.310000	49.000
174.360000	175.170000	49.000
174.640000	175.170000	68.000
174.640000	174.870000	37.000
175.220000	175.430000	66.000
175.220000	175.270000	61.000
175.320000	175.430000	70.000
175.320000	175.430000	61.000
175.320000	175.430000	54.000
175.620000	176.700000	78.000
175.620000	176.280000	82.000
175.620000	175.850000	73.000
175.620000	175.850000	42.000
175.900000	177.110000	73.000
175.900000	176.280000	40.000
176.330000	176.700000	82.000
176.330000	176.700000	42.000
176.330000	176.700000	37.000
176.880000	177.110000	47.000
177.330000	177.680000	45.000
177.330000	177.470000	33.000
177.520000	177.680000	33.000
177.730000	178.230000	76.000
177.730000	178.100000	30.000
178.280000	178.510000	59.000
178.560000	178.800000	45.000
178.850000	179.220000	35.000
178.850000	179.080000	66.000
179.270000	179.340000	64.000
179.690000	180.040000	45.000
179.690000	179.910000	33.000
180.090000	180.200000	35.000
180.250000	180.460000	53.000
180.510000	180.750000	59.000
180.510000	180.750000	33.000
180.800000	181.310000	37.000
180.800000	181.040000	52.000
181.210000	182.010000	49.000
181.360000	182.160000	37.000
181.640000	181.890000	59.000
182.210000	182.580000	30.000
182.210000	182.440000	78.000
182.490000	182.710000	54.000
182.760000	183.000000	66.000
182.760000	183.000000	55.000
182.760000	183.000000	26.000
183.050000	183.290000	64.000
183.050000	183.290000	33.000
183.480000	183.680000	47.000
183.620000	183.680000	35.000
184.000000	184.120000	47.000
184.300000	184.410000	38.000
184.580000	184.690000	35.000
184.740000	184.830000	40.000
185.000000	185.240000	55.000
185.000000	185.240000	34.000
185.410000	185.520000	42.000
185.570000	185.800000	30.000
185.710000	185.960000	57.000
185.850000	186.220000	42.000
186.010000	186.090000	58.000
186.270000	186.360000	36.000
187.530000	187.760000	33.000
187.810000	188.050000	47.000
187.810000	188.050000	31.000
188.100000	188.190000	28.000
188.240000	188.320000	36.000
188.660000	189.030000	45.000
188.660000	188.880000	33.000
189.080000	189.170000	47.000
189.220000	189.310000	35.000
189.490000	189.720000	76.000
189.490000	189.720000	45.000
189.920000	190.010000	49.000
190.180000	190.720000	37.000
190.330000	190.560000	45.000
191.610000	191.690000	42.000
192.180000	192.260000	33.000
192.460000	192.540000	35.000
192.590000	192.680000	47.000
192.730000	192.800000	40.000
193.200000	193.380000	45.000
193.360000	193.380000	57.000
193.550000	193.650000	47.000
194.140000	194.210000	36.000
194.390000	194.630000	40.000
194.680000	194.770000	30.000
194.820000	195.060000	42.000
195.780000	196.040000	30.000
196.090000	196.170000	42.000
196.510000	196.740000	45.000
196.790000	197.160000	35.000
196.790000	197.030000	66.000
196.790000	197.030000	40.000
197.630000	197.860000	57.000
197.770000	197.860000	45.000
198.040000	198.140000	47.000
198.460000	198.700000	59.000
198.460000	198.700000	45.000
198.890000	199.260000	37.000
198.890000	198.980000	54.000
199.310000	200.100000	37.000
199.590000	199.830000	75.000
199.880000	199.950000	66.000
200.430000	200.530000	30.000
200.580000	200.650000	59.000
201.120000	201.220000	45.000
202.240000	202.350000	57.000
202.590000	202.630000	35.000
202.950000	203.180000	57.000
202.950000	203.180000	26.000
203.430000	203.460000	42.000
203.650000	203.910000	30.000
203.960000	204.030000	42.000
204.220000	204.310000	59.000
204.490000	204.590000	45.000
204.640000	204.860000	78.000
204.910000	205.030000	30.000
205.200000	205.430000	66.000
205.200000	205.430000	31.000
205.480000	205.730000	64.000
205.480000	205.730000	57.000
205.480000	205.730000	26.000
205.780000	206.270000	35.000
205.780000	206.000000	66.000
206.050000	206.330000	64.000
206.380000	206.550000	66.000
206.600000	206.840000	45.000
206.740000	206.840000	33.000
207.020000	207.250000	47.000
207.160000	207.250000	41.000
207.160000	207.250000	35.000
207.430000	207.660000	41.000
207.430000	207.660000	33.000
207.430000	207.660000	27.000
207.860000	208.230000	37.000
207.860000	207.950000	66.000
208.280000	208.790000	37.000
208.560000	208.790000	54.000
208.840000	209.240000	66.000
208.840000	209.070000	36.000
209.290000	209.390000	42.000
209.680000	209.910000	59.000
209.680000	209.910000	55.000
209.960000	210.200000	45.000
210.250000	210.600000	47.000
210.250000	210.480000	35.000
210.940000	211.040000	66.000
211.090000	211.180000	66.000
211.230000	211.320000	45.000
211.230000	211.320000	38.000
211.540000	211.740000	47.000
211.930000	212.010000	33.000
212.060000	212.160000	54.000
212.060000	212.160000	47.000
212.060000	212.160000	46.000
212.210000	212.470000	30.000
212.210000	212.470000	26.000
212.520000	215.670000	73.000
212.520000	215.670000	36.000
212.520000	215.670000	33.000
212.520000	215.670000	23.000
212.520000	215.670000	22.000
