6.080000	6.610000	73.000
6.080000	6.610000	61.000
6.080000	6.460000	94.000
6.510000	6.610000	93.000
6.510000	6.610000	78.000
6.870000	7.230000	91.000
6.870000	7.230000	83.000
7.280000	7.630000	94.000
7.280000	7.630000	86.000
7.860000	8.030000	88.000
7.860000	8.030000	83.000
8.080000	8.430000	91.000
8.080000	8.430000	83.000
8.480000	9.010000	73.000
8.480000	8.830000	94.000
8.880000	9.010000	93.000
8.880000	9.010000	78.000
9.290000	9.630000	91.000
9.290000	9.630000	88.000
9.290000	9.630000	83.000
9.680000	10.040000	94.000
9.680000	10.040000	86.000
10.090000	10.840000	83.000
10.090000	10.430000	88.000
10.480000	10.840000	91.000
11.000000	11.210000	69.000
11.000000	11.210000	30.000
11.260000	11.410000	69.000
11.460000	11.620000	69.000
11.670000	12.040000	91.000
11.670000	12.040000	83.000
11.670000	12.040000	66.000
12.090000	12.350000	69.000
12.400000	12.430000	69.000
12.560000	12.630000	69.000
12.680000	12.830000	69.000
12.880000	14.060000	42.000
12.880000	13.240000	83.000
12.880000	13.240000	66.000
13.290000	13.640000	69.000
13.690000	14.450000	30.000
13.690000	13.870000	69.000
13.690000	13.870000	68.000
13.920000	14.450000	69.000
14.110000	15.440000	42.000
14.110000	14.450000	91.000
14.110000	14.450000	83.000
14.500000	16.040000	30.000
14.500000	14.860000	70.000
14.500000	14.860000	69.000
14.910000	14.970000	69.000
15.020000	15.080000	69.000
15.290000	15.670000	66.000
15.490000	18.160000	42.000
15.720000	16.040000	69.000
16.090000	16.930000	30.000
16.090000	16.230000	81.000
16.090000	16.230000	69.000
16.280000	16.450000	69.000
16.500000	16.860000	83.000
16.500000	16.860000	66.000
16.980000	18.420000	30.000
16.980000	17.290000	69.000
17.340000	17.440000	69.000
17.490000	17.640000	69.000
17.490000	17.580000	70.000
17.690000	18.050000	66.000
17.690000	18.050000	54.000
18.100000	18.160000	69.000
18.210000	18.630000	69.000
18.470000	19.630000	30.000
18.680000	18.820000	69.000
18.870000	19.230000	83.000
18.870000	19.230000	66.000
18.870000	19.230000	54.000
18.870000	19.230000	49.000
19.280000	19.630000	69.000
19.680000	20.450000	30.000
19.680000	19.840000	69.000
19.890000	20.450000	42.000
19.890000	20.030000	69.000
20.080000	20.450000	67.000
20.080000	20.450000	66.000
20.080000	20.450000	49.000
20.500000	20.650000	69.000
20.500000	20.650000	66.000
20.700000	21.070000	69.000
20.700000	21.070000	30.000
20.900000	21.070000	66.000
21.120000	22.040000	30.000
21.120000	21.240000	69.000
21.120000	21.240000	66.000
21.290000	21.640000	83.000
21.290000	21.640000	66.000
21.620000	21.840000	42.000
21.690000	21.840000	69.000
21.690000	21.840000	65.000
21.890000	22.350000	37.000
21.890000	22.040000	65.000
22.090000	22.230000	69.000
22.090000	22.230000	64.000
22.280000	22.440000	64.000
22.400000	22.440000	69.000
22.490000	23.040000	37.000
22.490000	22.840000	91.000
22.490000	22.840000	66.000
22.490000	22.840000	64.000
22.890000	23.040000	69.000
23.090000	23.580000	42.000
23.090000	23.250000	69.000
23.300000	23.820000	54.000
23.300000	23.650000	69.000
23.630000	24.050000	42.000
23.700000	24.050000	66.000
23.870000	24.050000	54.000
24.100000	24.670000	42.000
24.100000	24.220000	82.000
24.100000	24.220000	62.000
24.270000	24.470000	69.000
24.270000	24.470000	61.000
24.520000	24.670000	61.000
24.520000	24.610000	80.000
24.720000	25.240000	42.000
24.810000	24.850000	69.000
24.900000	25.310000	37.000
24.900000	25.240000	79.000
24.900000	25.240000	66.000
24.900000	25.240000	54.000
25.360000	26.840000	30.000
25.360000	25.660000	69.000
25.360000	25.660000	38.000
25.710000	25.870000	69.000
25.710000	25.870000	62.000
25.920000	26.060000	69.000
25.920000	26.060000	62.000
26.110000	26.690000	42.000
26.110000	26.440000	63.000
26.490000	27.030000	37.000
26.490000	26.690000	66.000
26.740000	26.840000	69.000
26.890000	27.030000	69.000
27.080000	27.170000	69.000
27.300000	28.240000	37.000
27.300000	27.640000	66.000
27.690000	28.440000	42.000
27.690000	28.030000	69.000
27.690000	28.030000	67.000
28.080000	28.370000	67.000
28.080000	28.240000	68.000
28.080000	28.240000	54.000
28.490000	29.270000	42.000
28.490000	28.850000	79.000
28.490000	28.850000	67.000
28.900000	29.050000	69.000
29.100000	29.270000	69.000
29.320000	29.640000	66.000
29.320000	29.640000	54.000
29.320000	29.460000	69.000
29.510000	29.640000	69.000
29.690000	29.750000	67.000
29.800000	29.840000	66.000
29.890000	30.040000	67.000
30.000000	30.040000	51.000
30.090000	30.470000	42.000
30.380000	31.650000	30.000
30.700000	30.860000	74.000
31.090000	31.270000	73.000
31.090000	31.270000	66.000
31.320000	31.650000	74.000
31.320000	31.650000	73.000
31.320000	31.650000	61.000
31.320000	31.650000	32.000
31.700000	31.840000	74.000
31.700000	31.840000	69.000
31.890000	32.040000	74.000
31.890000	32.040000	44.000
31.890000	32.040000	32.000
32.090000	32.240000	47.000
32.290000	32.440000	73.000
32.290000	32.440000	37.000
32.290000	32.440000	32.000
32.490000	33.040000	42.000
32.490000	33.040000	33.000
32.490000	32.890000	73.000
33.090000	33.440000	66.000
33.090000	33.440000	33.000
33.090000	33.230000	70.000
33.280000	33.440000	78.000
33.490000	33.670000	73.000
33.490000	33.620000	78.000
33.490000	33.620000	69.000
33.490000	33.620000	66.000
33.830000	34.440000	35.000
34.270000	34.440000	74.000
34.690000	34.830000	78.000
34.690000	34.830000	47.000
34.690000	34.830000	37.000
34.880000	36.060000	30.000
34.880000	35.220000	78.000
34.880000	35.220000	51.000
35.270000	35.440000	78.000
35.490000	35.660000	78.000
35.810000	36.060000	81.000
35.810000	36.060000	76.000
35.810000	36.060000	74.000
36.110000	37.250000	30.000
36.110000	36.460000	74.000
36.110000	36.460000	73.000
36.670000	36.850000	74.000
36.900000	37.480000	37.000
36.900000	37.250000	71.000
36.900000	37.250000	69.000
37.530000	37.980000	42.000
37.530000	37.830000	49.000
37.530000	37.630000	69.000
37.680000	38.050000	37.000
37.680000	37.830000	72.000
37.680000	37.830000	69.000
37.680000	37.830000	54.000
38.030000	38.470000	42.000
38.100000	38.210000	73.000
38.350000	38.470000	69.000
38.350000	38.470000	54.000
38.520000	39.790000	42.000
38.520000	38.680000	71.000
38.730000	39.220000	85.000
39.070000	39.630000	83.000
39.070000	39.220000	78.000
39.270000	39.790000	73.000
39.270000	39.630000	81.000
39.270000	39.630000	71.000
39.840000	40.230000	73.000
39.840000	40.230000	66.000
39.940000	40.230000	78.000
39.940000	40.230000	61.000
39.940000	40.230000	41.000
40.280000	40.660000	61.000
40.280000	40.450000	78.000
40.280000	40.450000	67.000
40.280000	40.450000	66.000
40.500000	40.840000	41.000
40.500000	40.660000	69.000
40.710000	41.030000	53.000
40.710000	40.840000	70.000
40.890000	41.030000	41.000
41.080000	41.270000	41.000
41.080000	41.230000	74.000
41.320000	41.650000	71.000
41.320000	41.490000	72.000
41.320000	41.490000	53.000
41.700000	42.230000	37.000
41.700000	42.030000	67.000
41.700000	42.030000	54.000
42.080000	42.230000	87.000
42.080000	42.230000	61.000
42.280000	43.210000	30.000
42.280000	42.550000	66.000
42.280000	42.550000	61.000
42.600000	42.700000	66.000
42.600000	42.700000	61.000
42.880000	43.030000	81.000
42.880000	43.030000	61.000
43.080000	43.210000	70.000
43.260000	43.650000	30.000
43.460000	44.050000	37.000
43.460000	43.650000	74.000
43.700000	44.050000	83.000
43.700000	44.050000	73.000
44.100000	44.480000	37.000
44.100000	44.430000	70.000
44.100000	44.430000	69.000
44.100000	44.430000	67.000
44.530000	45.650000	54.000
44.660000	46.250000	30.000
44.660000	45.070000	66.000
44.660000	44.890000	61.000
45.120000	45.280000	61.000
45.330000	45.650000	67.000
45.330000	45.650000	66.000
45.330000	45.650000	61.000
45.700000	46.830000	62.000
45.700000	46.830000	35.000
45.700000	46.250000	42.000
46.300000	46.830000	81.000
46.300000	46.830000	66.000
46.300000	46.830000	60.000
46.880000	47.670000	37.000
46.880000	47.260000	69.000
46.880000	47.260000	61.000
46.880000	47.210000	79.000
47.310000	47.450000	69.000
47.310000	47.450000	61.000
47.500000	48.070000	49.000
47.720000	48.070000	78.000
47.720000	48.070000	37.000
48.260000	48.640000	69.000
48.260000	48.480000	62.000
48.260000	48.480000	38.000
48.530000	48.850000	50.000
48.690000	49.230000	62.000
48.690000	48.850000	69.000
48.900000	49.630000	66.000
48.900000	49.630000	50.000
48.900000	49.230000	67.000
48.900000	49.230000	60.000
49.280000	51.030000	30.000
49.280000	49.810000	61.000
49.280000	49.630000	91.000
49.680000	49.810000	66.000
49.860000	50.020000	66.000
50.070000	51.030000	78.000
50.070000	50.230000	67.000
50.400000	51.640000	66.000
50.490000	51.030000	42.000
50.490000	50.840000	69.000
50.490000	50.840000	43.000
50.890000	51.240000	54.000
50.890000	51.030000	69.000
51.080000	53.250000	42.000
51.080000	51.640000	69.000
51.290000	52.270000	61.000
51.290000	52.040000	78.000
51.290000	51.640000	54.000
51.690000	52.470000	66.000
51.690000	52.270000	69.000
51.690000	52.270000	30.000
51.690000	52.040000	82.000
52.320000	53.380000	30.000
52.320000	52.840000	69.000
52.520000	53.380000	66.000
52.520000	52.840000	61.000
52.890000	53.480000	61.000
52.890000	53.250000	82.000
52.890000	53.250000	69.000
53.300000	53.640000	69.000
53.300000	53.480000	42.000
53.530000	53.640000	42.000
53.690000	54.870000	42.000
53.690000	54.070000	66.000
54.120000	55.260000	30.000
54.120000	54.450000	69.000
54.120000	54.450000	66.000
54.500000	54.640000	69.000
54.500000	54.640000	66.000
54.690000	54.870000	66.000
54.920000	55.470000	42.000
54.920000	55.260000	66.000
55.520000	55.650000	69.000
55.520000	55.650000	32.000
55.700000	55.840000	68.000
55.700000	55.840000	44.000
55.890000	56.670000	44.000
55.890000	55.980000	64.000
56.100000	56.460000	66.000
56.100000	56.460000	32.000
56.510000	56.830000	69.000
56.720000	57.860000	33.000
56.880000	57.030000	69.000
57.080000	57.220000	69.000
57.080000	57.220000	62.000
57.270000	57.460000	66.000
57.270000	57.460000	64.000
57.510000	57.640000	66.000
57.510000	57.640000	45.000
57.690000	58.430000	69.000
57.910000	58.670000	35.000
57.910000	58.030000	62.000
58.080000	58.430000	62.000
58.480000	58.850000	66.000
58.480000	58.670000	67.000
58.720000	59.050000	37.000
58.900000	59.050000	69.000
58.900000	59.050000	66.000
59.100000	60.050000	30.000
59.100000	59.470000	69.000
59.100000	59.250000	62.000
59.520000	59.640000	69.000
59.520000	59.640000	62.000
59.690000	60.050000	67.000
59.690000	60.050000	66.000
60.100000	60.260000	65.000
60.100000	60.260000	62.000
60.100000	60.260000	30.000
60.310000	60.840000	32.000
60.490000	60.840000	64.000
60.490000	60.640000	69.000
60.490000	60.640000	44.000
60.690000	61.240000	44.000
60.690000	60.840000	69.000
60.890000	61.240000	67.000
60.890000	61.240000	66.000
60.890000	61.240000	32.000
61.290000	62.450000	33.000
61.290000	61.840000	69.000
61.290000	61.650000	64.000
61.290000	61.650000	62.000
61.700000	62.450000	45.000
61.700000	61.840000	62.000
61.890000	62.050000	62.000
62.100000	62.870000	66.000
62.100000	62.450000	62.000
62.500000	63.320000	35.000
62.500000	62.870000	69.000
62.920000	63.640000	61.000
62.920000	63.640000	47.000
63.370000	63.640000	66.000
63.370000	63.640000	37.000
63.690000	64.460000	30.000
63.690000	64.260000	66.000
63.690000	64.060000	69.000
63.690000	64.060000	62.000
64.110000	64.260000	69.000
64.310000	64.460000	69.000
64.310000	64.460000	37.000
64.310000	64.410000	66.000
64.510000	65.430000	30.000
64.510000	64.840000	66.000
64.510000	64.840000	63.000
64.510000	64.840000	37.000
64.890000	65.240000	74.000
64.890000	65.240000	62.000
65.290000	65.650000	54.000
65.290000	65.570000	42.000
65.480000	66.040000	66.000
65.620000	66.200000	42.000
65.700000	66.200000	54.000
66.250000	67.390000	42.000
66.340000	67.820000	30.000
66.340000	66.430000	61.000
66.480000	66.640000	68.000
66.890000	67.250000	79.000
66.890000	67.250000	75.000
66.890000	67.250000	66.000
66.890000	67.250000	61.000
67.440000	67.860000	42.000
67.440000	67.670000	73.000
67.440000	67.670000	69.000
67.720000	68.530000	66.000
67.720000	68.020000	61.000
67.720000	67.860000	69.000
67.910000	68.530000	42.000
67.910000	68.240000	73.000
67.910000	68.020000	69.000
68.070000	68.240000	78.000
68.580000	68.860000	66.000
68.580000	68.860000	37.000
68.910000	69.270000	74.000
69.320000	69.790000	66.000
69.320000	69.790000	49.000
69.320000	69.680000	74.000
69.840000	70.070000	47.000
69.940000	70.070000	49.000
69.940000	70.070000	35.000
70.120000	71.060000	47.000
70.120000	70.450000	88.000
70.500000	70.870000	75.000
70.500000	70.870000	66.000
71.110000	71.290000	37.000
71.110000	71.180000	66.000
71.230000	71.340000	35.000
71.480000	71.850000	33.000
71.480000	71.660000	66.000
71.710000	72.060000	66.000
71.900000	72.200000	32.000
71.900000	72.060000	45.000
72.310000	72.610000	30.000
72.510000	72.610000	75.000
72.660000	72.850000	75.000
72.660000	72.850000	74.000
72.900000	73.460000	66.000
72.900000	73.240000	61.000
73.120000	73.340000	42.000
73.390000	74.060000	42.000
73.510000	74.160000	66.000
73.510000	74.160000	23.000
73.730000	73.850000	78.000
74.290000	74.660000	25.000
74.290000	74.450000	76.000
74.290000	74.450000	66.000
74.640000	76.230000	54.000
74.710000	75.810000	30.000
74.710000	74.860000	25.000
74.910000	75.810000	42.000
75.080000	75.250000	74.000
75.300000	76.050000	66.000
75.300000	75.640000	73.000
75.300000	75.640000	71.000
75.300000	75.640000	37.000
75.860000	76.450000	26.000
75.860000	76.050000	42.000
76.100000	76.390000	66.000
76.100000	76.230000	62.000
76.280000	76.390000	72.000
76.280000	76.390000	42.000
76.500000	76.600000	66.000
76.500000	76.600000	26.000
76.650000	76.930000	40.000
76.650000	76.870000	38.000
76.750000	76.870000	28.000
76.920000	77.070000	28.000
76.980000	77.250000	54.000
77.120000	77.900000	30.000
77.120000	77.640000	61.000
77.120000	77.250000	66.000
77.300000	77.430000	66.000
77.480000	77.640000	66.000
77.690000	78.030000	61.000
77.690000	77.900000	66.000
77.950000	79.290000	30.000
77.950000	78.290000	66.000
78.080000	78.850000	61.000
78.080000	78.490000	79.000
78.540000	79.070000	42.000
78.540000	78.670000	78.000
78.720000	78.850000	67.000
78.900000	79.070000	69.000
78.900000	79.070000	61.000
79.120000	80.040000	42.000
79.340000	79.430000	30.000
79.480000	79.860000	35.000
79.480000	79.670000	30.000
79.720000	79.860000	72.000
79.720000	79.860000	66.000
79.720000	79.860000	23.000
79.910000	80.250000	66.000
79.910000	80.250000	37.000
79.910000	80.040000	46.000
80.090000	81.660000	42.000
80.090000	80.250000	25.000
80.300000	82.040000	30.000
80.300000	80.870000	66.000
80.300000	80.430000	61.000
80.480000	80.870000	79.000
80.480000	80.870000	61.000
80.920000	81.090000	66.000
81.140000	81.250000	66.000
81.480000	81.660000	70.000
81.480000	81.660000	66.000
81.480000	81.660000	61.000
81.710000	81.800000	42.000
81.850000	82.280000	35.000
81.850000	82.040000	74.000
81.850000	82.040000	42.000
82.090000	82.280000	72.000
82.090000	82.280000	64.000
82.090000	82.280000	23.000
82.330000	82.870000	37.000
82.330000	82.450000	53.000
82.330000	82.450000	44.000
82.500000	84.060000	30.000
82.500000	82.870000	70.000
82.500000	82.870000	67.000
82.500000	82.870000	66.000
82.500000	82.870000	61.000
82.500000	82.870000	25.000
82.920000	83.270000	66.000
82.920000	83.020000	37.000
83.320000	83.670000	69.000
83.510000	83.670000	66.000
83.510000	83.670000	61.000
83.720000	84.060000	66.000
84.110000	84.850000	26.000
84.110000	84.460000	66.000
84.110000	84.460000	62.000
84.510000	85.240000	62.000
84.510000	84.650000	66.000
84.700000	85.850000	38.000
84.900000	85.240000	78.000
85.290000	85.370000	66.000
85.290000	85.370000	62.000
85.420000	86.550000	57.000
85.520000	86.610000	33.000
85.520000	86.070000	66.000
85.520000	85.850000	69.000
85.710000	85.850000	64.000
86.120000	86.610000	73.000
86.120000	86.460000	66.000
86.120000	86.460000	64.000
86.660000	87.630000	35.000
86.660000	86.880000	69.000
86.660000	86.880000	42.000
86.930000	87.630000	23.000
86.930000	87.040000	59.000
87.090000	87.630000	59.000
87.300000	93.070000	54.000
87.300000	87.630000	61.000
87.680000	90.860000	30.000
87.680000	88.470000	61.000
87.680000	88.280000	66.000
87.680000	88.080000	79.000
88.130000	89.280000	42.000
88.520000	90.860000	66.000
88.520000	89.280000	61.000
88.910000	89.690000	73.000
88.910000	89.280000	37.000
89.330000	91.890000	42.000
90.080000	91.250000	73.000
90.080000	90.690000	78.000
90.080000	90.690000	69.000
90.910000	91.700000	61.000
90.910000	91.700000	30.000
90.910000	91.250000	66.000
91.300000	91.700000	66.000
91.480000	92.030000	73.000
91.480000	91.890000	37.000
91.750000	92.440000	61.000
91.750000	92.440000	30.000
91.940000	93.420000	42.000
92.080000	92.440000	73.000
92.490000	93.290000	30.000
92.490000	93.070000	83.000
92.490000	92.870000	73.000
92.490000	92.870000	67.000
92.490000	92.870000	66.000
93.120000	93.290000	69.000
93.120000	93.290000	66.000
93.520000	93.680000	85.000
93.520000	93.680000	83.000
93.520000	93.680000	69.000
93.520000	93.680000	66.000
93.730000	93.890000	69.000
93.730000	93.890000	65.000
93.940000	94.080000	85.000
93.940000	94.080000	64.000
94.130000	94.270000	64.000
94.530000	94.830000	85.000
94.530000	94.640000	66.000
94.690000	94.880000	83.000
94.690000	94.830000	69.000
94.690000	94.830000	66.000
94.930000	95.010000	73.000
95.060000	95.400000	66.000
95.060000	95.270000	73.000
95.320000	95.660000	81.000
95.450000	95.660000	69.000
95.450000	95.660000	66.000
95.710000	95.860000	67.000
95.910000	96.260000	85.000
95.910000	96.070000	83.000
95.910000	96.070000	62.000
96.120000	96.260000	61.000
96.310000	96.450000	85.000
96.310000	96.450000	78.000
96.310000	96.450000	61.000
96.500000	96.640000	83.000
96.500000	96.640000	81.000
96.690000	96.850000	83.000
96.690000	96.850000	69.000
96.900000	97.080000	66.000
97.130000	97.240000	78.000
97.130000	97.240000	73.000
97.130000	97.240000	69.000
97.130000	97.240000	66.000
97.290000	97.670000	73.000
97.290000	97.670000	66.000
97.720000	98.070000	69.000
97.920000	98.070000	62.000
98.120000	98.470000	78.000
98.320000	98.880000	85.000
98.320000	98.470000	83.000
98.320000	98.470000	66.000
98.520000	98.670000	81.000
98.520000	98.670000	64.000
98.520000	98.670000	61.000
98.720000	98.880000	66.000
98.720000	98.880000	61.000
98.930000	99.070000	83.000
98.930000	99.070000	69.000
99.120000	99.630000	85.000
99.120000	99.270000	64.000
99.120000	99.270000	62.000
99.320000	99.460000	66.000
99.510000	99.570000	66.000
99.730000	99.880000	73.000
99.730000	99.880000	66.000
99.930000	100.260000	66.000
99.930000	100.060000	73.000
99.930000	100.060000	59.000
100.110000	100.260000	69.000
100.530000	100.670000	59.000
100.720000	100.870000	83.000
100.720000	100.870000	66.000
100.920000	101.080000	69.000
101.130000	101.290000	85.000
101.130000	101.290000	54.000
101.340000	101.480000	68.000
101.340000	101.480000	61.000
101.530000	101.610000	66.000
101.720000	102.060000	66.000
101.920000	102.060000	73.000
102.110000	102.280000	69.000
102.330000	102.480000	73.000
102.330000	102.480000	69.000
102.330000	102.480000	66.000
102.530000	102.670000	59.000
103.110000	103.260000	66.000
103.310000	103.490000	66.000
103.540000	103.660000	69.000
103.540000	103.660000	66.000
103.710000	103.850000	69.000
103.710000	103.850000	67.000
103.710000	103.850000	62.000
103.900000	104.060000	66.000
104.110000	104.460000	73.000
104.110000	104.460000	66.000
104.110000	104.460000	62.000
104.510000	104.860000	75.000
104.510000	104.860000	70.000
104.510000	104.860000	69.000
104.510000	104.860000	67.000
104.510000	104.860000	66.000
104.510000	104.860000	61.000
105.090000	105.250000	67.000
105.090000	105.250000	61.000
105.300000	105.590000	66.000
105.530000	105.590000	73.000
105.640000	105.670000	66.000
105.720000	105.860000	66.000
105.910000	106.250000	66.000
105.910000	106.070000	73.000
105.910000	106.070000	69.000
106.300000	106.510000	66.000
106.300000	106.450000	69.000
106.300000	106.450000	61.000
106.560000	106.660000	78.000
106.560000	106.660000	66.000
106.710000	107.470000	78.000
106.710000	106.870000	85.000
106.710000	106.870000	66.000
106.920000	107.070000	66.000
106.920000	107.070000	61.000
107.120000	107.670000	66.000
107.120000	107.470000	62.000
107.120000	107.270000	37.000
107.320000	107.470000	90.000
107.720000	108.210000	66.000
107.720000	108.150000	83.000
108.260000	108.290000	49.000
108.340000	108.500000	35.000
108.340000	108.440000	73.000
108.550000	109.420000	35.000
108.720000	109.420000	66.000
109.470000	109.490000	35.000
109.540000	109.620000	66.000
109.670000	109.700000	35.000
109.750000	109.860000	35.000
109.820000	109.860000	47.000
109.910000	110.270000	33.000
109.910000	110.070000	66.000
110.320000	110.590000	32.000
110.320000	110.470000	61.000
110.730000	111.080000	66.000
110.730000	111.080000	30.000
110.730000	110.860000	61.000
111.130000	111.260000	66.000
111.130000	111.260000	61.000
111.130000	111.260000	30.000
111.310000	112.080000	66.000
111.310000	111.480000	61.000
111.790000	112.660000	42.000
111.790000	112.470000	35.000
111.790000	112.080000	78.000
111.790000	112.040000	31.000
112.130000	112.660000	23.000
112.130000	112.270000	78.000
112.520000	112.660000	76.000
112.520000	112.660000	35.000
112.710000	113.040000	25.000
112.710000	112.870000	66.000
113.000000	113.260000	37.000
113.090000	113.860000	30.000
113.090000	113.260000	25.000
113.310000	113.460000	73.000
113.310000	113.460000	66.000
113.310000	113.460000	37.000
113.710000	114.200000	42.000
113.710000	113.860000	71.000
113.910000	114.200000	30.000
113.910000	114.040000	66.000
114.250000	114.480000	42.000
114.320000	114.870000	38.000
114.320000	114.430000	30.000
114.530000	115.020000	26.000
114.530000	114.650000	42.000
114.700000	114.870000	66.000
114.920000	115.100000	38.000
115.150000	115.470000	28.000
115.150000	115.270000	71.000
115.150000	115.270000	38.000
115.520000	117.070000	30.000
115.520000	116.060000	66.000
115.700000	116.060000	83.000
115.890000	116.450000	78.000
115.890000	116.060000	37.000
116.110000	117.070000	66.000
116.110000	116.270000	61.000
116.320000	116.450000	83.000
116.500000	117.260000	42.000
116.500000	116.690000	37.000
116.930000	117.070000	78.000
117.310000	117.460000	81.000
117.310000	117.460000	69.000
117.310000	117.460000	61.000
117.510000	117.740000	61.000
117.510000	117.660000	70.000
117.880000	118.270000	42.000
117.880000	118.270000	35.000
117.880000	118.080000	74.000
118.130000	118.460000	23.000
118.130000	118.270000	66.000
118.320000	118.460000	66.000
118.320000	118.460000	37.000
118.700000	120.180000	30.000
118.700000	119.290000	66.000
118.700000	118.840000	46.000
118.890000	119.490000	37.000
118.890000	119.290000	79.000
118.890000	119.290000	73.000
119.340000	119.490000	66.000
119.340000	119.490000	61.000
119.540000	119.860000	66.000
119.540000	119.670000	61.000
119.910000	120.070000	61.000
120.120000	120.180000	54.000
120.230000	120.270000	42.000
120.320000	120.860000	35.000
120.320000	120.480000	73.000
120.530000	121.700000	37.000
120.530000	120.860000	73.000
120.530000	120.860000	23.000
120.910000	121.280000	25.000
120.910000	121.080000	67.000
121.130000	122.090000	30.000
121.330000	121.480000	61.000
121.530000	121.700000	61.000
121.750000	122.090000	61.000
121.750000	121.860000	68.000
121.910000	122.090000	69.000
121.910000	122.090000	42.000
122.140000	122.270000	61.000
122.320000	122.470000	83.000
122.320000	122.470000	66.000
122.670000	123.660000	62.000
122.670000	123.480000	26.000
122.670000	123.060000	57.000
122.670000	123.060000	42.000
123.110000	123.880000	38.000
123.320000	123.480000	73.000
123.710000	123.880000	26.000
123.710000	123.820000	66.000
123.710000	123.820000	62.000
123.930000	124.260000	33.000
123.930000	124.070000	66.000
123.930000	124.070000	26.000
124.120000	124.260000	64.000
124.310000	124.880000	45.000
124.310000	124.470000	61.000
124.520000	125.030000	64.000
124.520000	124.880000	66.000
124.520000	124.880000	33.000
124.930000	125.030000	45.000
125.080000	126.040000	54.000
125.080000	125.670000	23.000
125.540000	125.670000	59.000
125.720000	126.240000	35.000
125.720000	126.040000	66.000
126.400000	127.440000	30.000
126.400000	126.470000	66.000
126.520000	126.900000	83.000
126.520000	126.900000	67.000
126.520000	126.900000	66.000
126.520000	126.900000	61.000
126.520000	126.900000	57.000
126.950000	127.440000	66.000
126.950000	127.240000	83.000
126.950000	127.240000	61.000
127.290000	127.850000	61.000
127.490000	132.060000	30.000
127.490000	130.830000	66.000
127.490000	127.850000	37.000
127.900000	132.060000	42.000
127.900000	128.420000	73.000
127.900000	128.420000	57.000
128.470000	132.060000	78.000
128.470000	129.620000	73.000
128.470000	129.620000	67.000
128.470000	129.620000	57.000
129.670000	131.550000	85.000
129.670000	130.830000	86.000
129.670000	130.830000	37.000
130.880000	133.520000	66.000
130.880000	131.550000	61.000
131.600000	133.520000	61.000
132.110000	133.520000	54.000
132.110000	133.520000	42.000
132.110000	133.520000	34.000
133.570000	134.250000	73.000
134.300000	134.350000	73.000
134.400000	134.880000	73.000
134.930000	135.290000	71.000
134.930000	135.290000	69.000
134.930000	135.290000	68.000
135.400000	136.300000	90.000
135.400000	136.300000	74.000
135.400000	136.300000	73.000
136.350000	136.840000	73.000
136.350000	136.770000	74.000
136.350000	136.770000	69.000
136.890000	138.090000	91.000
136.890000	137.510000	66.000
137.560000	138.090000	85.000
137.560000	138.090000	66.000
138.140000	138.700000	85.000
138.140000	138.700000	66.000
138.750000	139.050000	85.000
138.750000	139.050000	66.000
139.100000	145.740000	87.000
139.100000	145.740000	84.000
139.100000	145.740000	79.000
139.100000	145.740000	78.000
139.100000	145.740000	76.000
139.100000	145.740000	70.000
139.100000	145.740000	61.000
139.100000	145.740000	49.000
139.100000	145.740000	30.000
