1.114558	1.114558	1
3.320454	3.320454	2
5.537959	5.537959	3
7.883175	7.883175	4
10.344490	10.344490	5
12.678095	12.678095	6
14.825941	14.825941	7
16.973787	16.973787	8
18.901043	18.901043	9
20.747029	20.747029	10
22.639456	22.639456	11
24.404172	24.404172	12
26.203719	26.203719	13
28.316735	28.316735	14
30.406531	30.406531	15
32.449887	32.449887	16
34.365533	34.365533	17
36.327619	36.327619	18
38.324535	38.324535	19
40.309841	40.309841	20
42.329977	42.329977	21
44.396553	44.396553	22
46.439909	46.439909	23
48.460045	48.460045	24
50.491791	50.491791	25
52.500317	52.500317	26
54.485624	54.485624	27
56.436100	56.436100	28
58.433016	58.433016	29
60.406712	60.406712	30
62.357188	62.357188	31
64.319274	64.319274	32
66.362630	66.362630	33
68.394376	68.394376	34
70.402902	70.402902	35
72.411429	72.411429	36
74.431565	74.431565	37
76.463311	76.463311	38
78.471837	78.471837	39
80.526803	80.526803	40
82.570159	82.570159	41
84.590295	84.590295	42
86.563991	86.563991	43
88.560907	88.560907	44
90.569433	90.569433	45
92.566349	92.566349	46
94.598095	94.598095	47
96.664671	96.664671	48
98.661587	98.661587	49
100.635283	100.635283	50
102.597370	102.597370	51
104.571066	104.571066	52
106.602812	106.602812	53
108.634558	108.634558	54
110.619864	110.619864	55
112.558730	112.558730	56
114.578866	114.578866	57
116.575782	116.575782	58
118.537868	118.537868	59
120.511565	120.511565	60
122.496871	122.496871	61
124.435737	124.435737	62
126.409433	126.409433	63
128.394739	128.394739	64
130.438095	130.438095	65
132.446621	132.446621	66
134.443537	134.443537	67
136.486893	136.486893	68
138.518639	138.518639	69
140.538776	140.538776	70
142.558912	142.558912	71
144.567438	144.567438	72
146.622404	146.622404	73
148.630930	148.630930	74
150.627846	150.627846	75
152.636372	152.636372	76
154.621678	154.621678	77
156.641814	156.641814	78
158.673560	158.673560	79
160.693696	160.693696	80
162.725442	162.725442	81
164.710748	164.710748	82
166.672834	166.672834	83
168.658141	168.658141	84
170.666667	170.666667	85
172.686803	172.686803	86
174.672109	174.672109	87
176.622585	176.622585	88
178.642721	178.642721	89
180.604807	180.604807	90
182.590113	182.590113	91
184.505760	184.505760	92
186.514286	186.514286	93
188.464762	188.464762	94
190.426848	190.426848	95
192.400544	192.400544	96
194.478730	194.478730	97
196.475646	196.475646	98
198.495782	198.495782	99
200.481088	200.481088	100
202.512834	202.512834	101
204.544580	204.544580	102
206.541497	206.541497	103
208.596463	208.596463	104
210.616599	210.616599	105
212.613515	212.613515	106
214.610431	214.610431	107
216.584127	216.584127	108
218.592653	218.592653	109
220.624399	220.624399	110
222.667755	222.667755	111
224.676281	224.676281	112
226.673197	226.673197	113
228.646893	228.646893	114
230.585760	230.585760	115
232.594286	232.594286	116
234.626032	234.626032	117
236.611338	236.611338	118
238.573424	238.573424	119
240.558730	240.558730	120
242.578866	242.578866	121
244.564172	244.564172	122
246.537868	246.537868	123
248.534785	248.534785	124
250.520091	250.520091	125
252.458957	252.458957	126
254.397823	254.397823	127
256.359909	256.359909	128
258.438095	258.438095	129
260.481451	260.481451	130
262.513197	262.513197	131
264.533333	264.533333	132
266.541859	266.541859	133
268.550385	268.550385	134
270.570522	270.570522	135
272.637098	272.637098	136
274.645624	274.645624	137
276.677370	276.677370	138
278.662676	278.662676	139
280.659592	280.659592	140
282.644898	282.644898	141
284.676644	284.676644	142
286.708390	286.708390	143
288.728526	288.728526	144
290.713832	290.713832	145
292.687528	292.687528	146
294.649615	294.649615	147
296.669751	296.669751	148
298.713107	298.713107	149
300.710023	300.710023	150
302.672109	302.672109	151
304.529705	304.529705	152
306.410522	306.410522	153
308.360998	308.360998	154
310.334694	310.334694	155
312.308390	312.308390	156
314.293696	314.293696	157
316.209342	316.209342	158
318.183039	318.183039	159
320.214785	320.214785	160
322.246531	322.246531	161
324.255057	324.255057	162
326.251973	326.251973	163
328.260499	328.260499	164
330.315465	330.315465	165
332.289161	332.289161	166
334.332517	334.332517	167
336.387483	336.387483	168
338.407619	338.407619	169
340.392925	340.392925	170
342.378231	342.378231	171
344.363537	344.363537	172
346.372063	346.372063	173
348.403810	348.403810	174
350.354286	350.354286	175
352.223492	352.223492	176
354.185578	354.185578	177
356.147664	356.147664	178
358.098141	358.098141	179
360.106667	360.106667	180
362.161633	362.161633	181
364.158549	364.158549	182
366.097415	366.097415	183
368.047891	368.047891	184
370.079637	370.079637	185
372.030113	372.030113	186
374.003810	374.003810	187
375.989116	375.989116	188
377.986032	377.986032	189
379.924898	379.924898	190
381.886984	381.886984	191
383.930340	383.930340	192
385.950476	385.950476	193
388.005442	388.005442	194
389.979138	389.979138	195
391.999274	391.999274	196
394.054240	394.054240	197
396.039546	396.039546	198
398.082902	398.082902	199
400.126259	400.126259	200
402.146395	402.146395	201
404.143311	404.143311	202
406.128617	406.128617	203
408.125533	408.125533	204
410.134059	410.134059	205
412.154195	412.154195	206
414.197551	414.197551	207
416.217687	416.217687	208
418.214603	418.214603	209
420.188299	420.188299	210
422.138776	422.138776	211
424.205351	424.205351	212
426.225488	426.225488	213
428.257234	428.257234	214
430.358639	430.358639	215
432.413605	432.413605	216
434.410522	434.410522	217
436.384218	436.384218	218
438.323084	438.323084	219
440.320000	440.320000	220
442.270476	442.270476	221
444.232562	444.232562	222
446.229478	446.229478	223
448.249615	448.249615	224
450.281361	450.281361	225
452.289887	452.289887	226
454.333243	454.333243	227
456.295329	456.295329	228
458.338685	458.338685	229
460.382041	460.382041	230
462.402177	462.402177	231
464.433923	464.433923	232
466.419229	466.419229	233
468.416145	468.416145	234
470.389841	470.389841	235
472.421587	472.421587	236
474.406893	474.406893	237
476.450249	476.450249	238
478.458776	478.458776	239
480.316372	480.316372	240
482.185578	482.185578	241
484.124444	484.124444	242
486.132971	486.132971	243
488.176327	488.176327	244
490.184853	490.184853	245
492.158549	492.158549	246
494.143855	494.143855	247
496.175601	496.175601	248
498.114467	498.114467	249
500.076553	500.076553	250
502.061859	502.061859	251
504.035556	504.035556	252
505.986032	505.986032	253
507.948118	507.948118	254
509.886984	509.886984	255
511.953560	511.953560	256
513.973696	513.973696	257
515.982222	515.982222	258
517.979138	517.979138	259
520.010884	520.010884	260
522.065850	522.065850	261
524.039546	524.039546	262
526.013243	526.013243	263
527.882449	527.882449	264
529.879365	529.879365	265
531.864671	531.864671	266
533.861587	533.861587	267
535.835283	535.835283	268
537.878639	537.878639	269
539.910385	539.910385	270
541.930522	541.930522	271
543.927438	543.927438	272
545.901134	545.901134	273
547.840000	547.840000	274
549.825306	549.825306	275
551.868662	551.868662	276
553.888798	553.888798	277
555.850884	555.850884	278
557.812971	557.812971	279
559.833107	559.833107	280
561.795193	561.795193	281
563.734059	563.734059	282
565.626485	565.626485	283
567.658231	567.658231	284
569.736417	569.736417	285
571.814603	571.814603	286
573.869569	573.869569	287
575.912925	575.912925	288
577.967891	577.967891	289
580.092517	580.092517	290
582.159093	582.159093	291
584.202449	584.202449	292
586.269025	586.269025	293
588.300771	588.300771	294
590.506667	590.506667	295
592.642902	592.642902	296
594.779138	594.779138	297
