0.069660	0.069660	3
0.603719	0.603719	4
1.114558	1.114558	1
1.648617	1.648617	2
2.182676	2.182676	3
2.774785	2.774785	4
3.320454	3.320454	1
3.854512	3.854512	2
4.388571	4.388571	3
4.957460	4.957460	4
5.537959	5.537959	1
6.118458	6.118458	2
6.710567	6.710567	3
7.314286	7.314286	4
7.883175	7.883175	1
8.475283	8.475283	2
9.090612	9.090612	3
9.717551	9.717551	4
10.344490	10.344490	1
10.983039	10.983039	2
11.609977	11.609977	3
12.155646	12.155646	4
12.678095	12.678095	1
13.223764	13.223764	2
13.757823	13.757823	3
14.291882	14.291882	4
14.825941	14.825941	1
15.348390	15.348390	2
15.882449	15.882449	3
16.439728	16.439728	4
16.973787	16.973787	1
17.496236	17.496236	2
17.960635	17.960635	3
18.425034	18.425034	4
18.901043	18.901043	1
19.365442	19.365442	2
19.829841	19.829841	3
20.294240	20.294240	4
20.747029	20.747029	1
21.223039	21.223039	2
21.687438	21.687438	3
22.175057	22.175057	4
22.639456	22.639456	1
23.103855	23.103855	2
23.568254	23.568254	3
23.986213	23.986213	4
24.404172	24.404172	1
24.798912	24.798912	2
25.240091	25.240091	3
25.727710	25.727710	4
26.203719	26.203719	1
26.749388	26.749388	2
27.283447	27.283447	3
27.817506	27.817506	4
28.316735	28.316735	1
28.827574	28.827574	2
29.338413	29.338413	3
29.884082	29.884082	4
30.406531	30.406531	1
30.940590	30.940590	2
31.439819	31.439819	3
31.950658	31.950658	4
32.449887	32.449887	1
32.925896	32.925896	2
33.401905	33.401905	3
33.866304	33.866304	4
34.365533	34.365533	1
34.864762	34.864762	2
35.352381	35.352381	3
35.851610	35.851610	4
36.327619	36.327619	1
36.826848	36.826848	2
37.326077	37.326077	3
37.825306	37.825306	4
38.324535	38.324535	1
38.812154	38.812154	2
39.311383	39.311383	3
39.810612	39.810612	4
40.309841	40.309841	1
40.820680	40.820680	2
41.319909	41.319909	3
41.819138	41.819138	4
42.329977	42.329977	1
42.864036	42.864036	2
43.374875	43.374875	3
43.885714	43.885714	4
44.396553	44.396553	1
44.895782	44.895782	2
45.406621	45.406621	3
45.917460	45.917460	4
46.439909	46.439909	1
46.950748	46.950748	2
47.449977	47.449977	3
47.949206	47.949206	4
48.460045	48.460045	1
48.959274	48.959274	2
49.458503	49.458503	3
49.980952	49.980952	4
50.491791	50.491791	1
51.002630	51.002630	2
51.513469	51.513469	3
52.012698	52.012698	4
52.500317	52.500317	1
52.999546	52.999546	2
53.487166	53.487166	3
53.986395	53.986395	4
54.485624	54.485624	1
54.973243	54.973243	2
55.472472	55.472472	3
55.960091	55.960091	4
56.436100	56.436100	1
56.923719	56.923719	2
57.422948	57.422948	3
57.922177	57.922177	4
58.433016	58.433016	1
58.920635	58.920635	2
59.419864	59.419864	3
59.919093	59.919093	4
60.406712	60.406712	1
60.894331	60.894331	2
61.381950	61.381950	3
61.857959	61.857959	4
62.357188	62.357188	1
62.856417	62.856417	2
63.344036	63.344036	3
63.843265	63.843265	4
64.319274	64.319274	1
64.818503	64.818503	2
65.329342	65.329342	3
65.851791	65.851791	4
66.362630	66.362630	1
66.885079	66.885079	2
67.395918	67.395918	3
67.895147	67.895147	4
68.394376	68.394376	1
68.893605	68.893605	2
69.392834	69.392834	3
69.892063	69.892063	4
70.402902	70.402902	1
70.913741	70.913741	2
71.412971	71.412971	3
71.912200	71.912200	4
72.411429	72.411429	1
72.910658	72.910658	2
73.421497	73.421497	3
73.920726	73.920726	4
74.431565	74.431565	1
74.942404	74.942404	2
75.453243	75.453243	3
75.964082	75.964082	4
76.463311	76.463311	1
76.962540	76.962540	2
77.461769	77.461769	3
77.960998	77.960998	4
78.471837	78.471837	1
78.959456	78.959456	2
79.493515	79.493515	3
80.004354	80.004354	4
80.526803	80.526803	1
81.049252	81.049252	2
81.548481	81.548481	3
82.059320	82.059320	4
82.570159	82.570159	1
83.080998	83.080998	2
83.580227	83.580227	3
84.091066	84.091066	4
84.590295	84.590295	1
85.077914	85.077914	2
85.577143	85.577143	3
86.064762	86.064762	4
86.563991	86.563991	1
87.063220	87.063220	2
87.574059	87.574059	3
88.073288	88.073288	4
88.560907	88.560907	1
89.048526	89.048526	2
89.559365	89.559365	3
90.070204	90.070204	4
90.569433	90.569433	1
91.068662	91.068662	2
91.567891	91.567891	3
92.067120	92.067120	4
92.566349	92.566349	1
93.088798	93.088798	2
93.588027	93.588027	3
94.087256	94.087256	4
94.598095	94.598095	1
95.108934	95.108934	2
95.619773	95.619773	3
96.142222	96.142222	4
96.664671	96.664671	1
97.163900	97.163900	2
97.663129	97.663129	3
98.150748	98.150748	4
98.661587	98.661587	1
99.149206	99.149206	2
99.648435	99.648435	3
100.147664	100.147664	4
100.635283	100.635283	1
101.134512	101.134512	2
101.622132	101.622132	3
102.109751	102.109751	4
102.597370	102.597370	1
103.084989	103.084989	2
103.572608	103.572608	3
104.071837	104.071837	4
104.571066	104.571066	1
105.070295	105.070295	2
105.581134	105.581134	3
106.091973	106.091973	4
106.602812	106.602812	1
107.113651	107.113651	2
107.624490	107.624490	3
108.135329	108.135329	4
108.634558	108.634558	1
109.133787	109.133787	2
109.644626	109.644626	3
110.143855	110.143855	4
110.619864	110.619864	1
111.095873	111.095873	2
111.571882	111.571882	3
112.071111	112.071111	4
112.558730	112.558730	1
113.046349	113.046349	2
113.557188	113.557188	3
114.068027	114.068027	4
114.578866	114.578866	1
115.089705	115.089705	2
115.577324	115.577324	3
116.088163	116.088163	4
116.575782	116.575782	1
117.063401	117.063401	2
117.551020	117.551020	3
118.038639	118.038639	4
118.537868	118.537868	1
119.037098	119.037098	2
119.524717	119.524717	3
120.023946	120.023946	4
120.511565	120.511565	1
120.999184	120.999184	2
121.510023	121.510023	3
122.009252	122.009252	4
122.496871	122.496871	1
122.984490	122.984490	2
123.460499	123.460499	3
123.948118	123.948118	4
124.435737	124.435737	1
124.934966	124.934966	2
125.422585	125.422585	3
125.921814	125.921814	4
126.409433	126.409433	1
126.897052	126.897052	2
127.396281	127.396281	3
127.872290	127.872290	4
128.394739	128.394739	1
128.905578	128.905578	2
129.416417	129.416417	3
129.915646	129.915646	4
130.438095	130.438095	1
130.960544	130.960544	2
131.459773	131.459773	3
131.959002	131.959002	4
132.446621	132.446621	1
132.969070	132.969070	2
133.468299	133.468299	3
133.967528	133.967528	4
134.443537	134.443537	1
134.965986	134.965986	2
135.476825	135.476825	3
135.987664	135.987664	4
136.486893	136.486893	1
136.986122	136.986122	2
137.485351	137.485351	3
137.996190	137.996190	4
138.518639	138.518639	1
139.029478	139.029478	2
139.528707	139.528707	3
140.039546	140.039546	4
140.538776	140.538776	1
141.026395	141.026395	2
141.537234	141.537234	3
142.048073	142.048073	4
142.558912	142.558912	1
143.058141	143.058141	2
143.557370	143.557370	3
144.056599	144.056599	4
144.567438	144.567438	1
145.089887	145.089887	2
145.600726	145.600726	3
146.123175	146.123175	4
146.622404	146.622404	1
147.133243	147.133243	2
147.632472	147.632472	3
148.131701	148.131701	4
148.630930	148.630930	1
149.118549	149.118549	2
149.606168	149.606168	3
150.117007	150.117007	4
150.627846	150.627846	1
151.115465	151.115465	2
151.626304	151.626304	3
152.125533	152.125533	4
152.636372	152.636372	1
153.135601	153.135601	2
153.623220	153.623220	3
154.110839	154.110839	4
154.621678	154.621678	1
155.120907	155.120907	2
155.620136	155.620136	3
156.119365	156.119365	4
156.641814	156.641814	1
157.164263	157.164263	2
157.686712	157.686712	3
158.174331	158.174331	4
158.673560	158.673560	1
159.149569	159.149569	2
159.660408	159.660408	3
160.194467	160.194467	4
160.693696	160.693696	1
161.216145	161.216145	2
161.726984	161.726984	3
162.226213	162.226213	4
162.725442	162.725442	1
163.224671	163.224671	2
163.723900	163.723900	3
164.223129	164.223129	4
164.710748	164.710748	1
165.209977	165.209977	2
165.709206	165.709206	3
166.185215	166.185215	4
166.672834	166.672834	1
167.148844	167.148844	2
167.648073	167.648073	3
168.158912	168.158912	4
168.658141	168.658141	1
169.145760	169.145760	2
169.656599	169.656599	3
170.155828	170.155828	4
170.666667	170.666667	1
171.177506	171.177506	2
171.688345	171.688345	3
172.175964	172.175964	4
172.686803	172.686803	1
173.197642	173.197642	2
173.685261	173.685261	3
174.184490	174.184490	4
174.672109	174.672109	1
175.159728	175.159728	2
175.647347	175.647347	3
176.134966	176.134966	4
176.622585	176.622585	1
177.110204	177.110204	2
177.597823	177.597823	3
178.131882	178.131882	4
178.642721	178.642721	1
179.153560	179.153560	2
179.641179	179.641179	3
180.128798	180.128798	4
180.604807	180.604807	1
181.104036	181.104036	2
181.591655	181.591655	3
182.090884	182.090884	4
182.590113	182.590113	1
183.077732	183.077732	2
183.542132	183.542132	3
184.018141	184.018141	4
184.505760	184.505760	1
185.016599	185.016599	2
185.527438	185.527438	3
186.026667	186.026667	4
186.514286	186.514286	1
187.025125	187.025125	2
187.501134	187.501134	3
187.977143	187.977143	4
188.464762	188.464762	1
188.952381	188.952381	2
189.440000	189.440000	3
189.939229	189.939229	4
190.426848	190.426848	1
190.926077	190.926077	2
191.436916	191.436916	3
191.912925	191.912925	4
192.400544	192.400544	1
192.922993	192.922993	2
193.445442	193.445442	3
193.956281	193.956281	4
194.478730	194.478730	1
194.989569	194.989569	2
195.477188	195.477188	3
195.976417	195.976417	4
196.475646	196.475646	1
196.974875	196.974875	2
197.485714	197.485714	3
197.996553	197.996553	4
198.495782	198.495782	1
198.983401	198.983401	2
199.494240	199.494240	3
199.970249	199.970249	4
200.481088	200.481088	1
200.980317	200.980317	2
201.491156	201.491156	3
202.001995	202.001995	4
202.512834	202.512834	1
203.035283	203.035283	2
203.534512	203.534512	3
204.033741	204.033741	4
204.544580	204.544580	1
205.043810	205.043810	2
205.531429	205.531429	3
206.042268	206.042268	4
206.541497	206.541497	1
207.052336	207.052336	2
207.574785	207.574785	3
208.074014	208.074014	4
208.596463	208.596463	1
209.107302	209.107302	2
209.618141	209.618141	3
210.105760	210.105760	4
210.616599	210.616599	1
211.127438	211.127438	2
211.615057	211.615057	3
212.114286	212.114286	4
212.613515	212.613515	1
213.101134	213.101134	2
213.611973	213.611973	3
214.111202	214.111202	4
214.610431	214.610431	1
215.109660	215.109660	2
215.597279	215.597279	3
216.096508	216.096508	4
216.584127	216.584127	1
217.094966	217.094966	2
217.582585	217.582585	3
218.093424	218.093424	4
218.592653	218.592653	1
219.091882	219.091882	2
219.591111	219.591111	3
220.113560	220.113560	4
220.624399	220.624399	1
221.135238	221.135238	2
221.634467	221.634467	3
222.156916	222.156916	4
222.667755	222.667755	1
223.166984	223.166984	2
223.666213	223.666213	3
224.165442	224.165442	4
224.676281	224.676281	1
225.175510	225.175510	2
225.686349	225.686349	3
226.173968	226.173968	4
226.673197	226.673197	1
227.172426	227.172426	2
227.671655	227.671655	3
228.147664	228.147664	4
228.646893	228.646893	1
229.134512	229.134512	2
229.622132	229.622132	3
230.098141	230.098141	4
230.585760	230.585760	1
231.084989	231.084989	2
231.572608	231.572608	3
232.083447	232.083447	4
232.594286	232.594286	1
233.093515	233.093515	2
233.592744	233.592744	3
234.103583	234.103583	4
234.626032	234.626032	1
235.125261	235.125261	2
235.612880	235.612880	3
236.123719	236.123719	4
236.611338	236.611338	1
237.110567	237.110567	2
237.609796	237.609796	3
238.097415	238.097415	4
238.573424	238.573424	1
239.049433	239.049433	2
239.537052	239.537052	3
240.047891	240.047891	4
240.558730	240.558730	1
241.057959	241.057959	2
241.568798	241.568798	3
242.079637	242.079637	4
242.578866	242.578866	1
243.078095	243.078095	2
243.577324	243.577324	3
244.076553	244.076553	4
244.564172	244.564172	1
245.063401	245.063401	2
245.551020	245.551020	3
246.050249	246.050249	4
246.537868	246.537868	1
247.025488	247.025488	2
247.524717	247.524717	3
248.012336	248.012336	4
248.534785	248.534785	1
249.045624	249.045624	2
249.544853	249.544853	3
250.032472	250.032472	4
250.520091	250.520091	1
251.007710	251.007710	2
251.495329	251.495329	3
251.982948	251.982948	4
252.458957	252.458957	1
252.946576	252.946576	2
253.434195	253.434195	3
253.921814	253.921814	4
254.397823	254.397823	1
254.873832	254.873832	2
255.361451	255.361451	3
255.872290	255.872290	4
256.359909	256.359909	1
256.870748	256.870748	2
257.393197	257.393197	3
257.915646	257.915646	4
258.438095	258.438095	1
258.925714	258.925714	2
259.436553	259.436553	3
259.959002	259.959002	4
260.481451	260.481451	1
260.992290	260.992290	2
261.491519	261.491519	3
262.002358	262.002358	4
262.513197	262.513197	1
263.012426	263.012426	2
263.511655	263.511655	3
264.022494	264.022494	4
264.533333	264.533333	1
265.020952	265.020952	2
265.531791	265.531791	3
266.031020	266.031020	4
266.541859	266.541859	1
267.041088	267.041088	2
267.540317	267.540317	3
268.039546	268.039546	4
268.550385	268.550385	1
269.061224	269.061224	2
269.560454	269.560454	3
270.071293	270.071293	4
270.570522	270.570522	1
271.081361	271.081361	2
271.592200	271.592200	3
272.126259	272.126259	4
272.637098	272.637098	1
273.136327	273.136327	2
273.647166	273.647166	3
274.146395	274.146395	4
274.645624	274.645624	1
275.156463	275.156463	2
275.655692	275.655692	3
276.178141	276.178141	4
276.677370	276.677370	1
277.176599	277.176599	2
277.664218	277.664218	3
278.163447	278.163447	4
278.662676	278.662676	1
279.161905	279.161905	2
279.672744	279.672744	3
280.160363	280.160363	4
280.659592	280.659592	1
281.147211	281.147211	2
281.646440	281.646440	3
282.145669	282.145669	4
282.644898	282.644898	1
283.144127	283.144127	2
283.654966	283.654966	3
284.165805	284.165805	4
284.676644	284.676644	1
285.199093	285.199093	2
285.698322	285.698322	3
286.209161	286.209161	4
286.708390	286.708390	1
287.207619	287.207619	2
287.718458	287.718458	3
288.229297	288.229297	4
288.728526	288.728526	1
289.239365	289.239365	2
289.726984	289.726984	3
290.214603	290.214603	4
290.713832	290.713832	1
291.189841	291.189841	2
291.677460	291.677460	3
292.188299	292.188299	4
292.687528	292.687528	1
293.186757	293.186757	2
293.674376	293.674376	3
294.161995	294.161995	4
294.649615	294.649615	1
295.137234	295.137234	2
295.659683	295.659683	3
296.158912	296.158912	4
296.669751	296.669751	1
297.192200	297.192200	2
297.691429	297.691429	3
298.213878	298.213878	4
298.713107	298.713107	1
299.200726	299.200726	2
299.699955	299.699955	3
300.199184	300.199184	4
300.710023	300.710023	1
301.209252	301.209252	2
301.696871	301.696871	3
302.196100	302.196100	4
302.672109	302.672109	1
303.148118	303.148118	2
303.600907	303.600907	3
304.065306	304.065306	4
304.529705	304.529705	1
304.994104	304.994104	2
305.446893	305.446893	3
305.922902	305.922902	4
306.410522	306.410522	1
306.886531	306.886531	2
307.374150	307.374150	3
307.873379	307.873379	4
308.360998	308.360998	1
308.871837	308.871837	2
309.371066	309.371066	3
309.858685	309.858685	4
310.334694	310.334694	1
310.810703	310.810703	2
311.298322	311.298322	3
311.809161	311.809161	4
312.308390	312.308390	1
312.807619	312.807619	2
313.306848	313.306848	3
313.794467	313.794467	4
314.293696	314.293696	1
314.769705	314.769705	2
315.257324	315.257324	3
315.733333	315.733333	4
316.209342	316.209342	1
316.708571	316.708571	2
317.207800	317.207800	3
317.695420	317.695420	4
318.183039	318.183039	1
318.682268	318.682268	2
319.181497	319.181497	3
319.692336	319.692336	4
320.214785	320.214785	1
320.725624	320.725624	2
321.236463	321.236463	3
321.747302	321.747302	4
322.246531	322.246531	1
322.745760	322.745760	2
323.244989	323.244989	3
323.755828	323.755828	4
324.255057	324.255057	1
324.754286	324.754286	2
325.253515	325.253515	3
325.764354	325.764354	4
326.251973	326.251973	1
326.751202	326.751202	2
327.262041	327.262041	3
327.749660	327.749660	4
328.260499	328.260499	1
328.782948	328.782948	2
329.293787	329.293787	3
329.804626	329.804626	4
330.315465	330.315465	1
330.814694	330.814694	2
331.313923	331.313923	3
331.801542	331.801542	4
332.289161	332.289161	1
332.800000	332.800000	2
333.299229	333.299229	3
333.821678	333.821678	4
334.332517	334.332517	1
334.866576	334.866576	2
335.365805	335.365805	3
335.876644	335.876644	4
336.387483	336.387483	1
336.898322	336.898322	2
337.397551	337.397551	3
337.908390	337.908390	4
338.407619	338.407619	1
338.906848	338.906848	2
339.406077	339.406077	3
339.893696	339.893696	4
340.392925	340.392925	1
340.892154	340.892154	2
341.379773	341.379773	3
341.890612	341.890612	4
342.378231	342.378231	1
342.889070	342.889070	2
343.388299	343.388299	3
343.875918	343.875918	4
344.363537	344.363537	1
344.851156	344.851156	2
345.350385	345.350385	3
345.861224	345.861224	4
346.372063	346.372063	1
346.882902	346.882902	2
347.405351	347.405351	3
347.904580	347.904580	4
348.403810	348.403810	1
348.926259	348.926259	2
349.413878	349.413878	3
349.901497	349.901497	4
350.354286	350.354286	1
350.818685	350.818685	2
351.283084	351.283084	3
351.747483	351.747483	4
352.223492	352.223492	1
352.699501	352.699501	2
353.210340	353.210340	3
353.709569	353.709569	4
354.185578	354.185578	1
354.673197	354.673197	2
355.172426	355.172426	3
355.660045	355.660045	4
356.147664	356.147664	1
356.635283	356.635283	2
357.111293	357.111293	3
357.610522	357.610522	4
358.098141	358.098141	1
358.608980	358.608980	2
359.108209	359.108209	3
359.607438	359.607438	4
360.106667	360.106667	1
360.640726	360.640726	2
361.151565	361.151565	3
361.662404	361.662404	4
362.161633	362.161633	1
362.660862	362.660862	2
363.160091	363.160091	3
363.670930	363.670930	4
364.158549	364.158549	1
364.657778	364.657778	2
365.133787	365.133787	3
365.621406	365.621406	4
366.097415	366.097415	1
366.573424	366.573424	2
367.061043	367.061043	3
367.548662	367.548662	4
368.047891	368.047891	1
368.558730	368.558730	2
369.069569	369.069569	3
369.568798	369.568798	4
370.079637	370.079637	1
370.578866	370.578866	2
371.066485	371.066485	3
371.542494	371.542494	4
372.030113	372.030113	1
372.517732	372.517732	2
373.028571	373.028571	3
373.516190	373.516190	4
374.003810	374.003810	1
374.491429	374.491429	2
374.979048	374.979048	3
375.478277	375.478277	4
375.989116	375.989116	1
376.499955	376.499955	2
376.999184	376.999184	3
377.498413	377.498413	4
377.986032	377.986032	1
378.473651	378.473651	2
378.961270	378.961270	3
379.448889	379.448889	4
379.924898	379.924898	1
380.412517	380.412517	2
380.900136	380.900136	3
381.387755	381.387755	4
381.886984	381.886984	1
382.374603	382.374603	2
382.897052	382.897052	3
383.419501	383.419501	4
383.930340	383.930340	1
384.441179	384.441179	2
384.952018	384.952018	3
385.462857	385.462857	4
385.950476	385.950476	1
386.472925	386.472925	2
386.983764	386.983764	3
387.494603	387.494603	4
388.005442	388.005442	1
388.504671	388.504671	2
389.015510	389.015510	3
389.491519	389.491519	4
389.979138	389.979138	1
390.478367	390.478367	2
390.989206	390.989206	3
391.488435	391.488435	4
391.999274	391.999274	1
392.510113	392.510113	2
393.020952	393.020952	3
393.531791	393.531791	4
394.054240	394.054240	1
394.565079	394.565079	2
395.041088	395.041088	3
395.528707	395.528707	4
396.039546	396.039546	1
396.550385	396.550385	2
397.061224	397.061224	3
397.560454	397.560454	4
398.082902	398.082902	1
398.605351	398.605351	2
399.127800	399.127800	3
399.627029	399.627029	4
400.126259	400.126259	1
400.637098	400.637098	2
401.147937	401.147937	3
401.647166	401.647166	4
402.146395	402.146395	1
402.645624	402.645624	2
403.144853	403.144853	3
403.644082	403.644082	4
404.143311	404.143311	1
404.654150	404.654150	2
405.153379	405.153379	3
405.640998	405.640998	4
406.128617	406.128617	1
406.627846	406.627846	2
407.138685	407.138685	3
407.626304	407.626304	4
408.125533	408.125533	1
408.624762	408.624762	2
409.147211	409.147211	3
409.634830	409.634830	4
410.134059	410.134059	1
410.633288	410.633288	2
411.132517	411.132517	3
411.643356	411.643356	4
412.154195	412.154195	1
412.665034	412.665034	2
413.175873	413.175873	3
413.698322	413.698322	4
414.197551	414.197551	1
414.708390	414.708390	2
415.219229	415.219229	3
415.718458	415.718458	4
416.217687	416.217687	1
416.716916	416.716916	2
417.227755	417.227755	3
417.738594	417.738594	4
418.214603	418.214603	1
418.702222	418.702222	2
419.201451	419.201451	3
419.689070	419.689070	4
420.188299	420.188299	1
420.687528	420.687528	2
421.163537	421.163537	3
421.639546	421.639546	4
422.138776	422.138776	1
422.661224	422.661224	2
423.172063	423.172063	3
423.682902	423.682902	4
424.205351	424.205351	1
424.704580	424.704580	2
425.203810	425.203810	3
425.714649	425.714649	4
426.225488	426.225488	1
426.724717	426.724717	2
427.223946	427.223946	3
427.734785	427.734785	4
428.257234	428.257234	1
428.768073	428.768073	2
429.290522	429.290522	3
429.836190	429.836190	4
430.358639	430.358639	1
430.892698	430.892698	2
431.403537	431.403537	3
431.914376	431.914376	4
432.413605	432.413605	1
432.924444	432.924444	2
433.412063	433.412063	3
433.911293	433.911293	4
434.410522	434.410522	1
434.886531	434.886531	2
435.385760	435.385760	3
435.873379	435.873379	4
436.384218	436.384218	1
436.871837	436.871837	2
437.347846	437.347846	3
437.835465	437.835465	4
438.323084	438.323084	1
438.833923	438.833923	2
439.333152	439.333152	3
439.820771	439.820771	4
440.320000	440.320000	1
440.819229	440.819229	2
441.318458	441.318458	3
441.782857	441.782857	4
442.270476	442.270476	1
442.758095	442.758095	2
443.257324	443.257324	3
443.744943	443.744943	4
444.232562	444.232562	1
444.720181	444.720181	2
445.207800	445.207800	3
445.718639	445.718639	4
446.229478	446.229478	1
446.740317	446.740317	2
447.239546	447.239546	3
447.761995	447.761995	4
448.249615	448.249615	1
448.760454	448.760454	2
449.271293	449.271293	3
449.770522	449.770522	4
450.281361	450.281361	1
450.780590	450.780590	2
451.268209	451.268209	3
451.779048	451.779048	4
452.289887	452.289887	1
452.812336	452.812336	2
453.323175	453.323175	3
453.834014	453.834014	4
454.333243	454.333243	1
454.820862	454.820862	2
455.296871	455.296871	3
455.796100	455.796100	4
456.295329	456.295329	1
456.806168	456.806168	2
457.317007	457.317007	3
457.827846	457.827846	4
458.338685	458.338685	1
458.837914	458.837914	2
459.348753	459.348753	3
459.871202	459.871202	4
460.382041	460.382041	1
460.881270	460.881270	2
461.392109	461.392109	3
461.891338	461.891338	4
462.402177	462.402177	1
462.901406	462.901406	2
463.400635	463.400635	3
463.923084	463.923084	4
464.433923	464.433923	1
464.944762	464.944762	2
465.432381	465.432381	3
465.931610	465.931610	4
466.419229	466.419229	1
466.918458	466.918458	2
467.417687	467.417687	3
467.928526	467.928526	4
468.416145	468.416145	1
468.903764	468.903764	2
469.402993	469.402993	3
469.890612	469.890612	4
470.389841	470.389841	1
470.900680	470.900680	2
471.399909	471.399909	3
471.910748	471.910748	4
472.421587	472.421587	1
472.897596	472.897596	2
473.385215	473.385215	3
473.907664	473.907664	4
474.406893	474.406893	1
474.917732	474.917732	2
475.416961	475.416961	3
475.939410	475.939410	4
476.450249	476.450249	1
476.949478	476.949478	2
477.460317	477.460317	3
477.959546	477.959546	4
478.458776	478.458776	1
478.934785	478.934785	2
479.387574	479.387574	3
479.851973	479.851973	4
480.316372	480.316372	1
480.780771	480.780771	2
481.256780	481.256780	3
481.732789	481.732789	4
482.185578	482.185578	1
482.661587	482.661587	2
483.160816	483.160816	3
483.648435	483.648435	4
484.124444	484.124444	1
484.623673	484.623673	2
485.122902	485.122902	3
485.622132	485.622132	4
486.132971	486.132971	1
486.632200	486.632200	2
487.154649	487.154649	3
487.653878	487.653878	4
488.176327	488.176327	1
488.687166	488.687166	2
489.174785	489.174785	3
489.685624	489.685624	4
490.184853	490.184853	1
490.695692	490.695692	2
491.183311	491.183311	3
491.659320	491.659320	4
492.158549	492.158549	1
492.657778	492.657778	2
493.145397	493.145397	3
493.633016	493.633016	4
494.143855	494.143855	1
494.666304	494.666304	2
495.177143	495.177143	3
495.676372	495.676372	4
496.175601	496.175601	1
496.651610	496.651610	2
497.127619	497.127619	3
497.615238	497.615238	4
498.114467	498.114467	1
498.613696	498.613696	2
499.101315	499.101315	3
499.588934	499.588934	4
500.076553	500.076553	1
500.575782	500.575782	2
501.075011	501.075011	3
501.574240	501.574240	4
502.061859	502.061859	1
502.561088	502.561088	2
503.048707	503.048707	3
503.536327	503.536327	4
504.035556	504.035556	1
504.523175	504.523175	2
505.010794	505.010794	3
505.510023	505.510023	4
505.986032	505.986032	1
506.462041	506.462041	2
506.961270	506.961270	3
507.460499	507.460499	4
507.948118	507.948118	1
508.435737	508.435737	2
508.911746	508.911746	3
509.399365	509.399365	4
509.886984	509.886984	1
510.397823	510.397823	2
510.920272	510.920272	3
511.442721	511.442721	4
511.953560	511.953560	1
512.464399	512.464399	2
512.975238	512.975238	3
513.474467	513.474467	4
513.973696	513.973696	1
514.472925	514.472925	2
514.983764	514.983764	3
515.482993	515.482993	4
515.982222	515.982222	1
516.481451	516.481451	2
516.969070	516.969070	3
517.479909	517.479909	4
517.979138	517.979138	1
518.478367	518.478367	2
519.000816	519.000816	3
519.511655	519.511655	4
520.010884	520.010884	1
520.544943	520.544943	2
521.055782	521.055782	3
521.555011	521.555011	4
522.065850	522.065850	1
522.541859	522.541859	2
523.041088	523.041088	3
523.528707	523.528707	4
524.039546	524.039546	1
524.550385	524.550385	2
525.049615	525.049615	3
525.537234	525.537234	4
526.013243	526.013243	1
526.477642	526.477642	2
526.930431	526.930431	3
527.394830	527.394830	4
527.882449	527.882449	1
528.393288	528.393288	2
528.892517	528.892517	3
529.380136	529.380136	4
529.879365	529.879365	1
530.366984	530.366984	2
530.866213	530.866213	3
531.365442	531.365442	4
531.864671	531.864671	1
532.363900	532.363900	2
532.863129	532.863129	3
533.362358	533.362358	4
533.861587	533.861587	1
534.360816	534.360816	2
534.848435	534.848435	3
535.336054	535.336054	4
535.835283	535.835283	1
536.346122	536.346122	2
536.856961	536.856961	3
537.367800	537.367800	4
537.878639	537.878639	1
538.377868	538.377868	2
538.888707	538.888707	3
539.399546	539.399546	4
539.910385	539.910385	1
540.409615	540.409615	2
540.920454	540.920454	3
541.419683	541.419683	4
541.930522	541.930522	1
542.441361	542.441361	2
542.940590	542.940590	3
543.439819	543.439819	4
543.927438	543.927438	1
544.426667	544.426667	2
544.914286	544.914286	3
545.401905	545.401905	4
545.901134	545.901134	1
546.388753	546.388753	2
546.864762	546.864762	3
547.352381	547.352381	4
547.840000	547.840000	1
548.327619	548.327619	2
548.815238	548.815238	3
549.314467	549.314467	4
549.825306	549.825306	1
550.324535	550.324535	2
550.835374	550.835374	3
551.357823	551.357823	4
551.868662	551.868662	1
552.367891	552.367891	2
552.890340	552.890340	3
553.389569	553.389569	4
553.888798	553.888798	1
554.388027	554.388027	2
554.875646	554.875646	3
555.363265	555.363265	4
555.850884	555.850884	1
556.315283	556.315283	2
556.802902	556.802902	3
557.302132	557.302132	4
557.812971	557.812971	1
558.312200	558.312200	2
558.823039	558.823039	3
559.322268	559.322268	4
559.833107	559.833107	1
560.332336	560.332336	2
560.819955	560.819955	3
561.307574	561.307574	4
561.795193	561.795193	1
562.282812	562.282812	2
562.770431	562.770431	3
563.258050	563.258050	4
563.734059	563.734059	1
564.210068	564.210068	2
564.686077	564.686077	3
565.150476	565.150476	4
565.626485	565.626485	1
566.114104	566.114104	2
566.624943	566.624943	3
567.135782	567.135782	4
567.658231	567.658231	1
568.180680	568.180680	2
568.691519	568.691519	3
569.202358	569.202358	4
569.736417	569.736417	1
570.258866	570.258866	2
570.769705	570.769705	3
571.292154	571.292154	4
571.814603	571.814603	1
572.325442	572.325442	2
572.836281	572.836281	3
573.358730	573.358730	4
573.869569	573.869569	1
574.380408	574.380408	2
574.902857	574.902857	3
575.413696	575.413696	4
575.912925	575.912925	1
576.423764	576.423764	2
576.934603	576.934603	3
577.445442	577.445442	4
577.967891	577.967891	1
578.490340	578.490340	2
579.012789	579.012789	3
579.558458	579.558458	4
580.092517	580.092517	1
580.603356	580.603356	2
581.125805	581.125805	3
581.648254	581.648254	4
582.159093	582.159093	1
582.669932	582.669932	2
583.192381	583.192381	3
583.703220	583.703220	4
584.202449	584.202449	1
584.713288	584.713288	2
585.224127	585.224127	3
585.758186	585.758186	4
586.269025	586.269025	1
586.779864	586.779864	2
587.290703	587.290703	3
587.801542	587.801542	4
588.300771	588.300771	1
588.858050	588.858050	2
589.403719	589.403719	3
589.960998	589.960998	4
590.506667	590.506667	1
591.040726	591.040726	2
591.574785	591.574785	3
592.108844	592.108844	4
592.642902	592.642902	1
593.176961	593.176961	2
593.711020	593.711020	3
594.245079	594.245079	4
594.779138	594.779138	1
595.313197	595.313197	2
595.847256	595.847256	3
596.381315	596.381315	4
