0.200000	0.700000	61.000
0.200000	0.700000	58.000
0.200000	0.700000	54.000
0.200000	0.700000	49.000
0.200000	0.700000	42.000
0.750000	2.300000	66.000
0.750000	1.240000	70.000
0.750000	1.050000	73.000
0.750000	0.880000	78.000
0.750000	0.880000	61.000
0.930000	1.050000	78.000
0.930000	1.050000	61.000
1.100000	1.750000	73.000
1.100000	1.750000	61.000
1.100000	1.240000	78.000
1.290000	2.300000	70.000
1.290000	1.750000	78.000
1.290000	1.750000	63.000
1.800000	2.300000	78.000
1.800000	2.300000	63.000
2.350000	3.430000	73.000
2.350000	2.850000	77.000
2.350000	2.850000	70.000
2.350000	2.850000	65.000
2.900000	3.510000	70.000
2.900000	3.430000	78.000
2.900000	3.430000	66.000
2.900000	3.430000	61.000
3.560000	4.600000	75.000
3.560000	4.600000	53.000
3.560000	4.600000	44.000
3.560000	4.600000	37.000
4.650000	5.200000	78.000
4.650000	5.200000	73.000
4.650000	5.200000	42.000
4.650000	5.200000	37.000
4.650000	5.200000	30.000
5.250000	5.520000	73.000
5.250000	5.360000	78.000
5.250000	5.360000	61.000
5.410000	5.720000	66.000
5.410000	5.520000	78.000
5.410000	5.520000	61.000
5.570000	6.270000	73.000
5.570000	6.270000	61.000
5.570000	5.720000	78.000
5.770000	6.820000	66.000
5.770000	6.270000	78.000
5.770000	6.270000	70.000
5.770000	6.270000	63.000
6.320000	6.820000	78.000
6.320000	6.820000	75.000
6.320000	6.820000	70.000
6.320000	6.820000	63.000
6.870000	7.930000	73.000
6.870000	7.370000	70.000
6.870000	7.370000	65.000
7.420000	9.140000	66.000
7.420000	7.930000	78.000
7.420000	7.930000	70.000
7.420000	7.930000	61.000
7.980000	9.140000	75.000
7.980000	9.140000	53.000
7.980000	9.140000	44.000
7.980000	9.140000	37.000
9.190000	9.630000	42.000
9.190000	9.460000	49.000
9.360000	9.460000	30.000
9.680000	10.120000	42.000
9.680000	9.950000	49.000
9.680000	9.800000	58.000
10.170000	10.610000	42.000
10.170000	10.440000	49.000
10.170000	10.280000	58.000
10.660000	11.100000	42.000
10.660000	10.930000	49.000
10.660000	10.770000	58.000
11.150000	12.240000	42.000
11.150000	11.420000	49.000
11.150000	11.260000	58.000
11.800000	12.070000	58.000
11.800000	12.070000	49.000
12.290000	12.730000	42.000
12.290000	12.560000	49.000
12.290000	12.400000	58.000
12.780000	13.220000	42.000
12.780000	13.050000	49.000
12.780000	12.890000	58.000
13.270000	13.710000	42.000
13.270000	13.540000	49.000
13.270000	13.380000	58.000
13.760000	14.840000	42.000
13.760000	14.030000	49.000
13.760000	13.870000	58.000
14.390000	15.000000	66.000
14.390000	14.840000	30.000
14.390000	14.680000	61.000
14.730000	14.840000	61.000
14.890000	15.170000	61.000
14.890000	15.000000	78.000
15.050000	15.660000	70.000
15.050000	15.490000	66.000
15.050000	15.170000	78.000
15.050000	15.170000	63.000
15.220000	15.490000	78.000
15.220000	15.490000	63.000
15.540000	17.130000	66.000
15.540000	15.660000	78.000
15.540000	15.660000	63.000
15.710000	15.980000	78.000
15.710000	15.820000	61.000
15.870000	16.140000	61.000
16.030000	16.140000	78.000
16.190000	16.470000	78.000
16.190000	16.470000	63.000
16.520000	16.790000	54.000
16.690000	16.790000	42.000
16.840000	17.130000	30.000
17.010000	17.290000	42.000
17.180000	17.450000	66.000
17.180000	17.290000	61.000
17.180000	17.290000	30.000
17.340000	17.450000	61.000
17.340000	17.450000	38.000
17.500000	17.780000	28.000
17.500000	17.610000	78.000
17.500000	17.610000	61.000
17.660000	19.250000	66.000
17.660000	18.430000	70.000
17.660000	17.780000	78.000
17.660000	17.780000	63.000
17.830000	18.100000	78.000
17.830000	18.100000	63.000
18.150000	18.590000	78.000
18.150000	18.270000	75.000
18.150000	18.270000	63.000
18.320000	18.430000	61.000
18.480000	18.590000	61.000
18.640000	18.750000	78.000
18.640000	18.750000	61.000
18.800000	19.090000	78.000
18.800000	19.090000	63.000
19.470000	19.570000	54.000
19.620000	20.230000	49.000
19.620000	19.890000	54.000
19.790000	19.890000	61.000
19.940000	20.230000	54.000
19.940000	20.070000	61.000
20.120000	20.390000	30.000
20.120000	20.230000	61.000
20.280000	20.390000	63.000
20.280000	20.390000	47.000
20.440000	20.880000	63.000
20.440000	20.540000	35.000
20.590000	20.880000	54.000
20.770000	20.880000	30.000
20.930000	21.370000	73.000
20.930000	21.040000	42.000
20.930000	21.040000	38.000
21.090000	21.870000	61.000
21.250000	21.370000	54.000
21.420000	21.700000	78.000
21.420000	21.700000	70.000
21.420000	21.700000	63.000
21.420000	21.700000	30.000
21.750000	21.870000	54.000
21.920000	22.190000	54.000
22.080000	22.350000	30.000
22.080000	22.190000	47.000
22.400000	22.510000	37.000
22.560000	22.840000	49.000
22.560000	22.840000	42.000
22.720000	22.990000	61.000
22.720000	22.840000	30.000
22.890000	22.990000	63.000
22.890000	22.990000	42.000
23.040000	23.330000	63.000
23.040000	23.160000	78.000
23.040000	23.160000	70.000
23.040000	23.160000	35.000
23.210000	23.490000	54.000
23.380000	23.490000	63.000
23.380000	23.490000	30.000
23.540000	24.130000	78.000
23.540000	24.130000	73.000
23.540000	23.650000	42.000
23.700000	23.810000	61.000
23.860000	24.130000	61.000
24.030000	24.370000	63.000
24.030000	24.300000	30.000
24.420000	24.460000	54.000
24.510000	24.780000	54.000
24.510000	24.620000	49.000
24.670000	24.780000	30.000
24.830000	25.290000	75.000
24.830000	25.290000	71.000
24.830000	25.290000	32.000
24.830000	25.120000	80.000
25.340000	26.100000	32.000
25.500000	25.770000	71.000
25.820000	26.100000	70.000
25.820000	26.100000	35.000
26.150000	26.760000	73.000
26.150000	26.620000	37.000
26.150000	26.430000	87.000
26.150000	26.430000	80.000
26.150000	26.430000	44.000
26.480000	26.760000	85.000
26.480000	26.620000	54.000
26.670000	27.420000	49.000
26.670000	26.760000	66.000
26.810000	27.090000	77.000
26.810000	27.090000	37.000
27.140000	27.420000	68.000
27.140000	27.420000	53.000
27.140000	27.420000	37.000
27.140000	27.420000	35.000
27.470000	27.920000	77.000
27.470000	27.920000	70.000
27.470000	27.920000	34.000
27.470000	27.740000	74.000
27.970000	28.740000	46.000
27.970000	28.070000	83.000
28.120000	28.740000	34.000
28.120000	28.400000	70.000
28.450000	28.740000	68.000
28.450000	28.740000	37.000
28.790000	29.260000	39.000
28.790000	29.060000	75.000
28.790000	29.060000	66.000
29.110000	29.260000	53.000
29.310000	30.050000	39.000
29.310000	29.390000	65.000
29.440000	29.710000	75.000
29.760000	30.570000	46.000
29.760000	30.050000	82.000
30.100000	30.570000	34.000
30.100000	30.380000	80.000
30.100000	30.380000	77.000
30.100000	30.380000	44.000
30.430000	30.710000	85.000
30.430000	30.710000	78.000
30.620000	31.370000	46.000
30.760000	31.370000	65.000
30.760000	31.370000	34.000
30.760000	31.030000	72.000
31.080000	31.370000	68.000
31.080000	31.370000	37.000
31.420000	32.690000	39.000
31.420000	31.690000	75.000
31.420000	31.690000	66.000
31.420000	31.690000	46.000
31.740000	31.880000	53.000
31.930000	32.040000	65.000
32.090000	32.550000	75.000
32.380000	32.690000	70.000
32.380000	32.550000	34.000
32.740000	33.190000	68.000
32.740000	32.990000	75.000
32.740000	32.990000	71.000
32.740000	32.990000	32.000
33.040000	33.190000	71.000
33.240000	33.660000	51.000
33.240000	33.660000	44.000
33.390000	33.730000	68.000
33.390000	33.730000	32.000
33.780000	34.010000	66.000
33.780000	34.010000	35.000
33.780000	34.010000	32.000
34.130000	34.330000	85.000
34.130000	34.330000	68.000
34.130000	34.330000	37.000
34.380000	34.670000	75.000
34.380000	34.670000	35.000
34.590000	34.670000	49.000
34.720000	34.990000	49.000
34.860000	35.140000	68.000
34.860000	35.060000	37.000
35.040000	35.310000	49.000
35.190000	35.310000	68.000
35.190000	35.310000	37.000
35.190000	35.310000	32.000
35.360000	35.810000	49.000
35.360000	35.660000	54.000
35.550000	35.660000	61.000
35.550000	35.660000	30.000
35.710000	35.810000	61.000
35.860000	36.140000	61.000
36.030000	36.470000	66.000
36.030000	36.140000	78.000
36.030000	36.140000	63.000
36.190000	36.470000	78.000
36.190000	36.470000	63.000
36.520000	36.960000	78.000
36.520000	36.800000	66.000
36.520000	36.630000	75.000
36.520000	36.630000	63.000
36.680000	36.800000	61.000
36.850000	36.960000	61.000
37.010000	37.120000	78.000
37.010000	37.120000	61.000
37.170000	37.440000	78.000
37.170000	37.440000	63.000
37.490000	37.610000	54.000
37.660000	37.770000	54.000
37.820000	37.930000	30.000
37.980000	38.420000	49.000
37.980000	38.110000	42.000
38.160000	38.260000	61.000
38.160000	38.260000	30.000
38.310000	38.420000	61.000
38.470000	38.590000	61.000
38.640000	38.750000	78.000
38.640000	38.750000	63.000
38.800000	39.240000	75.000
38.800000	39.080000	78.000
38.800000	39.080000	63.000
39.130000	39.240000	78.000
39.130000	39.240000	63.000
39.290000	39.410000	78.000
39.290000	39.410000	61.000
39.460000	39.560000	78.000
39.460000	39.560000	61.000
39.610000	39.730000	78.000
39.610000	39.730000	61.000
39.780000	40.050000	75.000
39.780000	40.050000	63.000
40.100000	40.370000	54.000
40.270000	40.370000	30.000
40.580000	41.360000	42.000
40.900000	41.200000	61.000
40.900000	41.200000	30.000
41.250000	41.510000	75.000
41.250000	41.360000	78.000
41.250000	41.360000	63.000
41.410000	42.660000	66.000
41.410000	41.690000	63.000
41.410000	41.510000	78.000
41.560000	42.020000	49.000
41.560000	41.690000	54.000
41.740000	42.020000	30.000
41.740000	41.850000	63.000
41.900000	42.170000	78.000
41.900000	42.020000	61.000
42.070000	42.340000	61.000
42.220000	42.340000	54.000
42.220000	42.340000	49.000
42.390000	42.660000	63.000
42.390000	42.660000	47.000
42.390000	42.660000	30.000
42.710000	42.840000	54.000
43.220000	43.480000	49.000
43.220000	43.480000	42.000
43.220000	43.320000	31.000
43.370000	43.480000	37.000
43.530000	43.650000	61.000
43.700000	43.800000	61.000
43.700000	43.800000	30.000
43.850000	43.970000	78.000
43.850000	43.970000	63.000
43.850000	43.970000	47.000
44.020000	44.120000	78.000
44.020000	44.120000	75.000
44.020000	44.120000	63.000
44.170000	44.300000	63.000
44.170000	44.300000	54.000
44.350000	44.460000	63.000
44.510000	44.620000	61.000
44.510000	44.620000	30.000
44.670000	44.880000	78.000
44.670000	44.770000	61.000
44.820000	44.950000	61.000
44.930000	44.950000	54.000
45.000000	45.290000	63.000
45.000000	45.290000	30.000
45.000000	45.120000	78.000
45.000000	45.120000	70.000
45.490000	45.760000	30.000
45.810000	47.080000	51.000
45.810000	47.080000	44.000
45.810000	46.270000	71.000
45.810000	46.090000	80.000
46.140000	46.480000	32.000
46.320000	47.080000	63.000
46.530000	47.080000	32.000
46.530000	46.750000	90.000
46.530000	46.750000	83.000
46.970000	47.080000	70.000
47.130000	47.400000	87.000
47.130000	47.400000	80.000
47.130000	47.400000	73.000
47.130000	47.400000	37.000
47.640000	48.060000	37.000
47.640000	47.730000	66.000
47.780000	48.250000	77.000
47.780000	48.060000	84.000
48.110000	48.400000	87.000
48.110000	48.400000	80.000
48.110000	48.400000	49.000
48.110000	48.250000	53.000
48.300000	48.400000	37.000
48.450000	48.890000	77.000
48.450000	48.890000	74.000
48.450000	48.890000	34.000
48.450000	48.710000	70.000
48.760000	48.890000	70.000
48.940000	49.050000	34.000
49.100000	49.700000	34.000
49.100000	49.360000	70.000
49.100000	49.360000	65.000
49.410000	49.700000	68.000
49.410000	49.560000	37.000
49.750000	50.020000	66.000
49.750000	50.020000	39.000
50.070000	50.240000	53.000
50.290000	50.880000	39.000
50.290000	50.380000	65.000
50.430000	50.690000	91.000
50.430000	50.690000	75.000
50.740000	51.020000	70.000
50.930000	51.020000	39.000
51.070000	51.570000	46.000
51.070000	51.350000	68.000
51.400000	51.570000	66.000
51.400000	51.570000	34.000
51.620000	51.690000	66.000
51.620000	51.690000	58.000
51.740000	52.010000	72.000
51.740000	52.010000	65.000
51.740000	52.010000	34.000
52.060000	52.350000	68.000
52.060000	52.350000	37.000
52.400000	53.660000	39.000
52.400000	53.000000	75.000
52.400000	52.670000	66.000
52.720000	53.000000	65.000
52.900000	53.330000	46.000
53.050000	53.660000	75.000
53.050000	53.660000	70.000
53.050000	53.660000	27.000
53.050000	53.330000	65.000
53.380000	53.660000	63.000
53.380000	53.660000	58.000
53.710000	54.310000	75.000
53.710000	54.170000	71.000
53.710000	54.170000	32.000
53.710000	53.980000	80.000
54.220000	54.990000	51.000
54.220000	54.990000	44.000
54.360000	56.800000	68.000
54.360000	54.990000	32.000
54.360000	54.640000	63.000
54.690000	54.990000	63.000
54.690000	54.990000	47.000
55.110000	55.650000	37.000
55.110000	55.310000	44.000
55.360000	55.650000	63.000
55.530000	55.650000	35.000
55.780000	56.970000	49.000
55.780000	55.800000	53.000
55.850000	56.130000	73.000
55.850000	55.970000	37.000
55.850000	55.970000	34.000
56.020000	56.300000	37.000
56.350000	57.610000	61.000
56.350000	56.970000	30.000
56.350000	56.800000	26.000
57.020000	57.950000	49.000
57.020000	57.450000	58.000
57.020000	57.450000	42.000
57.500000	57.610000	42.000
57.660000	58.100000	58.000
57.660000	58.100000	42.000
58.000000	58.270000	49.000
58.150000	58.270000	42.000
58.320000	58.750000	58.000
58.320000	58.750000	42.000
58.320000	58.590000	49.000
58.640000	58.900000	49.000
58.800000	60.710000	42.000
58.950000	59.860000	30.000
58.950000	59.370000	78.000
59.420000	60.230000	73.000
59.910000	60.360000	30.000
60.410000	61.360000	78.000
60.410000	60.840000	30.000
60.410000	60.710000	73.000
60.760000	60.840000	42.000
60.890000	61.540000	54.000
61.100000	61.540000	66.000
61.100000	61.360000	73.000
61.100000	61.360000	30.000
61.410000	61.540000	49.000
61.410000	61.540000	42.000
61.590000	62.000000	54.000
61.590000	62.000000	49.000
61.730000	62.000000	37.000
61.730000	62.000000	30.000
62.050000	62.170000	78.000
62.050000	62.170000	47.000
62.050000	62.170000	31.000
62.220000	62.330000	85.000
62.220000	62.330000	81.000
62.380000	62.490000	85.000
62.380000	62.490000	82.000
62.380000	62.490000	42.000
62.540000	62.820000	85.000
62.540000	62.820000	78.000
62.700000	62.820000	81.000
62.870000	63.140000	85.000
62.870000	63.140000	82.000
63.030000	63.140000	78.000
63.190000	63.300000	81.000
63.350000	63.630000	85.000
63.350000	63.580000	82.000
63.680000	64.610000	54.000
63.850000	63.950000	42.000
64.000000	64.110000	30.000
64.660000	64.780000	78.000
64.660000	64.780000	47.000
64.830000	65.270000	73.000
64.830000	64.930000	69.000
64.980000	65.100000	70.000
65.150000	65.270000	78.000
65.150000	65.270000	66.000
65.320000	65.430000	73.000
65.320000	65.430000	69.000
65.480000	65.920000	73.000
65.480000	65.750000	70.000
65.650000	65.750000	78.000
65.650000	65.750000	66.000
65.800000	65.920000	69.000
65.970000	66.240000	73.000
65.970000	66.240000	70.000
65.970000	66.240000	69.000
66.290000	66.410000	54.000
66.460000	66.570000	54.000
66.620000	66.730000	49.000
66.780000	68.040000	42.000
66.960000	68.040000	78.000
66.960000	68.040000	30.000
66.960000	67.390000	61.000
66.960000	67.390000	57.000
67.440000	68.700000	61.000
67.440000	67.890000	57.000
67.940000	68.040000	57.000
68.090000	69.350000	64.000
68.090000	68.700000	58.000
68.090000	68.700000	54.000
68.090000	68.700000	49.000
68.090000	68.700000	33.000
68.090000	68.700000	28.000
68.750000	70.640000	54.000
68.750000	69.350000	72.000
68.750000	69.350000	67.000
68.750000	69.350000	61.000
68.750000	69.350000	58.000
68.750000	69.350000	57.000
68.750000	69.350000	36.000
69.400000	70.330000	61.000
69.400000	70.000000	78.000
69.400000	70.000000	71.000
69.400000	70.000000	57.000
69.400000	70.000000	35.000
70.050000	70.640000	45.000
70.050000	70.640000	33.000
70.380000	70.640000	69.000
70.690000	71.300000	51.000
70.690000	70.980000	54.000
70.690000	70.980000	44.000
70.870000	71.300000	32.000
70.870000	70.980000	57.000
71.030000	71.380000	61.000
71.030000	71.380000	54.000
71.030000	71.300000	58.000
71.430000	71.960000	31.000
71.430000	71.640000	58.000
71.430000	71.640000	43.000
71.430000	71.640000	38.000
71.690000	72.300000	61.000
72.010000	72.620000	63.000
72.010000	72.450000	90.000
72.010000	72.450000	83.000
72.010000	72.450000	32.000
72.010000	72.300000	68.000
72.500000	73.280000	51.000
72.500000	72.620000	44.000
72.670000	73.280000	32.000
72.670000	72.960000	71.000
73.010000	73.280000	70.000
73.010000	73.280000	35.000
73.330000	73.610000	87.000
73.330000	73.610000	80.000
73.330000	73.610000	77.000
73.330000	73.610000	73.000
73.330000	73.610000	44.000
73.330000	73.610000	37.000
73.660000	73.930000	78.000
73.660000	73.800000	38.000
73.850000	74.010000	37.000
73.850000	73.930000	66.000
74.060000	74.590000	37.000
74.060000	74.270000	77.000
74.060000	74.270000	68.000
74.320000	74.930000	53.000
74.320000	74.590000	68.000
74.640000	75.090000	70.000
74.640000	75.090000	34.000
74.640000	74.930000	74.000
75.140000	75.920000	46.000
75.140000	75.250000	83.000
75.300000	75.580000	70.000
75.300000	75.580000	34.000
75.630000	75.920000	68.000
75.630000	75.920000	37.000
75.970000	76.240000	75.000
75.970000	76.240000	66.000
75.970000	76.240000	39.000
76.290000	76.420000	53.000
76.290000	76.420000	46.000
76.470000	76.900000	39.000
76.470000	76.570000	65.000
76.620000	77.050000	82.000
76.620000	77.050000	75.000
77.100000	78.380000	46.000
77.100000	77.230000	82.000
77.100000	77.230000	39.000
77.280000	77.730000	34.000
77.280000	77.550000	68.000
77.600000	77.730000	78.000
77.780000	78.540000	34.000
77.780000	77.890000	66.000
77.940000	78.220000	65.000
78.270000	78.380000	49.000
78.430000	78.870000	46.000
78.430000	78.540000	53.000
78.590000	79.860000	39.000
78.590000	78.870000	75.000
78.590000	78.870000	66.000
78.920000	79.200000	65.000
79.250000	80.520000	63.000
79.250000	79.860000	27.000
79.580000	79.860000	70.000
79.910000	81.170000	32.000
79.910000	80.830000	75.000
79.910000	80.360000	71.000
80.410000	80.520000	70.000
80.570000	80.830000	68.000
80.570000	80.830000	63.000
80.880000	81.170000	47.000
80.880000	81.060000	85.000
80.880000	81.060000	78.000
81.110000	81.170000	66.000
81.220000	81.650000	49.000
81.380000	81.500000	56.000
81.700000	81.890000	49.000
81.700000	81.820000	44.000
81.940000	82.140000	49.000
81.940000	81.980000	56.000
82.030000	82.300000	61.000
82.030000	82.140000	30.000
82.030000	82.140000	25.000
82.190000	82.210000	49.000
82.260000	83.160000	49.000
82.420000	82.510000	37.000
82.560000	84.290000	73.000
82.560000	82.990000	68.000
82.560000	82.990000	66.000
82.560000	82.990000	37.000
82.560000	82.990000	30.000
83.040000	84.290000	61.000
83.040000	83.160000	53.000
83.040000	83.160000	41.000
83.210000	83.480000	39.000
83.530000	84.130000	49.000
83.530000	83.800000	37.000
83.850000	84.290000	66.000
83.850000	84.130000	42.000
84.180000	84.450000	41.000
84.340000	84.450000	53.000
84.500000	84.780000	39.000
84.830000	85.440000	49.000
84.830000	85.110000	37.000
85.160000	85.590000	66.000
85.160000	85.440000	42.000
85.490000	85.760000	41.000
85.640000	85.760000	53.000
85.810000	86.240000	39.000
86.140000	86.410000	37.000
86.290000	86.730000	49.000
86.460000	86.730000	54.000
86.460000	86.730000	42.000
86.780000	86.890000	60.000
86.780000	86.890000	53.000
86.940000	87.050000	53.000
87.100000	87.370000	51.000
87.100000	87.370000	39.000
87.420000	87.710000	49.000
87.420000	87.530000	53.000
87.580000	87.710000	53.000
87.580000	87.710000	37.000
87.760000	88.030000	42.000
88.080000	88.370000	31.000
88.240000	88.370000	53.000
88.420000	89.020000	30.000
88.420000	88.690000	66.000
88.420000	88.590000	61.000
88.420000	88.590000	51.000
88.640000	88.810000	61.000
88.860000	89.190000	61.000
89.070000	89.350000	63.000
89.070000	89.350000	42.000
89.400000	89.670000	30.000
89.400000	89.510000	53.000
89.560000	89.670000	53.000
89.720000	90.160000	31.000
89.720000	90.000000	75.000
89.720000	90.000000	42.000
89.720000	90.000000	39.000
90.050000	90.160000	43.000
90.210000	90.650000	42.000
90.210000	90.320000	30.000
90.370000	90.650000	77.000
90.370000	90.650000	70.000
90.370000	90.650000	37.000
90.860000	90.970000	53.000
90.860000	90.970000	49.000
91.020000	91.300000	78.000
91.020000	91.300000	73.000
91.020000	91.300000	51.000
91.020000	91.300000	42.000
91.350000	91.950000	42.000
91.510000	91.620000	49.000
91.670000	92.760000	63.000
91.670000	92.290000	66.000
91.670000	91.950000	70.000
91.670000	91.950000	30.000
92.160000	92.290000	41.000
92.160000	92.290000	34.000
92.340000	92.610000	54.000
92.340000	92.610000	51.000
92.490000	92.610000	42.000
92.490000	92.610000	39.000
92.490000	92.610000	35.000
92.810000	93.090000	49.000
92.810000	92.930000	56.000
92.980000	93.090000	42.000
93.140000	93.410000	42.000
93.460000	93.590000	53.000
93.460000	93.590000	31.000
93.640000	94.570000	66.000
93.640000	94.240000	30.000
93.640000	93.910000	61.000
93.640000	93.830000	51.000
93.640000	93.830000	31.000
93.960000	94.240000	61.000
94.110000	94.240000	37.000
94.290000	94.570000	63.000
94.290000	94.410000	42.000
94.460000	94.570000	31.000
94.620000	94.720000	53.000
94.620000	94.720000	30.000
94.770000	94.890000	53.000
94.940000	95.380000	42.000
94.940000	95.210000	63.000
95.100000	95.540000	30.000
95.100000	95.210000	39.000
95.260000	95.380000	53.000
95.430000	95.540000	42.000
95.430000	95.540000	37.000
95.590000	95.860000	73.000
95.590000	95.860000	70.000
95.590000	95.860000	65.000
95.590000	95.860000	30.000
95.910000	96.040000	54.000
95.910000	96.040000	53.000
95.910000	96.040000	43.000
96.090000	96.190000	53.000
96.090000	96.190000	30.000
96.240000	96.510000	61.000
96.240000	96.510000	54.000
96.240000	96.510000	51.000
96.410000	96.510000	30.000
96.560000	96.840000	49.000
96.560000	96.670000	43.000
96.720000	96.840000	30.000
96.890000	97.330000	63.000
96.890000	97.160000	42.000
97.070000	97.160000	51.000
97.210000	97.500000	75.000
97.210000	97.330000	35.000
97.380000	97.640000	63.000
97.380000	97.500000	53.000
97.380000	97.500000	28.000
97.550000	97.810000	51.000
97.550000	97.640000	42.000
97.690000	97.810000	63.000
97.690000	97.810000	54.000
97.690000	97.810000	27.000
97.860000	98.320000	49.000
97.860000	97.980000	46.000
98.030000	98.150000	53.000
98.030000	98.150000	37.000
98.200000	98.810000	30.000
98.200000	98.470000	78.000
98.200000	98.470000	73.000
98.520000	98.810000	53.000
98.860000	99.110000	39.000
98.860000	99.030000	54.000
98.860000	99.030000	31.000
99.080000	99.250000	73.000
99.160000	99.450000	30.000
99.300000	99.450000	78.000
99.300000	99.450000	73.000
99.500000	99.770000	78.000
99.500000	99.770000	42.000
99.660000	99.770000	30.000
99.980000	100.750000	30.000
99.980000	100.100000	53.000
99.980000	100.100000	42.000
100.150000	100.420000	75.000
100.150000	100.420000	39.000
100.470000	100.590000	53.000
100.640000	100.750000	37.000
100.800000	101.070000	54.000
100.970000	101.400000	30.000
101.120000	101.250000	53.000
101.300000	101.400000	53.000
101.450000	101.730000	78.000
101.450000	101.730000	73.000
101.450000	101.580000	82.000
101.630000	101.730000	51.000
101.630000	101.730000	49.000
101.630000	101.730000	42.000
101.780000	101.890000	54.000
101.780000	101.890000	43.000
101.940000	102.060000	42.000
101.940000	102.060000	37.000
102.110000	102.530000	42.000
102.270000	102.710000	75.000
102.270000	102.530000	78.000
102.270000	102.370000	30.000
102.420000	102.530000	30.000
102.580000	102.710000	78.000
102.580000	102.710000	34.000
102.760000	103.020000	51.000
102.920000	103.020000	39.000
102.920000	103.020000	36.000
103.070000	103.360000	49.000
103.070000	103.200000	43.000
103.250000	103.360000	56.000
103.410000	103.850000	30.000
103.410000	103.660000	73.000
103.410000	103.660000	66.000
103.900000	104.010000	53.000
104.060000	104.310000	78.000
104.060000	104.310000	73.000
104.060000	104.250000	43.000
104.360000	104.470000	78.000
104.360000	104.470000	73.000
104.360000	104.470000	31.000
104.520000	104.960000	78.000
104.520000	104.670000	73.000
104.520000	104.670000	37.000
104.520000	104.670000	30.000
104.780000	105.150000	42.000
104.780000	104.960000	49.000
104.880000	105.150000	30.000
105.200000	105.310000	34.000
105.200000	105.310000	31.000
105.360000	105.670000	30.000
105.360000	105.610000	82.000
105.360000	105.610000	78.000
105.360000	105.610000	75.000
105.360000	105.610000	43.000
105.360000	105.610000	39.000
105.720000	105.960000	30.000
105.720000	105.810000	53.000
106.190000	106.270000	42.000
106.320000	106.610000	53.000
106.320000	106.460000	31.000
106.510000	107.110000	30.000
106.820000	106.920000	51.000
107.160000	107.270000	31.000
107.320000	107.580000	75.000
107.320000	107.580000	30.000
107.630000	107.900000	75.000
107.630000	107.760000	54.000
107.810000	107.900000	53.000
108.030000	108.220000	51.000
108.100000	108.220000	43.000
108.100000	108.220000	39.000
108.270000	108.380000	34.000
108.430000	109.230000	49.000
108.590000	108.900000	54.000
108.790000	108.900000	30.000
108.950000	109.060000	82.000
108.950000	109.060000	43.000
108.950000	109.060000	40.000
109.110000	109.230000	78.000
109.110000	109.230000	30.000
109.110000	109.230000	28.000
109.280000	109.390000	85.000
109.280000	109.390000	81.000
109.440000	109.550000	82.000
109.440000	109.550000	28.000
109.600000	109.720000	78.000
109.770000	109.880000	85.000
109.770000	109.880000	81.000
109.930000	110.200000	82.000
109.930000	110.040000	85.000
110.090000	110.370000	78.000
110.250000	110.370000	81.000
110.420000	110.640000	85.000
110.420000	110.640000	82.000
110.750000	110.880000	54.000
110.930000	111.040000	54.000
111.090000	111.520000	54.000
111.090000	111.190000	49.000
111.240000	111.520000	30.000
111.410000	111.680000	61.000
111.570000	111.840000	73.000
111.730000	111.840000	78.000
111.730000	111.840000	66.000
111.730000	111.840000	50.000
111.890000	112.170000	69.000
111.890000	112.010000	73.000
112.060000	112.330000	73.000
112.060000	112.170000	70.000
112.220000	112.330000	78.000
112.220000	112.330000	69.000
112.220000	112.330000	66.000
112.380000	112.490000	73.000
112.380000	112.490000	69.000
112.540000	112.820000	73.000
112.540000	112.820000	70.000
112.710000	112.980000	78.000
112.710000	112.820000	66.000
112.870000	112.980000	73.000
112.870000	112.980000	69.000
113.030000	113.260000	73.000
113.030000	113.260000	70.000
113.030000	113.260000	69.000
113.470000	113.640000	54.000
113.690000	113.790000	54.000
113.840000	115.110000	54.000
113.840000	114.780000	49.000
114.020000	115.110000	30.000
114.020000	114.450000	61.000
114.020000	114.290000	57.000
114.340000	115.600000	66.000
114.500000	115.110000	61.000
114.500000	114.780000	57.000
114.830000	115.110000	78.000
114.990000	115.110000	57.000
115.160000	115.760000	64.000
115.160000	115.760000	57.000
115.160000	115.760000	54.000
115.160000	115.760000	28.000
115.160000	115.600000	61.000
115.160000	115.600000	58.000
115.650000	115.760000	61.000
115.810000	116.420000	36.000
115.810000	116.080000	72.000
115.810000	116.080000	54.000
116.130000	116.420000	61.000
116.130000	116.420000	58.000
116.470000	117.720000	61.000
116.470000	117.070000	35.000
116.470000	116.910000	71.000
116.470000	116.730000	38.000
116.780000	116.910000	78.000
116.960000	117.070000	66.000
116.960000	117.070000	57.000
117.120000	117.720000	33.000
117.120000	117.560000	64.000
117.120000	117.390000	58.000
117.120000	117.390000	54.000
117.440000	117.720000	69.000
117.610000	117.720000	58.000
117.770000	118.370000	32.000
117.770000	117.890000	54.000
117.940000	118.040000	57.000
118.090000	118.370000	58.000
118.270000	118.370000	54.000
118.420000	118.860000	43.000
118.580000	119.010000	31.000
118.580000	118.860000	56.000
118.910000	119.010000	57.000
119.060000	119.670000	54.000
119.060000	119.190000	58.000
119.240000	119.340000	61.000
119.240000	119.340000	30.000
119.390000	119.990000	78.000
119.390000	119.670000	75.000
119.390000	119.670000	71.000
119.390000	119.670000	35.000
119.720000	120.320000	61.000
119.720000	120.160000	28.000
119.720000	119.990000	54.000
119.720000	119.990000	49.000
120.040000	120.160000	56.000
120.040000	120.160000	51.000
120.210000	120.320000	57.000
120.370000	120.480000	58.000
120.370000	120.480000	52.000
120.530000	121.950000	54.000
120.530000	120.650000	61.000
120.700000	120.980000	66.000
120.700000	120.810000	78.000
120.700000	120.810000	63.000
120.700000	120.810000	59.000
120.700000	120.810000	51.000
120.860000	121.460000	61.000
120.860000	120.980000	78.000
120.860000	120.980000	58.000
121.030000	121.460000	49.000
121.180000	121.460000	78.000
121.180000	121.460000	66.000
121.180000	121.460000	56.000
121.180000	121.460000	51.000
121.510000	122.930000	66.000
121.510000	121.630000	78.000
121.510000	121.630000	57.000
121.680000	121.950000	58.000
121.680000	121.950000	42.000
121.840000	121.950000	61.000
122.000000	122.280000	63.000
122.000000	122.280000	59.000
122.000000	122.280000	54.000
122.330000	122.600000	78.000
122.330000	122.600000	49.000
122.490000	122.600000	54.000
122.650000	122.930000	61.000
122.650000	122.930000	51.000
122.650000	122.770000	56.000
122.650000	122.770000	54.000
122.820000	122.930000	57.000
122.820000	122.930000	54.000
122.980000	123.250000	58.000
122.980000	123.100000	52.000
123.150000	124.240000	54.000
123.150000	123.250000	61.000
123.300000	123.420000	78.000
123.300000	123.420000	63.000
123.300000	123.420000	51.000
123.470000	123.740000	61.000
123.470000	123.590000	78.000
123.640000	124.070000	49.000
123.790000	124.560000	66.000
123.790000	124.390000	78.000
123.790000	124.070000	61.000
123.790000	124.070000	51.000
124.120000	124.240000	62.000
124.290000	125.050000	59.000
124.290000	124.560000	63.000
124.290000	124.560000	47.000
124.440000	124.560000	78.000
124.610000	124.880000	68.000
124.610000	124.880000	64.000
124.610000	124.880000	51.000
124.930000	125.210000	78.000
124.930000	125.210000	66.000
124.930000	125.210000	54.000
125.100000	125.210000	59.000
125.260000	125.380000	61.000
125.260000	125.380000	56.000
125.430000	125.540000	62.000
125.590000	125.860000	63.000
125.590000	125.700000	57.000
125.750000	126.020000	59.000
125.750000	125.860000	78.000
125.750000	125.860000	66.000
125.750000	125.860000	62.000
125.910000	126.190000	56.000
125.910000	126.020000	76.000
125.910000	126.020000	68.000
125.910000	126.020000	64.000
126.070000	127.820000	66.000
126.070000	126.350000	78.000
126.070000	126.350000	59.000
126.070000	126.190000	63.000
126.240000	126.350000	54.000
126.400000	127.170000	54.000
126.400000	126.680000	78.000
126.400000	126.680000	56.000
126.730000	127.010000	49.000
126.730000	126.850000	78.000
126.730000	126.850000	57.000
126.900000	127.490000	42.000
126.900000	127.170000	58.000
127.060000	127.170000	78.000
127.060000	127.170000	61.000
127.220000	127.490000	78.000
127.220000	127.490000	63.000
127.220000	127.490000	59.000
127.220000	127.490000	54.000
127.220000	127.490000	46.000
127.540000	128.140000	61.000
127.540000	127.820000	78.000
127.540000	127.820000	54.000
127.540000	127.820000	49.000
127.870000	127.990000	56.000
127.870000	127.990000	51.000
128.040000	128.140000	57.000
128.040000	128.140000	54.000
128.190000	128.470000	58.000
128.190000	128.310000	52.000
128.360000	129.450000	66.000
128.360000	128.470000	61.000
128.520000	128.640000	63.000
128.520000	128.640000	59.000
128.520000	128.640000	51.000
128.690000	128.960000	61.000
128.690000	128.800000	78.000
128.850000	128.960000	49.000
129.010000	129.290000	63.000
129.010000	129.290000	51.000
129.340000	129.450000	76.000
129.340000	129.450000	64.000
129.500000	130.100000	49.000
129.500000	129.780000	65.000
129.660000	129.780000	73.000
129.830000	130.420000	61.000
129.830000	130.100000	65.000
129.830000	130.100000	53.000
130.150000	130.420000	65.000
130.150000	130.420000	56.000
130.470000	130.590000	61.000
130.640000	130.760000	62.000
130.640000	130.760000	59.000
130.810000	131.080000	63.000
130.810000	131.080000	59.000
130.810000	131.080000	47.000
130.970000	131.080000	78.000
130.970000	131.080000	66.000
131.130000	131.240000	76.000
131.130000	131.240000	68.000
131.130000	131.240000	64.000
131.290000	133.040000	66.000
131.290000	131.570000	59.000
131.290000	131.410000	78.000
131.290000	131.410000	69.000
131.290000	131.410000	64.000
131.460000	131.570000	78.000
131.460000	131.570000	54.000
131.620000	132.380000	54.000
131.620000	131.890000	78.000
131.620000	131.890000	56.000
131.620000	131.890000	51.000
131.940000	132.220000	49.000
131.940000	132.060000	78.000
131.940000	132.060000	57.000
132.110000	132.710000	42.000
132.110000	132.380000	58.000
132.270000	132.380000	61.000
132.430000	132.710000	63.000
132.430000	132.710000	59.000
132.430000	132.710000	54.000
132.430000	132.710000	47.000
132.430000	132.710000	46.000
132.760000	133.350000	61.000
132.760000	133.040000	78.000
132.760000	133.040000	49.000
132.930000	133.040000	54.000
133.090000	133.350000	66.000
133.090000	133.350000	56.000
133.090000	133.210000	51.000
133.260000	133.350000	57.000
133.260000	133.350000	54.000
133.500000	133.550000	58.000
133.600000	133.670000	61.000
133.600000	133.670000	54.000
133.800000	133.860000	63.000
133.800000	133.860000	59.000
133.910000	134.170000	61.000
133.910000	134.090000	66.000
133.910000	133.980000	58.000
134.030000	134.090000	54.000
134.030000	134.090000	49.000
134.140000	134.310000	49.000
134.560000	134.690000	63.000
134.560000	134.640000	58.000
134.740000	134.980000	68.000
134.740000	134.980000	63.000
134.740000	134.980000	32.000
135.030000	135.970000	68.000
135.030000	135.850000	63.000
135.030000	135.310000	61.000
135.360000	136.190000	44.000
135.360000	135.640000	80.000
135.360000	135.640000	75.000
135.690000	137.610000	75.000
135.690000	137.290000	80.000
135.900000	135.970000	63.000
136.020000	136.630000	68.000
136.020000	136.310000	63.000
136.020000	136.190000	32.000
136.240000	136.960000	44.000
136.360000	137.610000	63.000
136.360000	136.960000	32.000
136.360000	136.630000	61.000
136.680000	137.530000	68.000
137.010000	137.160000	51.000
137.010000	137.160000	44.000
137.210000	137.290000	51.000
137.210000	137.290000	44.000
137.340000	138.200000	44.000
137.340000	137.610000	51.000
137.460000	138.150000	32.000
137.660000	137.840000	63.000
137.660000	137.840000	61.000
137.660000	137.840000	54.000
137.970000	138.150000	63.000
138.250000	138.270000	44.000
138.320000	138.490000	61.000
138.320000	138.490000	53.000
138.320000	138.490000	32.000
138.320000	138.490000	30.000
138.540000	138.590000	59.000
138.640000	138.920000	51.000
138.640000	138.700000	56.000
138.750000	139.240000	44.000
138.870000	139.050000	59.000
138.870000	139.050000	32.000
138.970000	139.240000	53.000
139.100000	139.530000	63.000
139.100000	139.240000	37.000
139.290000	139.440000	51.000
139.290000	139.440000	44.000
139.490000	139.770000	51.000
139.620000	139.770000	53.000
139.620000	139.770000	44.000
139.620000	139.770000	35.000
139.820000	140.150000	61.000
139.960000	140.150000	49.000
140.050000	140.150000	68.000
140.050000	140.150000	37.000
140.200000	140.220000	49.000
140.270000	140.760000	49.000
140.270000	140.440000	35.000
140.490000	140.550000	47.000
140.600000	141.270000	68.000
140.600000	140.760000	63.000
140.600000	140.760000	37.000
140.810000	141.090000	49.000
140.920000	141.090000	53.000
140.920000	141.090000	37.000
140.920000	141.090000	35.000
141.140000	141.740000	49.000
141.320000	141.740000	37.000
141.320000	141.530000	78.000
141.490000	141.530000	63.000
141.580000	141.740000	35.000
141.790000	142.360000	49.000
141.890000	142.170000	37.000
141.890000	142.060000	66.000
141.890000	142.060000	63.000
142.220000	142.360000	53.000
142.220000	142.360000	30.000
142.560000	142.840000	78.000
142.560000	142.840000	51.000
142.560000	142.840000	44.000
142.960000	143.480000	51.000
142.960000	143.150000	49.000
142.960000	143.150000	42.000
143.200000	143.480000	68.000
143.200000	143.480000	32.000
143.530000	143.810000	44.000
143.740000	144.010000	63.000
143.740000	143.810000	32.000
143.920000	144.010000	51.000
143.920000	144.010000	44.000
144.060000	144.260000	32.000
144.060000	144.130000	63.000
144.060000	144.130000	61.000
144.180000	144.260000	63.000
144.310000	144.340000	42.000
144.500000	144.580000	51.000
144.630000	144.830000	32.000
144.880000	144.990000	59.000
144.880000	144.990000	37.000
144.880000	144.990000	32.000
145.040000	145.110000	32.000
145.160000	145.620000	39.000
145.470000	145.620000	68.000
145.670000	145.770000	65.000
145.820000	146.080000	39.000
146.020000	146.300000	51.000
146.130000	146.410000	65.000
146.280000	146.300000	39.000
146.350000	146.740000	61.000
146.350000	146.410000	63.000
146.530000	147.220000	68.000
146.530000	146.740000	63.000
146.530000	146.740000	59.000
146.530000	146.740000	37.000
146.790000	147.060000	61.000
146.790000	146.960000	54.000
146.790000	146.960000	47.000
147.010000	147.060000	58.000
147.110000	147.590000	49.000
147.110000	147.280000	56.000
147.110000	147.220000	59.000
147.330000	147.870000	56.000
147.330000	147.400000	38.000
147.450000	147.710000	58.000
147.450000	147.710000	37.000
147.640000	148.040000	63.000
147.760000	148.040000	44.000
147.760000	147.870000	75.000
147.920000	148.040000	32.000
148.090000	148.270000	42.000
148.320000	148.580000	68.000
148.410000	148.920000	44.000
148.630000	148.690000	32.000
148.740000	148.920000	61.000
148.740000	148.920000	53.000
148.970000	149.570000	56.000
149.130000	149.350000	51.000
149.130000	149.350000	44.000
149.270000	149.350000	32.000
149.400000	149.890000	51.000
149.400000	149.570000	44.000
149.400000	149.570000	42.000
149.620000	149.690000	56.000
149.740000	149.760000	56.000
149.810000	149.890000	32.000
149.940000	150.010000	51.000
150.060000	150.210000	51.000
150.170000	150.210000	56.000
150.370000	150.650000	71.000
150.370000	150.650000	61.000
150.370000	150.650000	35.000
150.370000	150.540000	68.000
150.370000	150.540000	57.000
150.810000	150.970000	83.000
150.810000	150.970000	47.000
150.810000	150.970000	33.000
151.020000	151.410000	47.000
151.020000	151.190000	74.000
151.240000	151.410000	35.000
151.460000	151.630000	76.000
151.460000	151.630000	59.000
151.460000	151.630000	36.000
151.680000	152.280000	61.000
151.680000	152.050000	35.000
151.680000	151.960000	68.000
151.680000	151.840000	77.000
152.100000	152.710000	66.000
152.100000	152.280000	81.000
152.100000	152.280000	45.000
152.100000	152.280000	35.000
152.330000	152.920000	61.000
152.330000	152.920000	47.000
152.330000	152.620000	63.000
152.330000	152.620000	57.000
152.330000	152.490000	68.000
152.540000	152.920000	35.000
152.760000	153.140000	66.000
152.760000	152.920000	83.000
152.760000	152.920000	57.000
152.970000	153.270000	63.000
152.970000	153.270000	57.000
152.970000	153.270000	47.000
152.970000	153.140000	68.000
152.970000	153.140000	61.000
153.190000	153.360000	35.000
153.410000	154.760000	63.000
153.410000	153.920000	47.000
153.410000	153.580000	68.000
153.410000	153.580000	33.000
153.630000	154.010000	68.000
153.630000	154.010000	35.000
153.630000	153.920000	61.000
153.630000	153.920000	57.000
154.060000	154.940000	90.000
154.060000	154.230000	47.000
154.060000	154.230000	45.000
154.280000	154.420000	68.000
154.280000	154.420000	57.000
154.470000	154.760000	68.000
154.470000	154.570000	57.000
154.470000	154.570000	35.000
154.620000	154.760000	66.000
154.620000	154.760000	49.000
154.810000	155.440000	47.000
154.810000	154.940000	68.000
154.810000	154.940000	63.000
154.990000	155.210000	38.000
155.490000	155.530000	47.000
155.580000	155.770000	40.000
155.820000	156.030000	40.000
156.080000	156.500000	47.000
156.080000	156.170000	38.000
156.220000	156.740000	71.000
156.220000	156.390000	40.000
156.440000	156.500000	59.000
156.550000	156.840000	61.000
156.550000	156.740000	38.000
156.790000	156.840000	39.000
156.890000	157.160000	62.000
156.890000	157.160000	40.000
157.210000	157.470000	61.000
157.210000	157.470000	47.000
157.520000	157.670000	47.000
157.520000	157.670000	40.000
157.720000	157.990000	47.000
157.940000	157.990000	61.000
157.940000	157.990000	52.000
158.040000	159.100000	47.000
158.180000	158.450000	59.000
158.270000	158.650000	35.000
158.500000	158.760000	51.000
158.700000	159.330000	59.000
158.810000	160.710000	71.000
158.810000	159.100000	66.000
158.810000	159.100000	35.000
159.030000	159.100000	73.000
159.150000	159.420000	56.000
159.150000	159.330000	74.000
159.150000	159.330000	35.000
159.150000	159.330000	33.000
159.380000	160.620000	59.000
159.380000	159.620000	75.000
159.470000	159.940000	35.000
159.470000	159.750000	57.000
159.670000	159.940000	73.000
159.800000	160.060000	56.000
159.800000	159.940000	52.000
159.990000	160.110000	47.000
160.160000	160.400000	54.000
160.160000	160.400000	47.000
160.320000	160.400000	35.000
160.450000	160.970000	78.000
160.450000	160.710000	56.000
160.450000	160.710000	47.000
160.450000	160.620000	40.000
160.670000	160.970000	59.000
160.760000	160.920000	42.000
161.020000	161.420000	78.000
161.110000	161.420000	58.000
161.110000	161.290000	54.000
161.110000	161.290000	40.000
161.470000	161.720000	78.000
161.470000	161.720000	73.000
161.470000	161.720000	42.000
161.640000	162.040000	61.000
161.640000	161.720000	30.000
161.770000	162.040000	78.000
161.770000	162.040000	73.000
161.770000	162.040000	42.000
161.770000	161.920000	58.000
162.090000	162.570000	40.000
162.090000	162.240000	78.000
162.290000	162.370000	76.000
162.420000	162.700000	56.000
162.420000	162.570000	38.000
162.840000	163.340000	59.000
162.930000	163.120000	76.000
162.930000	163.030000	40.000
163.170000	163.240000	47.000
163.290000	163.340000	47.000
163.510000	163.880000	66.000
163.510000	163.670000	83.000
163.510000	163.670000	35.000
163.720000	164.000000	81.000
164.050000	164.460000	35.000
164.050000	164.340000	66.000
164.270000	164.340000	78.000
164.510000	164.670000	53.000
164.720000	164.990000	76.000
164.720000	164.900000	47.000
164.810000	165.110000	35.000
164.950000	164.990000	62.000
165.040000	165.200000	62.000
165.590000	165.860000	35.000
165.810000	165.860000	47.000
166.030000	166.840000	73.000
166.030000	166.300000	80.000
166.030000	166.300000	44.000
166.030000	166.300000	37.000
166.350000	168.140000	61.000
166.350000	166.690000	68.000
166.350000	166.620000	66.000
166.350000	166.620000	35.000
166.740000	167.610000	68.000
166.740000	166.900000	37.000
167.010000	167.150000	37.000
167.200000	168.470000	49.000
167.400000	167.930000	37.000
167.660000	168.250000	68.000
167.660000	167.930000	54.000
168.190000	168.250000	37.000
168.300000	168.660000	68.000
168.300000	168.470000	37.000
168.300000	168.470000	35.000
168.520000	169.120000	49.000
168.630000	169.560000	56.000
168.710000	168.920000	75.000
168.710000	168.920000	68.000
168.710000	168.920000	37.000
168.970000	169.560000	61.000
168.970000	169.120000	66.000
168.970000	169.120000	35.000
169.280000	169.770000	49.000
169.280000	169.560000	80.000
169.490000	169.560000	37.000
169.610000	169.770000	70.000
169.610000	169.770000	61.000
169.610000	169.770000	54.000
169.610000	169.770000	47.000
169.820000	169.890000	36.000
169.940000	170.220000	37.000
169.940000	170.130000	76.000
169.940000	170.130000	71.000
170.180000	170.870000	68.000
170.270000	170.600000	49.000
170.270000	170.410000	75.000
170.650000	171.070000	49.000
170.650000	170.870000	40.000
170.920000	171.070000	37.000
171.120000	171.520000	49.000
171.230000	172.180000	61.000
171.300000	171.520000	30.000
171.300000	171.430000	68.000
171.570000	171.840000	54.000
171.570000	171.840000	47.000
171.890000	172.380000	49.000
171.890000	172.180000	42.000
172.100000	172.180000	30.000
172.230000	172.380000	75.000
172.230000	172.380000	61.000
172.430000	173.350000	61.000
172.430000	172.490000	29.000
172.540000	172.820000	49.000
172.630000	172.820000	42.000
172.870000	173.130000	68.000
172.870000	173.030000	47.000
172.870000	173.030000	42.000
173.080000	173.130000	42.000
173.220000	173.790000	42.000
173.510000	173.690000	35.000
173.510000	173.690000	30.000
173.740000	174.120000	49.000
173.840000	174.120000	68.000
173.840000	174.120000	37.000
174.170000	175.030000	49.000
174.170000	174.360000	70.000
174.170000	174.360000	66.000
174.170000	174.360000	35.000
174.410000	174.450000	61.000
174.500000	175.110000	61.000
174.570000	174.770000	68.000
174.570000	174.770000	37.000
174.820000	175.420000	68.000
174.820000	175.030000	66.000
174.820000	175.030000	37.000
174.820000	175.030000	35.000
175.080000	175.420000	49.000
175.160000	175.420000	37.000
175.470000	176.080000	49.000
175.930000	176.410000	37.000
176.130000	176.640000	49.000
176.460000	176.640000	47.000
176.460000	176.640000	44.000
176.460000	176.640000	37.000
176.900000	176.950000	51.000
177.000000	177.050000	51.000
177.000000	177.050000	44.000
177.100000	177.700000	51.000
177.100000	177.700000	44.000
177.320000	177.700000	32.000
177.880000	178.590000	30.000
178.640000	178.900000	42.000
178.760000	178.900000	47.000
178.760000	178.900000	30.000
178.950000	179.560000	49.000
179.080000	179.670000	61.000
179.080000	179.250000	56.000
179.190000	179.350000	37.000
179.400000	179.560000	54.000
179.510000	179.670000	35.000
179.610000	179.670000	49.000
179.720000	179.990000	56.000
179.720000	179.990000	49.000
179.830000	179.990000	37.000
179.830000	179.890000	53.000
180.040000	180.210000	49.000
180.040000	180.100000	56.000
180.150000	180.210000	47.000
180.470000	180.530000	37.000
180.580000	180.850000	37.000
180.790000	180.850000	47.000
180.900000	180.950000	49.000
181.000000	181.170000	49.000
181.000000	181.120000	56.000
181.220000	181.440000	54.000
181.220000	181.440000	49.000
181.330000	181.440000	42.000
181.670000	181.790000	42.000
181.840000	182.120000	49.000
182.000000	182.120000	61.000
182.170000	182.440000	61.000
182.170000	182.270000	78.000
182.170000	182.270000	66.000
182.320000	183.920000	66.000
182.320000	182.440000	78.000
182.320000	182.440000	75.000
182.320000	182.440000	63.000
182.490000	182.770000	78.000
182.490000	182.770000	75.000
182.490000	182.770000	63.000
182.820000	182.930000	78.000
182.820000	182.930000	75.000
182.820000	182.930000	63.000
182.980000	183.100000	78.000
182.980000	183.100000	61.000
183.150000	183.260000	78.000
183.150000	183.260000	61.000
183.310000	183.920000	78.000
183.310000	183.420000	70.000
183.310000	183.420000	61.000
183.470000	183.750000	63.000
183.800000	183.920000	54.000
184.130000	184.560000	30.000
184.460000	184.560000	37.000
184.610000	184.720000	61.000
184.770000	184.880000	61.000
184.770000	184.880000	30.000
184.930000	185.540000	75.000
184.930000	185.050000	78.000
184.930000	185.050000	66.000
184.930000	185.050000	63.000
185.100000	189.150000	66.000
185.100000	185.540000	78.000
185.100000	185.380000	63.000
185.430000	185.540000	63.000
185.590000	185.700000	78.000
185.590000	185.700000	61.000
185.750000	185.860000	78.000
185.750000	185.860000	61.000
185.910000	186.030000	78.000
185.910000	186.030000	61.000
186.080000	186.350000	78.000
186.080000	186.350000	75.000
186.080000	186.350000	63.000
186.400000	186.520000	54.000
186.570000	186.820000	54.000
186.870000	187.150000	49.000
186.870000	187.150000	42.000
187.060000	187.500000	61.000
187.060000	187.150000	30.000
187.200000	187.500000	49.000
187.200000	187.340000	42.000
187.200000	187.340000	31.000
187.390000	187.660000	42.000
187.550000	187.660000	63.000
187.550000	187.660000	47.000
187.550000	187.660000	30.000
187.710000	188.150000	75.000
187.710000	188.150000	63.000
187.710000	187.820000	78.000
187.870000	188.150000	49.000
187.870000	187.990000	54.000
188.200000	188.310000	61.000
188.200000	188.310000	30.000
188.360000	188.640000	61.000
188.520000	188.640000	54.000
188.520000	188.640000	49.000
188.690000	188.970000	78.000
188.690000	188.970000	63.000
188.690000	188.970000	47.000
188.690000	188.970000	30.000
189.200000	189.770000	30.000
189.660000	189.940000	73.000
189.660000	189.770000	37.000
189.820000	190.260000	61.000
189.820000	190.260000	54.000
189.990000	190.100000	73.000
189.990000	190.100000	30.000
190.150000	190.260000	63.000
190.150000	190.260000	42.000
190.310000	191.580000	66.000
190.310000	190.420000	78.000
190.310000	190.420000	63.000
190.470000	190.580000	54.000
190.630000	190.910000	30.000
190.630000	190.740000	63.000
190.790000	190.910000	73.000
190.790000	190.910000	61.000
190.960000	191.240000	73.000
190.960000	191.240000	61.000
191.110000	191.240000	49.000
191.290000	191.410000	70.000
191.290000	191.410000	63.000
191.290000	191.410000	30.000
191.460000	191.580000	38.000
191.700000	191.740000	30.000
191.790000	192.060000	54.000
191.790000	192.060000	49.000
191.790000	191.900000	31.000
191.950000	192.060000	30.000
192.110000	193.370000	32.000
192.110000	192.550000	71.000
192.110000	192.400000	63.000
192.780000	193.050000	71.000
193.100000	193.370000	70.000
193.100000	193.370000	63.000
193.260000	193.370000	35.000
193.420000	194.100000	37.000
193.420000	193.870000	73.000
193.420000	193.700000	68.000
193.750000	193.870000	54.000
193.920000	194.100000	68.000
193.920000	194.020000	66.000
194.150000	194.670000	37.000
194.150000	194.350000	77.000
194.150000	194.350000	68.000
194.400000	194.670000	68.000
194.400000	194.670000	53.000
194.720000	195.160000	70.000
194.720000	195.160000	34.000
194.720000	195.010000	74.000
195.210000	195.420000	34.000
195.390000	195.830000	46.000
195.470000	195.670000	70.000
195.470000	195.670000	34.000
195.720000	195.980000	87.000
195.720000	195.980000	80.000
195.880000	196.970000	46.000
195.880000	195.980000	53.000
196.090000	197.280000	39.000
196.090000	196.320000	66.000
196.370000	196.970000	65.000
196.370000	196.640000	53.000
196.690000	197.280000	63.000
196.690000	197.280000	27.000
197.020000	197.280000	70.000
197.330000	197.940000	34.000
197.330000	197.620000	77.000
197.330000	197.620000	68.000
197.670000	197.940000	66.000
197.990000	198.590000	34.000
197.990000	198.280000	65.000
198.330000	198.590000	80.000
198.330000	198.590000	49.000
198.640000	199.890000	39.000
198.640000	199.100000	46.000
198.640000	198.910000	75.000
198.640000	198.910000	66.000
198.960000	199.100000	65.000
198.960000	199.100000	34.000
199.290000	199.890000	75.000
199.620000	199.890000	70.000
199.940000	200.370000	71.000
199.940000	200.370000	68.000
199.940000	200.230000	75.000
199.940000	200.230000	32.000
200.420000	201.190000	32.000
200.420000	200.550000	70.000
200.600000	200.870000	68.000
200.600000	200.870000	63.000
200.920000	201.530000	85.000
200.920000	201.190000	54.000
200.920000	201.190000	47.000
201.240000	201.860000	68.000
201.240000	201.530000	77.000
201.240000	201.530000	73.000
201.240000	201.530000	37.000
201.580000	201.860000	63.000
201.740000	201.930000	35.000
201.740000	201.860000	37.000
201.910000	202.020000	37.000
201.980000	202.830000	49.000
202.070000	202.830000	73.000
202.070000	202.180000	37.000
202.230000	202.500000	37.000
202.550000	203.150000	30.000
202.550000	202.830000	66.000
202.550000	202.830000	61.000
203.030000	203.150000	53.000
203.030000	203.150000	43.000
203.200000	204.130000	66.000
203.200000	203.470000	70.000
203.200000	203.370000	61.000
203.200000	203.370000	39.000
203.420000	203.590000	61.000
203.640000	203.800000	61.000
203.850000	203.970000	75.000
203.850000	203.970000	54.000
204.020000	204.130000	54.000
204.020000	204.130000	49.000
204.340000	204.450000	53.000
204.340000	204.450000	31.000
204.500000	204.780000	51.000
204.500000	204.780000	30.000
204.990000	205.430000	30.000
205.150000	205.430000	70.000
205.150000	205.430000	65.000
205.150000	205.430000	31.000
205.640000	205.760000	53.000
205.640000	205.760000	43.000
205.810000	206.260000	30.000
205.810000	206.080000	66.000
205.810000	206.080000	61.000
205.810000	206.080000	51.000
206.310000	206.410000	42.000
206.460000	207.380000	63.000
206.460000	206.730000	42.000
206.620000	206.900000	30.000
206.950000	207.060000	34.000
207.110000	207.380000	51.000
207.270000	207.540000	35.000
207.270000	207.380000	39.000
207.590000	208.050000	49.000
207.760000	208.200000	61.000
207.760000	208.050000	66.000
207.760000	208.050000	30.000
208.100000	209.350000	42.000
208.250000	208.700000	30.000
208.250000	208.400000	41.000
208.450000	209.350000	66.000
208.450000	208.620000	61.000
208.450000	208.620000	51.000
208.670000	208.840000	61.000
208.750000	209.350000	54.000
208.750000	209.020000	49.000
208.890000	209.670000	30.000
208.890000	209.020000	61.000
209.070000	209.350000	63.000
209.550000	209.670000	53.000
209.720000	210.320000	30.000
209.720000	209.990000	75.000
209.720000	209.990000	70.000
209.720000	209.990000	66.000
209.720000	209.990000	39.000
210.040000	210.160000	53.000
210.370000	210.640000	54.000
210.540000	211.610000	30.000
210.860000	210.970000	53.000
210.860000	210.970000	43.000
211.020000	211.290000	78.000
211.020000	211.290000	61.000
211.020000	211.290000	39.000
211.340000	211.450000	43.000
211.660000	212.590000	63.000
211.660000	211.940000	70.000
211.660000	211.800000	31.000
211.850000	211.940000	42.000
211.990000	212.100000	54.000
212.150000	212.260000	53.000
212.150000	212.260000	28.000
212.310000	212.590000	54.000
212.480000	212.590000	46.000
212.480000	212.590000	42.000
212.480000	212.590000	39.000
212.480000	212.590000	35.000
212.640000	212.920000	49.000
212.640000	212.760000	53.000
212.810000	212.920000	37.000
212.970000	213.110000	54.000
213.300000	213.910000	30.000
213.300000	213.590000	53.000
213.640000	214.030000	78.000
213.640000	213.910000	39.000
213.640000	213.810000	73.000
213.860000	214.030000	73.000
214.080000	214.560000	42.000
214.080000	214.400000	78.000
214.080000	214.240000	73.000
214.080000	214.240000	37.000
214.290000	214.560000	30.000
214.290000	214.400000	75.000
214.610000	214.730000	31.000
214.780000	214.880000	53.000
214.780000	214.880000	30.000
214.930000	215.220000	78.000
214.930000	215.220000	75.000
214.930000	215.220000	39.000
214.930000	215.220000	31.000
215.270000	215.380000	53.000
215.430000	215.860000	49.000
215.580000	216.030000	30.000
215.580000	215.860000	82.000
215.580000	215.860000	77.000
215.580000	215.860000	66.000
216.080000	216.840000	30.000
216.080000	216.190000	53.000
216.240000	216.510000	82.000
216.240000	216.510000	78.000
216.240000	216.510000	73.000
216.240000	216.510000	39.000
216.560000	216.690000	43.000
216.890000	217.490000	78.000
216.890000	217.160000	82.000
216.890000	217.160000	47.000
217.210000	217.490000	75.000
217.210000	217.490000	34.000
217.540000	217.810000	51.000
217.700000	217.810000	35.000
218.030000	218.140000	49.000
218.190000	218.800000	30.000
218.190000	218.460000	73.000
218.190000	218.460000	66.000
218.190000	218.460000	43.000
218.510000	218.640000	43.000
218.690000	218.800000	53.000
218.850000	219.250000	78.000
218.850000	219.030000	73.000
219.080000	219.250000	73.000
219.080000	219.110000	42.000
219.300000	219.610000	42.000
219.300000	219.440000	78.000
219.300000	219.440000	73.000
219.300000	219.440000	37.000
219.490000	219.760000	78.000
219.490000	219.610000	30.000
219.660000	219.760000	54.000
219.810000	219.930000	30.000
219.980000	220.090000	53.000
220.140000	220.400000	51.000
220.140000	220.270000	43.000
220.320000	220.400000	39.000
220.450000	220.590000	53.000
220.450000	220.590000	43.000
220.450000	220.590000	30.000
220.790000	221.060000	77.000
220.790000	221.060000	30.000
221.110000	221.400000	31.000
221.290000	221.400000	53.000
221.450000	221.720000	82.000
221.450000	221.720000	78.000
221.450000	221.720000	73.000
221.450000	221.720000	39.000
221.450000	221.720000	30.000
221.950000	222.050000	30.000
222.100000	222.720000	75.000
222.100000	222.390000	82.000
222.100000	222.390000	66.000
222.630000	222.720000	53.000
222.630000	222.720000	27.000
222.770000	223.040000	39.000
223.400000	223.690000	42.000
223.570000	223.690000	30.000
223.740000	223.850000	54.000
223.900000	224.010000	85.000
223.900000	224.010000	78.000
224.060000	224.170000	85.000
224.060000	224.170000	81.000
224.220000	224.330000	82.000
224.380000	224.500000	85.000
224.380000	224.500000	78.000
224.550000	224.660000	81.000
224.710000	224.820000	85.000
224.710000	224.820000	82.000
224.870000	225.980000	78.000
225.040000	225.150000	81.000
225.200000	225.480000	85.000
225.200000	225.480000	82.000
225.710000	225.820000	54.000
225.870000	225.980000	54.000
225.870000	225.980000	31.000
226.030000	226.310000	54.000
226.190000	226.620000	73.000
226.190000	226.460000	30.000
226.510000	226.620000	78.000
226.510000	226.620000	66.000
226.510000	226.620000	35.000
226.670000	227.110000	73.000
226.670000	226.950000	69.000
226.840000	226.950000	70.000
227.000000	227.110000	78.000
227.000000	227.110000	66.000
227.160000	227.270000	73.000
227.160000	227.270000	69.000
227.320000	227.600000	73.000
227.320000	227.600000	70.000
227.490000	227.760000	66.000
227.490000	227.600000	78.000
227.650000	227.760000	73.000
227.650000	227.760000	69.000
227.810000	228.020000	73.000
227.810000	228.020000	70.000
228.150000	228.270000	54.000
228.320000	228.420000	54.000
228.470000	233.530000	54.000
228.640000	229.260000	35.000
228.640000	229.260000	33.000
228.640000	229.260000	30.000
228.640000	229.260000	28.000
229.310000	230.050000	47.000
229.310000	230.050000	34.000
229.310000	230.050000	30.000
230.100000	230.870000	33.000
230.100000	230.870000	30.000
230.920000	231.770000	30.000
231.820000	241.750000	30.000
231.820000	233.530000	61.000
231.820000	232.870000	79.000
231.820000	232.870000	77.000
231.820000	232.870000	66.000
233.670000	234.240000	81.000
233.670000	234.130000	73.000
233.670000	234.130000	66.000
234.180000	234.240000	66.000
234.290000	234.500000	66.000
234.550000	234.630000	66.000
234.680000	234.800000	66.000
234.850000	235.550000	66.000
235.600000	237.060000	61.000
235.600000	235.910000	57.000
235.600000	235.910000	56.000
235.960000	236.820000	66.000
235.960000	236.820000	57.000
235.960000	236.820000	52.000
237.110000	237.600000	66.000
237.830000	238.030000	47.000
238.080000	238.330000	61.000
238.080000	238.330000	46.000
238.380000	239.340000	69.000
238.380000	239.340000	68.000
238.380000	239.340000	53.000
238.380000	239.340000	52.000
239.390000	239.770000	70.000
239.390000	239.770000	66.000
239.820000	241.750000	92.000
239.820000	241.750000	76.000
239.820000	241.750000	75.000
239.820000	241.750000	55.000
239.820000	241.750000	45.000
241.800000	241.930000	54.000
242.120000	242.240000	49.000
242.120000	242.240000	42.000
242.290000	245.920000	70.000
242.290000	245.920000	68.000
242.290000	245.920000	41.000
242.290000	245.920000	38.000
242.290000	245.920000	37.000
242.290000	245.920000	35.000
242.290000	245.920000	34.000
242.290000	245.920000	33.000
242.290000	245.920000	30.000
242.290000	245.920000	28.000
242.290000	245.920000	24.000
