0.116100	0.116100	4
0.383129	0.383129	1
0.568889	0.568889	2
0.847528	0.847528	3
1.149388	1.149388	4
1.416417	1.416417	1
1.695057	1.695057	2
1.962086	1.962086	3
2.240726	2.240726	4
2.507755	2.507755	1
2.786395	2.786395	2
3.065034	3.065034	3
3.355283	3.355283	4
3.645533	3.645533	1
3.924172	3.924172	2
4.202812	4.202812	3
4.481451	4.481451	4
4.760091	4.760091	1
5.050340	5.050340	2
5.328980	5.328980	3
5.607619	5.607619	4
5.944308	5.944308	1
6.269388	6.269388	2
6.594467	6.594467	3
6.931156	6.931156	4
7.256236	7.256236	1
7.662585	7.662585	2
8.080544	8.080544	3
8.486893	8.486893	4
8.904853	8.904853	1
9.322812	9.322812	2
9.740771	9.740771	3
10.158730	10.158730	4
10.576689	10.576689	1
10.994649	10.994649	2
11.400998	11.400998	3
11.888617	11.888617	4
12.364626	12.364626	1
12.852245	12.852245	2
13.328254	13.328254	3
13.804263	13.804263	4
14.268662	14.268662	1
14.744671	14.744671	2
15.348390	15.348390	3
15.963719	15.963719	4
16.579048	16.579048	1
17.205986	17.205986	2
17.844535	17.844535	3
18.459864	18.459864	4
19.086803	19.086803	1
19.702132	19.702132	2
20.329070	20.329070	3
20.990839	20.990839	4
21.652608	21.652608	1
22.291156	22.291156	2
22.929705	22.929705	3
23.568254	23.568254	4
24.253243	24.253243	1
24.961451	24.961451	2
25.600000	25.600000	3
26.203719	26.203719	4
26.853878	26.853878	1
27.504036	27.504036	2
28.142585	28.142585	3
28.769524	28.769524	4
29.408073	29.408073	1
29.976961	29.976961	2
30.557460	30.557460	3
31.137959	31.137959	4
31.683628	31.683628	1
32.275737	32.275737	2
32.879456	32.879456	3
33.506395	33.506395	4
34.133333	34.133333	1
34.748662	34.748662	2
35.375601	35.375601	3
36.048980	36.048980	4
36.745578	36.745578	1
37.395737	37.395737	2
38.103946	38.103946	3
38.812154	38.812154	4
39.520363	39.520363	1
40.193741	40.193741	2
40.925170	40.925170	3
41.633379	41.633379	4
42.329977	42.329977	1
43.014966	43.014966	2
43.688345	43.688345	3
44.373333	44.373333	4
45.069932	45.069932	1
45.754921	45.754921	2
46.416689	46.416689	3
47.078458	47.078458	4
47.717007	47.717007	1
48.332336	48.332336	2
48.970884	48.970884	3
49.597823	49.597823	4
50.236372	50.236372	1
50.886531	50.886531	2
51.536689	51.536689	3
52.163628	52.163628	4
52.755737	52.755737	1
53.371066	53.371066	2
53.998005	53.998005	3
54.613333	54.613333	4
55.251882	55.251882	1
55.878821	55.878821	2
56.494150	56.494150	3
57.121088	57.121088	4
57.736417	57.736417	1
58.363356	58.363356	2
59.001905	59.001905	3
59.617234	59.617234	4
60.220952	60.220952	1
60.824671	60.824671	2
61.428390	61.428390	3
62.032109	62.032109	4
62.635828	62.635828	1
63.227937	63.227937	2
63.820045	63.820045	3
64.470204	64.470204	4
65.108753	65.108753	1
65.747302	65.747302	2
66.385850	66.385850	3
67.024399	67.024399	4
67.662948	67.662948	1
68.289887	68.289887	2
68.847166	68.847166	3
69.404444	69.404444	4
69.984943	69.984943	1
70.553832	70.553832	2
71.099501	71.099501	3
71.645170	71.645170	4
72.214059	72.214059	1
72.771338	72.771338	2
73.409887	73.409887	3
74.048435	74.048435	4
74.686984	74.686984	1
75.325533	75.325533	2
75.906032	75.906032	3
76.498141	76.498141	4
77.101859	77.101859	1
77.705578	77.705578	2
78.309297	78.309297	3
78.866576	78.866576	4
79.423855	79.423855	1
79.981134	79.981134	2
80.526803	80.526803	3
81.060862	81.060862	4
81.571701	81.571701	1
82.163810	82.163810	2
82.732698	82.732698	3
83.394467	83.394467	4
84.044626	84.044626	1
84.694785	84.694785	2
85.333333	85.333333	3
85.960272	85.960272	4
86.598821	86.598821	1
87.248980	87.248980	2
87.922358	87.922358	3
88.572517	88.572517	4
89.211066	89.211066	1
89.861224	89.861224	2
90.499773	90.499773	3
91.161542	91.161542	4
91.834921	91.834921	1
92.485079	92.485079	2
93.146848	93.146848	3
93.797007	93.797007	4
94.435556	94.435556	1
95.085714	95.085714	2
95.759093	95.759093	3
96.420862	96.420862	4
97.071020	97.071020	1
97.732789	97.732789	2
98.394558	98.394558	3
99.056327	99.056327	4
99.567166	99.567166	1
100.101224	100.101224	2
100.623673	100.623673	3
101.146122	101.146122	4
101.668571	101.668571	1
102.191020	102.191020	2
102.829569	102.829569	3
103.433288	103.433288	4
104.071837	104.071837	1
104.710385	104.710385	2
105.348934	105.348934	3
105.987483	105.987483	4
106.626032	106.626032	1
107.252971	107.252971	2
107.891519	107.891519	3
108.530068	108.530068	4
109.168617	109.168617	1
109.830385	109.830385	2
110.480544	110.480544	3
111.119093	111.119093	4
111.746032	111.746032	1
112.361361	112.361361	2
112.988299	112.988299	3
113.615238	113.615238	4
114.253787	114.253787	1
114.880726	114.880726	2
115.519274	115.519274	3
116.157823	116.157823	4
116.773152	116.773152	1
117.400091	117.400091	2
118.038639	118.038639	3
118.688798	118.688798	4
119.327347	119.327347	1
119.954286	119.954286	2
120.581224	120.581224	3
121.219773	121.219773	4
121.846712	121.846712	1
122.450431	122.450431	2
123.065760	123.065760	3
123.692698	123.692698	4
124.331247	124.331247	1
124.969796	124.969796	2
125.608345	125.608345	3
126.281723	126.281723	4
126.931882	126.931882	1
127.582041	127.582041	2
128.220590	128.220590	3
128.882358	128.882358	4
129.544127	129.544127	1
130.217506	130.217506	2
130.879274	130.879274	3
131.529433	131.529433	4
132.179592	132.179592	1
132.655601	132.655601	2
133.131610	133.131610	3
133.619229	133.619229	4
134.025578	134.025578	1
134.431927	134.431927	2
134.826667	134.826667	3
135.244626	135.244626	4
135.662585	135.662585	1
136.068934	136.068934	2
136.475283	136.475283	3
136.858413	136.858413	4
137.241542	137.241542	1
137.624671	137.624671	2
138.007800	138.007800	3
138.367710	138.367710	4
138.727619	138.727619	1
139.087528	139.087528	2
139.459048	139.459048	3
139.818957	139.818957	4
140.190476	140.190476	1
140.550385	140.550385	2
140.910295	140.910295	3
141.270204	141.270204	4
141.641723	141.641723	1
141.990023	141.990023	2
142.326712	142.326712	3
142.756281	142.756281	4
143.197460	143.197460	1
143.627029	143.627029	2
144.068209	144.068209	3
144.486168	144.486168	4
144.892517	144.892517	1
145.310476	145.310476	2
145.728435	145.728435	3
146.134785	146.134785	4
146.552744	146.552744	1
146.947483	146.947483	2
147.330612	147.330612	3
147.725351	147.725351	4
148.131701	148.131701	1
148.514830	148.514830	2
148.921179	148.921179	3
149.327528	149.327528	4
149.733878	149.733878	1
150.128617	150.128617	2
150.511746	150.511746	3
150.906485	150.906485	4
151.301224	151.301224	1
151.684354	151.684354	2
152.067483	152.067483	3
152.439002	152.439002	4
152.810522	152.810522	1
153.193651	153.193651	2
153.576780	153.576780	3
153.948299	153.948299	4
154.331429	154.331429	1
154.714558	154.714558	2
155.097687	155.097687	3
155.469206	155.469206	4
155.840726	155.840726	1
156.119365	156.119365	2
156.398005	156.398005	3
156.688254	156.688254	4
156.966893	156.966893	1
157.245533	157.245533	2
157.524172	157.524172	3
157.791202	157.791202	4
158.069841	158.069841	1
158.360091	158.360091	2
158.638730	158.638730	3
158.917370	158.917370	4
159.196009	159.196009	1
159.474649	159.474649	2
159.764898	159.764898	3
160.043537	160.043537	4
160.310567	160.310567	1
160.589206	160.589206	2
160.867846	160.867846	3
161.146485	161.146485	4
161.425125	161.425125	1
161.703764	161.703764	2
161.982404	161.982404	3
162.261043	162.261043	4
162.551293	162.551293	1
162.829932	162.829932	2
163.108571	163.108571	3
163.387211	163.387211	4
163.665850	163.665850	1
163.956100	163.956100	2
164.246349	164.246349	3
164.524989	164.524989	4
164.803628	164.803628	1
165.093878	165.093878	2
165.372517	165.372517	3
165.651156	165.651156	4
165.929796	165.929796	1
166.208435	166.208435	2
166.487075	166.487075	3
166.765714	166.765714	4
167.044354	167.044354	1
