0.350000	1.030000	46.000
0.350000	0.830000	39.000
0.700000	0.830000	27.000
0.880000	1.030000	34.000
1.080000	1.450000	46.000
1.080000	1.450000	39.000
1.300000	1.450000	27.000
1.500000	1.650000	82.000
1.500000	1.650000	78.000
1.500000	1.650000	75.000
1.500000	1.650000	46.000
1.500000	1.650000	39.000
1.700000	1.850000	73.000
1.700000	1.850000	37.000
1.980000	2.460000	42.000
1.980000	2.060000	49.000
2.110000	2.460000	30.000
2.110000	2.260000	50.000
2.310000	2.870000	73.000
2.310000	2.460000	70.000
2.510000	2.660000	77.000
2.510000	2.660000	44.000
2.510000	2.660000	37.000
2.710000	3.270000	49.000
2.920000	3.270000	42.000
2.920000	3.270000	30.000
2.920000	3.070000	73.000
3.120000	3.270000	73.000
3.320000	3.470000	46.000
3.520000	5.490000	70.000
3.520000	4.080000	75.000
3.520000	3.680000	66.000
3.730000	4.080000	27.000
3.730000	3.880000	66.000
3.730000	3.880000	58.000
3.930000	4.080000	66.000
3.930000	4.080000	51.000
4.130000	4.490000	46.000
4.330000	4.690000	51.000
4.330000	4.490000	66.000
4.540000	4.690000	66.000
4.540000	4.690000	39.000
4.740000	4.890000	66.000
4.740000	4.890000	51.000
4.940000	5.080000	51.000
4.940000	5.080000	39.000
5.130000	5.700000	74.000
5.130000	5.490000	58.000
5.130000	5.300000	53.000
5.130000	5.300000	27.000
5.350000	5.490000	53.000
5.350000	5.490000	46.000
5.350000	5.490000	37.000
5.540000	5.700000	38.000
5.540000	5.700000	34.000
5.750000	5.900000	39.000
5.950000	6.100000	41.000
6.150000	6.500000	42.000
6.360000	6.500000	56.000
6.360000	6.500000	44.000
6.550000	6.710000	58.000
6.550000	6.710000	46.000
6.760000	7.110000	75.000
6.760000	7.110000	46.000
6.760000	6.910000	39.000
6.960000	7.310000	63.000
6.960000	7.110000	58.000
6.960000	7.110000	27.000
7.160000	7.310000	82.000
7.160000	7.310000	75.000
7.160000	7.310000	39.000
7.160000	7.310000	23.000
7.360000	7.720000	34.000
7.560000	8.120000	51.000
7.560000	7.920000	82.000
7.770000	8.120000	46.000
7.770000	8.120000	39.000
7.970000	8.120000	82.000
7.970000	8.120000	78.000
7.970000	8.120000	75.000
8.170000	8.320000	44.000
8.170000	8.320000	37.000
8.440000	8.920000	49.000
8.440000	8.920000	42.000
8.580000	8.920000	30.000
8.580000	8.720000	73.000
8.770000	9.530000	73.000
9.050000	9.190000	49.000
9.240000	9.720000	54.000
9.240000	9.720000	49.000
9.390000	9.720000	42.000
9.390000	9.720000	30.000
9.580000	9.720000	73.000
9.770000	9.930000	74.000
9.770000	9.930000	34.000
9.980000	10.340000	51.000
9.980000	10.140000	66.000
9.980000	10.140000	34.000
10.190000	11.150000	58.000
10.190000	10.540000	75.000
10.190000	10.540000	27.000
10.190000	10.340000	66.000
10.390000	10.540000	66.000
10.590000	10.740000	53.000
10.590000	10.740000	46.000
10.790000	11.540000	75.000
10.790000	11.150000	66.000
10.790000	11.150000	39.000
11.010000	11.350000	27.000
11.200000	11.540000	66.000
11.400000	11.970000	58.000
11.400000	11.540000	63.000
11.400000	11.540000	27.000
11.590000	11.970000	53.000
11.590000	11.760000	46.000
11.590000	11.760000	39.000
11.810000	11.970000	46.000
11.810000	11.970000	41.000
11.810000	11.970000	34.000
12.020000	12.360000	42.000
12.220000	12.360000	56.000
12.220000	12.360000	44.000
12.410000	12.770000	58.000
12.410000	12.770000	46.000
12.620000	12.770000	56.000
12.620000	12.770000	44.000
12.820000	12.970000	66.000
12.820000	12.970000	42.000
13.020000	13.160000	41.000
13.300000	13.990000	46.000
13.300000	13.990000	39.000
13.300000	13.740000	75.000
13.450000	14.580000	70.000
13.450000	14.390000	63.000
13.450000	13.740000	27.000
13.450000	13.590000	66.000
13.850000	14.200000	27.000
13.850000	13.990000	68.000
13.850000	13.990000	65.000
14.040000	14.620000	75.000
14.040000	14.390000	39.000
14.040000	14.200000	46.000
14.250000	14.620000	46.000
14.250000	14.580000	66.000
14.670000	14.800000	51.000
14.670000	14.800000	49.000
14.670000	14.800000	46.000
14.850000	15.400000	42.000
14.850000	15.210000	49.000
15.070000	15.210000	58.000
15.260000	16.000000	49.000
15.450000	16.000000	42.000
15.660000	16.210000	30.000
15.660000	16.000000	61.000
15.870000	16.000000	66.000
16.050000	16.210000	49.000
16.050000	16.210000	42.000
16.260000	16.420000	74.000
16.260000	16.420000	42.000
16.470000	17.020000	46.000
16.470000	16.830000	39.000
16.470000	16.620000	42.000
16.670000	16.830000	66.000
16.880000	17.020000	66.000
17.070000	17.420000	70.000
17.070000	17.220000	65.000
17.070000	17.220000	39.000
17.270000	17.420000	46.000
17.470000	18.030000	63.000
17.470000	17.840000	66.000
17.470000	17.620000	70.000
17.470000	17.620000	27.000
17.670000	18.430000	46.000
17.670000	18.030000	51.000
17.890000	18.030000	75.000
17.890000	18.030000	66.000
17.890000	18.030000	39.000
18.080000	18.640000	34.000
18.080000	18.430000	65.000
18.080000	18.250000	74.000
18.080000	18.250000	51.000
18.300000	18.640000	74.000
18.480000	18.640000	38.000
18.690000	18.840000	39.000
18.890000	19.040000	81.000
18.890000	19.040000	77.000
18.890000	19.040000	41.000
19.090000	19.440000	42.000
19.090000	19.240000	78.000
19.290000	19.440000	56.000
19.290000	19.440000	44.000
19.490000	20.050000	58.000
19.490000	19.640000	65.000
19.490000	19.640000	46.000
19.690000	20.860000	51.000
19.690000	20.050000	82.000
19.690000	19.850000	46.000
19.900000	20.280000	39.000
20.100000	21.060000	63.000
20.100000	20.280000	70.000
20.100000	20.280000	27.000
20.330000	20.860000	46.000
20.330000	20.450000	53.000
20.330000	20.450000	39.000
20.500000	20.860000	82.000
20.500000	20.860000	39.000
20.710000	21.060000	70.000
20.710000	20.860000	66.000
20.710000	20.860000	34.000
20.910000	21.060000	51.000
20.910000	21.060000	46.000
21.110000	21.260000	77.000
21.110000	21.260000	51.000
21.110000	21.260000	46.000
21.110000	21.260000	39.000
21.310000	21.870000	42.000
21.520000	22.060000	61.000
21.520000	21.870000	70.000
21.520000	21.870000	66.000
21.520000	21.660000	30.000
21.710000	21.870000	56.000
22.000000	22.940000	42.000
22.000000	22.060000	68.000
22.110000	22.670000	61.000
22.110000	22.670000	30.000
22.110000	22.280000	46.000
22.330000	22.460000	70.000
22.330000	22.460000	66.000
22.510000	22.880000	70.000
22.720000	23.100000	30.000
22.720000	22.880000	77.000
22.720000	22.880000	74.000
22.990000	23.280000	39.000
22.990000	23.100000	34.000
23.330000	24.300000	58.000
23.330000	23.480000	66.000
23.330000	23.480000	27.000
23.530000	23.680000	53.000
23.530000	23.680000	46.000
23.530000	23.680000	39.000
23.730000	24.090000	70.000
23.950000	24.300000	66.000
23.950000	24.300000	46.000
23.950000	24.300000	39.000
24.140000	24.490000	51.000
24.140000	24.300000	54.000
24.350000	24.490000	75.000
24.350000	24.490000	66.000
24.350000	24.490000	39.000
24.540000	25.500000	62.000
24.540000	25.300000	53.000
24.540000	25.300000	46.000
24.540000	25.100000	33.000
24.540000	25.100000	30.000
25.150000	25.500000	34.000
25.150000	25.300000	70.000
25.150000	25.300000	65.000
25.350000	25.500000	46.000
25.350000	25.500000	38.000
25.550000	25.700000	75.000
25.550000	25.700000	39.000
25.750000	25.900000	77.000
25.750000	25.900000	41.000
25.950000	26.100000	56.000
25.950000	26.100000	44.000
26.150000	27.320000	70.000
26.150000	27.120000	74.000
26.150000	26.910000	65.000
26.150000	26.710000	72.000
26.150000	26.710000	34.000
26.150000	26.710000	30.000
26.760000	27.120000	53.000
26.760000	26.910000	82.000
26.760000	26.910000	46.000
26.960000	27.120000	46.000
26.960000	27.120000	38.000
27.170000	27.320000	75.000
27.170000	27.320000	39.000
27.370000	27.720000	41.000
27.370000	27.520000	77.000
27.570000	27.720000	56.000
27.570000	27.720000	44.000
27.770000	29.340000	46.000
27.770000	28.540000	77.000
27.770000	28.330000	82.000
27.770000	28.330000	34.000
28.380000	29.120000	34.000
28.590000	29.120000	82.000
29.170000	29.340000	34.000
29.390000	30.150000	46.000
29.390000	29.750000	30.000
29.800000	30.150000	44.000
29.800000	30.150000	39.000
29.800000	30.150000	37.000
29.800000	30.150000	34.000
29.800000	30.150000	30.000
30.200000	30.550000	42.000
30.200000	30.550000	36.000
30.200000	30.550000	34.000
30.200000	30.550000	30.000
30.600000	30.760000	58.000
30.710000	30.970000	29.000
31.020000	31.980000	46.000
31.020000	31.160000	82.000
31.210000	31.610000	39.000
31.440000	31.790000	75.000
31.660000	32.400000	39.000
31.660000	32.180000	51.000
31.660000	31.790000	77.000
31.840000	32.590000	75.000
31.840000	32.400000	58.000
31.840000	32.180000	27.000
32.030000	32.180000	78.000
32.030000	32.180000	63.000
32.230000	32.590000	46.000
32.230000	32.400000	51.000
32.450000	32.590000	51.000
32.640000	32.990000	49.000
32.640000	32.990000	42.000
32.850000	33.390000	61.000
32.850000	32.990000	30.000
33.040000	33.390000	49.000
33.040000	33.190000	42.000
33.240000	34.010000	54.000
33.240000	33.390000	56.000
33.240000	33.390000	42.000
33.440000	33.790000	49.000
33.440000	33.790000	42.000
33.650000	33.790000	70.000
33.650000	33.790000	66.000
33.650000	33.790000	37.000
33.650000	33.790000	30.000
33.840000	34.010000	42.000
34.060000	34.270000	49.000
34.060000	34.270000	42.000
34.320000	35.410000	58.000
34.320000	34.610000	51.000
34.460000	34.810000	27.000
34.460000	34.610000	66.000
34.460000	34.610000	63.000
34.660000	35.410000	51.000
34.660000	35.020000	46.000
34.860000	35.020000	39.000
35.070000	35.620000	39.000
35.070000	35.410000	46.000
35.260000	35.810000	63.000
35.260000	35.620000	34.000
35.260000	35.410000	70.000
35.260000	35.410000	27.000
35.460000	36.220000	46.000
35.460000	35.810000	51.000
35.460000	35.620000	54.000
35.670000	35.810000	66.000
35.670000	35.810000	39.000
35.860000	36.220000	74.000
35.860000	36.220000	70.000
35.860000	36.220000	65.000
35.860000	36.220000	39.000
35.860000	36.220000	34.000
36.270000	36.420000	46.000
36.270000	36.420000	38.000
36.470000	36.620000	75.000
36.470000	36.620000	39.000
36.670000	36.830000	81.000
36.670000	36.830000	41.000
36.880000	37.230000	42.000
37.080000	37.230000	44.000
37.280000	37.420000	58.000
37.280000	37.420000	46.000
37.470000	38.880000	75.000
37.470000	37.640000	46.000
37.690000	38.060000	82.000
37.690000	37.830000	51.000
37.880000	38.440000	51.000
37.880000	38.250000	46.000
37.880000	38.060000	39.000
38.110000	38.440000	39.000
38.110000	38.250000	68.000
38.300000	39.060000	63.000
38.300000	38.880000	70.000
38.300000	38.880000	27.000
38.490000	39.060000	51.000
38.490000	38.880000	39.000
38.490000	38.650000	46.000
38.700000	39.060000	46.000
38.930000	39.060000	39.000
39.110000	39.450000	49.000
39.110000	39.450000	42.000
39.310000	39.650000	30.000
39.500000	39.860000	49.000
39.500000	39.650000	54.000
39.700000	40.260000	61.000
39.700000	39.860000	68.000
39.700000	39.860000	30.000
39.910000	40.680000	49.000
39.910000	40.060000	42.000
40.110000	40.680000	42.000
40.110000	40.470000	58.000
40.310000	40.470000	61.000
40.310000	40.470000	30.000
40.520000	40.680000	77.000
40.520000	40.680000	30.000
40.730000	40.880000	51.000
40.930000	41.080000	66.000
40.930000	41.080000	34.000
40.930000	41.080000	27.000
41.130000	41.690000	46.000
41.130000	41.490000	39.000
41.130000	41.280000	66.000
41.330000	41.490000	58.000
41.330000	41.490000	53.000
41.330000	41.490000	27.000
41.540000	42.100000	51.000
41.540000	42.100000	39.000
41.740000	42.290000	66.000
41.930000	43.090000	58.000
41.930000	42.100000	27.000
42.150000	42.290000	51.000
42.150000	42.290000	39.000
42.340000	43.090000	53.000
42.340000	42.890000	74.000
42.340000	42.890000	34.000
42.340000	42.890000	30.000
42.940000	43.290000	34.000
42.940000	43.090000	70.000
42.940000	43.090000	65.000
43.140000	43.290000	46.000
43.140000	43.290000	38.000
43.340000	43.490000	75.000
43.340000	43.490000	39.000
43.540000	43.690000	77.000
43.540000	43.690000	41.000
43.740000	43.890000	63.000
43.740000	43.890000	56.000
43.740000	43.890000	44.000
43.940000	44.910000	74.000
43.940000	44.500000	82.000
43.940000	44.500000	70.000
43.940000	44.500000	65.000
43.940000	44.500000	34.000
43.940000	44.500000	30.000
44.550000	45.110000	70.000
44.550000	44.910000	34.000
44.550000	44.700000	65.000
44.750000	44.910000	46.000
44.750000	44.910000	38.000
44.960000	45.110000	75.000
44.960000	45.110000	39.000
45.160000	45.510000	41.000
45.160000	45.310000	77.000
45.360000	45.510000	56.000
45.360000	45.510000	44.000
45.560000	47.540000	58.000
45.560000	46.120000	62.000
45.560000	46.120000	53.000
45.780000	46.120000	82.000
45.780000	46.120000	34.000
45.780000	46.120000	30.000
46.250000	47.540000	53.000
46.250000	47.130000	46.000
46.380000	46.920000	82.000
46.380000	46.920000	39.000
46.380000	46.920000	34.000
46.380000	46.920000	30.000
46.970000	47.540000	34.000
47.180000	47.540000	46.000
47.180000	47.540000	38.000
47.180000	47.540000	30.000
47.590000	47.940000	80.000
47.590000	47.940000	44.000
47.990000	48.340000	81.000
47.990000	48.340000	77.000
47.990000	48.340000	41.000
48.390000	48.740000	79.000
48.390000	48.740000	75.000
48.390000	48.740000	70.000
48.390000	48.740000	39.000
48.790000	49.550000	62.000
48.790000	49.150000	69.000
48.790000	49.150000	38.000
49.200000	49.550000	70.000
49.200000	49.550000	46.000
49.200000	49.550000	34.000
49.600000	49.960000	68.000
49.600000	49.960000	63.000
49.600000	49.960000	32.000
50.010000	50.370000	65.000
50.010000	50.370000	48.000
50.010000	50.370000	41.000
50.420000	51.170000	46.000
50.420000	50.780000	51.000
50.650000	50.780000	39.000
50.650000	50.780000	34.000
50.830000	51.590000	51.000
50.830000	51.590000	39.000
51.010000	51.170000	34.000
51.420000	51.990000	46.000
51.420000	51.590000	27.000
51.640000	51.990000	39.000
51.840000	51.990000	58.000
51.840000	51.990000	51.000
51.840000	51.990000	27.000
52.120000	52.810000	27.000
52.120000	52.600000	39.000
52.240000	52.400000	34.000
52.450000	53.200000	51.000
52.650000	54.220000	46.000
52.650000	52.810000	55.000
52.650000	52.810000	39.000
52.650000	52.810000	34.000
52.860000	53.610000	39.000
53.030000	53.200000	34.000
53.030000	53.200000	27.000
53.250000	53.690000	27.000
53.450000	54.420000	51.000
53.660000	53.690000	39.000
53.740000	54.630000	39.000
53.740000	54.420000	27.000
53.870000	54.010000	34.000
54.270000	54.630000	46.000
54.270000	54.420000	34.000
54.680000	55.430000	46.000
54.680000	54.820000	39.000
54.680000	54.820000	34.000
54.870000	55.840000	27.000
54.870000	55.020000	58.000
55.480000	56.040000	46.000
55.480000	55.630000	39.000
55.680000	56.040000	39.000
55.890000	56.120000	27.000
55.890000	56.040000	34.000
56.170000	56.850000	27.000
56.170000	56.440000	51.000
56.300000	56.440000	34.000
56.690000	57.060000	39.000
57.110000	57.250000	66.000
57.110000	57.250000	39.000
57.110000	57.250000	34.000
57.300000	57.440000	51.000
57.490000	58.470000	51.000
57.490000	57.660000	82.000
57.490000	57.660000	34.000
57.490000	57.660000	27.000
57.710000	58.050000	70.000
57.920000	58.050000	66.000
57.920000	58.050000	34.000
58.100000	58.660000	66.000
58.100000	58.470000	46.000
58.100000	58.470000	39.000
58.320000	58.470000	34.000
58.320000	58.470000	27.000
58.520000	58.860000	46.000
58.520000	58.860000	39.000
58.710000	58.860000	51.000
58.710000	58.860000	34.000
58.710000	58.860000	27.000
58.910000	59.270000	46.000
58.910000	59.270000	39.000
58.910000	59.060000	82.000
58.910000	59.060000	75.000
59.110000	59.470000	70.000
59.110000	59.270000	65.000
59.110000	59.270000	34.000
59.110000	59.270000	27.000
59.320000	59.670000	75.000
59.320000	59.670000	46.000
59.320000	59.670000	39.000
59.320000	59.470000	82.000
59.520000	61.290000	58.000
59.520000	59.670000	27.000
59.720000	60.260000	73.000
59.720000	60.090000	46.000
59.720000	59.870000	39.000
59.920000	60.680000	39.000
59.920000	60.480000	51.000
59.920000	60.090000	34.000
60.140000	60.890000	46.000
60.310000	60.680000	66.000
60.310000	60.480000	34.000
60.310000	60.480000	27.000
60.530000	61.290000	51.000
60.730000	61.290000	66.000
60.730000	61.290000	39.000
60.730000	60.890000	75.000
60.730000	60.890000	27.000
61.140000	61.690000	27.000
61.340000	61.690000	68.000
61.340000	61.490000	77.000
61.540000	61.910000	39.000
61.540000	61.690000	34.000
61.740000	62.340000	66.000
61.740000	61.910000	27.000
61.960000	62.510000	61.000
62.150000	62.340000	65.000
62.390000	62.900000	27.000
62.390000	62.710000	65.000
62.390000	62.510000	66.000
62.560000	62.900000	70.000
62.760000	62.900000	51.000
62.950000	63.530000	73.000
62.950000	63.320000	46.000
62.950000	63.320000	39.000
62.950000	63.110000	77.000
63.160000	63.490000	65.000
63.160000	63.320000	34.000
63.370000	63.720000	46.000
63.370000	63.720000	39.000
63.580000	64.140000	27.000
63.580000	63.720000	65.000
63.580000	63.720000	34.000
63.770000	64.140000	75.000
63.770000	63.910000	66.000
63.960000	64.530000	66.000
63.960000	64.140000	70.000
63.960000	64.140000	34.000
64.190000	64.530000	39.000
64.190000	64.340000	75.000
64.190000	64.340000	46.000
64.390000	64.530000	34.000
64.390000	64.530000	27.000
64.580000	64.950000	46.000
64.580000	64.950000	39.000
64.580000	64.740000	77.000
64.790000	65.350000	65.000
64.790000	64.950000	51.000
64.790000	64.950000	34.000
65.000000	65.140000	46.000
65.190000	65.750000	46.000
65.190000	65.750000	27.000
65.400000	66.140000	51.000
65.580000	66.140000	70.000
65.580000	65.950000	66.000
65.580000	65.950000	39.000
65.580000	65.750000	34.000
65.800000	66.960000	46.000
66.000000	66.140000	65.000
66.000000	66.140000	39.000
66.000000	66.140000	34.000
66.190000	66.960000	65.000
66.190000	66.770000	68.000
66.190000	66.360000	27.000
66.410000	66.960000	27.000
66.410000	66.540000	34.000
66.820000	67.360000	58.000
67.010000	68.170000	39.000
67.010000	67.360000	46.000
67.010000	67.150000	66.000
67.200000	67.760000	66.000
67.200000	67.570000	70.000
67.200000	67.360000	34.000
67.200000	67.360000	27.000
67.410000	68.170000	27.000
67.410000	67.760000	58.000
67.620000	67.760000	70.000
67.620000	67.760000	34.000
67.810000	68.580000	58.000
67.810000	68.170000	65.000
67.810000	68.170000	56.000
68.020000	68.170000	37.000
68.220000	68.580000	54.000
68.220000	68.580000	46.000
68.220000	68.360000	39.000
68.410000	69.040000	39.000
68.410000	68.970000	27.000
68.630000	69.580000	73.000
68.630000	68.970000	53.000
68.830000	68.970000	65.000
68.830000	68.970000	34.000
69.090000	70.380000	46.000
69.090000	69.780000	39.000
69.230000	69.370000	63.000
69.230000	69.370000	34.000
69.230000	69.370000	27.000
69.420000	70.380000	58.000
69.420000	69.580000	65.000
69.630000	69.780000	65.000
69.630000	69.780000	34.000
69.830000	70.780000	74.000
69.830000	70.580000	70.000
69.830000	70.580000	65.000
69.830000	70.380000	34.000
70.430000	70.980000	58.000
70.430000	70.580000	46.000
70.630000	70.780000	53.000
70.630000	70.780000	46.000
70.630000	70.780000	38.000
70.830000	70.980000	75.000
70.830000	70.980000	39.000
71.030000	71.390000	41.000
71.030000	71.180000	65.000
71.230000	71.390000	68.000
71.230000	71.390000	56.000
71.230000	71.390000	44.000
71.440000	72.200000	65.000
71.440000	71.990000	58.000
71.440000	71.990000	34.000
72.040000	72.400000	58.000
72.040000	72.200000	53.000
72.250000	72.400000	74.000
72.250000	72.400000	38.000
72.450000	72.600000	39.000
72.650000	73.010000	65.000
72.650000	72.800000	41.000
72.850000	73.010000	68.000
72.850000	73.010000	56.000
72.850000	73.010000	44.000
73.060000	74.390000	74.000
73.060000	73.820000	65.000
73.060000	73.820000	58.000
73.060000	73.600000	34.000
73.060000	73.600000	30.000
73.650000	74.390000	53.000
73.650000	74.390000	46.000
73.870000	74.620000	65.000
73.870000	74.390000	58.000
73.870000	74.390000	30.000
74.440000	75.830000	58.000
74.440000	75.030000	53.000
74.670000	75.430000	70.000
74.670000	75.430000	65.000
74.670000	75.030000	34.000
74.670000	75.030000	30.000
75.080000	75.430000	63.000
75.080000	75.430000	46.000
75.080000	75.430000	37.000
75.080000	75.430000	32.000
75.480000	76.040000	65.000
75.480000	75.830000	42.000
75.480000	75.830000	30.000
75.480000	75.830000	26.000
75.980000	76.140000	58.000
75.980000	76.140000	41.000
76.090000	76.250000	29.000
76.300000	76.660000	51.000
76.500000	76.530000	46.000
76.580000	76.900000	46.000
76.580000	76.900000	39.000
76.710000	77.470000	63.000
76.710000	77.470000	58.000
76.710000	76.900000	27.000
76.950000	77.340000	39.000
76.950000	77.060000	46.000
77.110000	77.340000	75.000
77.310000	77.870000	51.000
77.390000	77.870000	46.000
77.390000	77.870000	39.000
77.390000	77.470000	66.000
77.520000	77.670000	63.000
77.520000	77.670000	58.000
77.520000	77.670000	27.000
77.720000	78.270000	61.000
77.720000	77.870000	68.000
77.720000	77.870000	27.000
77.920000	79.080000	54.000
77.920000	78.470000	49.000
78.120000	78.470000	42.000
78.320000	78.680000	61.000
78.320000	78.470000	30.000
78.520000	78.880000	49.000
78.520000	78.880000	42.000
78.730000	79.280000	61.000
78.730000	78.880000	30.000
78.930000	79.560000	58.000
78.930000	79.480000	49.000
78.930000	79.080000	42.000
79.130000	79.280000	62.000
79.130000	79.280000	30.000
79.330000	79.560000	30.000
79.610000	79.890000	51.000
79.610000	79.710000	58.000
79.760000	79.890000	39.000
79.940000	80.910000	46.000
79.940000	80.500000	51.000
79.940000	80.110000	28.000
80.160000	80.700000	39.000
80.160000	80.300000	53.000
80.550000	81.100000	51.000
80.750000	81.100000	66.000
80.960000	81.160000	70.000
80.960000	81.100000	63.000
80.960000	81.100000	27.000
81.210000	81.330000	34.000
81.380000	81.710000	46.000
81.550000	81.710000	38.000
81.550000	81.710000	34.000
81.760000	81.900000	39.000
81.950000	82.110000	77.000
81.950000	82.110000	41.000
82.160000	82.510000	42.000
82.160000	82.310000	73.000
82.360000	82.510000	75.000
82.360000	82.510000	44.000
82.560000	82.710000	58.000
82.560000	82.710000	46.000
82.850000	83.120000	39.000
82.850000	82.930000	46.000
82.980000	84.140000	63.000
82.980000	83.380000	70.000
82.980000	83.120000	27.000
83.170000	83.610000	51.000
83.170000	83.610000	46.000
83.170000	83.340000	82.000
83.170000	83.340000	66.000
83.170000	83.340000	39.000
83.430000	83.540000	27.000
83.590000	83.610000	39.000
83.660000	83.930000	51.000
83.660000	83.730000	46.000
83.780000	83.930000	27.000
83.980000	84.350000	51.000
83.980000	84.350000	46.000
83.980000	84.140000	68.000
84.190000	84.540000	61.000
84.190000	84.350000	68.000
84.190000	84.350000	39.000
84.400000	84.940000	54.000
84.400000	84.940000	49.000
84.590000	84.940000	66.000
84.590000	84.940000	61.000
84.590000	84.940000	30.000
84.990000	85.350000	49.000
85.060000	85.350000	30.000
85.200000	85.350000	61.000
85.400000	85.960000	42.000
85.400000	85.680000	49.000
85.790000	85.960000	53.000
85.790000	85.960000	30.000
86.010000	86.360000	46.000
86.010000	86.160000	42.000
86.210000	86.770000	27.000
86.210000	86.570000	66.000
86.210000	86.360000	58.000
86.410000	86.840000	51.000
86.620000	87.170000	39.000
86.620000	86.840000	46.000
86.620000	86.770000	62.000
86.890000	87.570000	51.000
86.890000	87.170000	58.000
86.890000	87.170000	54.000
87.020000	87.170000	66.000
87.020000	87.170000	27.000
87.220000	87.630000	66.000
87.220000	87.570000	39.000
87.220000	87.370000	70.000
87.420000	87.630000	27.000
87.420000	87.570000	63.000
87.420000	87.570000	58.000
87.680000	88.170000	62.000
87.680000	88.170000	46.000
87.870000	88.370000	65.000
87.870000	88.170000	34.000
88.220000	88.370000	70.000
88.220000	88.370000	46.000
88.220000	88.370000	37.000
88.420000	88.570000	46.000
88.420000	88.570000	38.000
88.620000	88.770000	51.000
88.820000	89.180000	41.000
88.820000	88.980000	77.000
89.030000	89.180000	56.000
89.030000	89.180000	44.000
89.230000	90.190000	74.000
89.230000	89.980000	70.000
89.230000	89.780000	53.000
89.230000	89.780000	39.000
89.230000	89.780000	34.000
89.230000	89.780000	30.000
89.830000	89.980000	58.000
89.830000	89.980000	53.000
89.830000	89.980000	46.000
90.030000	90.190000	62.000
90.030000	90.190000	50.000
90.030000	90.190000	38.000
90.240000	90.390000	75.000
90.240000	90.390000	51.000
90.240000	90.390000	39.000
90.440000	90.770000	53.000
90.440000	90.590000	77.000
90.440000	90.590000	41.000
90.640000	90.770000	56.000
90.640000	90.770000	44.000
90.820000	91.590000	70.000
90.820000	91.390000	82.000
90.820000	91.390000	53.000
90.820000	91.390000	34.000
91.440000	91.790000	58.000
91.440000	91.590000	82.000
91.640000	91.790000	86.000
91.640000	91.790000	62.000
91.840000	92.000000	87.000
91.840000	92.000000	63.000
91.840000	92.000000	44.000
92.050000	92.200000	89.000
92.050000	92.200000	65.000
92.250000	92.800000	68.000
92.250000	92.400000	92.000
92.450000	92.800000	70.000
92.850000	93.210000	89.000
93.260000	93.610000	89.000
93.260000	93.610000	87.000
93.660000	94.430000	86.000
94.070000	94.430000	70.000
94.480000	95.240000	80.000
94.480000	94.830000	68.000
94.880000	95.240000	77.000
94.880000	95.240000	65.000
95.290000	95.640000	75.000
95.290000	95.640000	63.000
95.690000	95.850000	74.000
95.690000	95.850000	70.000
95.900000	96.050000	70.000
96.100000	96.450000	68.000
96.100000	96.250000	56.000
96.300000	96.450000	65.000
96.500000	96.850000	63.000
96.500000	96.650000	68.000
96.500000	96.650000	65.000
96.700000	97.050000	65.000
96.900000	97.050000	82.000
96.900000	97.050000	63.000
97.100000	97.460000	65.000
97.100000	97.260000	63.000
97.100000	97.260000	62.000
97.310000	97.660000	58.000
97.510000	97.660000	62.000
97.710000	98.070000	58.000
97.710000	97.860000	63.000
97.710000	97.860000	62.000
97.910000	98.270000	62.000
97.910000	98.070000	56.000
98.120000	98.470000	58.000
98.320000	98.680000	65.000
98.320000	98.680000	53.000
98.320000	98.470000	62.000
98.520000	98.890000	51.000
98.520000	98.680000	84.000
98.520000	98.680000	63.000
98.520000	98.680000	62.000
98.730000	98.890000	65.000
98.730000	98.890000	62.000
98.730000	98.890000	53.000
98.730000	98.890000	39.000
98.940000	99.480000	46.000
98.940000	99.090000	51.000
99.140000	99.480000	39.000
99.530000	99.940000	46.000
99.530000	99.700000	51.000
99.750000	99.940000	27.000
99.750000	99.870000	34.000
99.920000	99.940000	51.000
99.990000	100.280000	46.000
99.990000	100.280000	39.000
99.990000	100.110000	51.000
100.160000	100.510000	27.000
100.330000	100.510000	51.000
100.330000	100.510000	46.000
100.330000	100.510000	39.000
100.740000	100.940000	39.000
100.740000	100.940000	34.000
100.990000	101.100000	27.000
101.150000	101.330000	51.000
101.380000	101.540000	39.000
101.380000	101.490000	34.000
101.590000	101.910000	39.000
101.590000	101.730000	51.000
101.590000	101.730000	46.000
101.960000	102.310000	39.000
101.960000	102.110000	51.000
101.960000	102.110000	46.000
102.160000	102.310000	27.000
102.540000	102.720000	27.000
102.770000	103.030000	39.000
102.770000	102.940000	51.000
103.200000	103.530000	39.000
103.200000	103.340000	46.000
103.580000	103.740000	51.000
103.580000	103.740000	39.000
103.580000	103.740000	27.000
103.790000	103.930000	46.000
103.980000	104.330000	39.000
103.980000	104.330000	27.000
104.380000	104.940000	51.000
104.380000	104.550000	46.000
104.600000	105.540000	39.000
104.600000	104.780000	27.000
104.830000	104.940000	27.000
105.220000	105.540000	51.000
105.220000	105.350000	27.000
105.590000	106.170000	51.000
105.590000	105.770000	46.000
105.590000	105.770000	39.000
105.820000	106.970000	66.000
105.820000	106.380000	73.000
106.010000	106.170000	46.000
106.010000	106.170000	39.000
106.220000	106.750000	51.000
106.220000	106.380000	39.000
106.430000	106.970000	27.000
106.430000	106.750000	39.000
106.630000	106.750000	68.000
106.800000	107.160000	46.000
106.800000	106.970000	68.000
107.020000	107.160000	68.000
107.020000	107.160000	51.000
107.210000	107.590000	46.000
107.210000	107.400000	51.000
107.210000	107.400000	39.000
107.450000	107.810000	27.000
107.450000	107.590000	68.000
107.860000	108.010000	27.000
108.060000	108.370000	27.000
108.060000	108.210000	66.000
108.260000	108.790000	65.000
108.460000	108.590000	46.000
108.460000	108.590000	39.000
108.640000	108.790000	51.000
108.640000	108.790000	46.000
108.840000	109.190000	47.000
108.840000	109.190000	27.000
108.840000	109.000000	39.000
109.050000	109.080000	66.000
109.130000	109.410000	65.000
109.130000	109.190000	66.000
109.240000	109.410000	46.000
109.240000	109.410000	39.000
109.460000	109.620000	51.000
109.670000	109.820000	51.000
109.670000	109.820000	46.000
109.870000	110.210000	66.000
109.870000	110.210000	63.000
109.870000	109.990000	27.000
110.040000	110.400000	39.000
110.040000	110.210000	78.000
110.040000	110.210000	42.000
110.040000	110.210000	27.000
110.260000	110.650000	66.000
110.510000	110.820000	27.000
110.510000	110.650000	47.000
110.700000	111.600000	65.000
110.870000	111.030000	51.000
110.870000	111.030000	46.000
111.080000	111.120000	34.000
111.170000	111.510000	51.000
111.260000	111.440000	46.000
111.260000	111.440000	39.000
111.560000	111.830000	27.000
111.690000	112.020000	39.000
111.690000	111.830000	46.000
111.880000	112.020000	66.000
112.070000	112.430000	39.000
112.070000	112.430000	27.000
112.070000	112.250000	66.000
112.070000	112.250000	30.000
112.300000	112.430000	65.000
112.480000	112.650000	65.000
112.480000	112.650000	58.000
112.480000	112.650000	27.000
112.780000	113.440000	46.000
112.780000	112.830000	51.000
112.880000	113.440000	51.000
113.100000	113.440000	70.000
113.100000	113.240000	27.000
113.290000	113.440000	39.000
113.290000	113.440000	27.000
113.490000	113.630000	66.000
113.680000	114.050000	27.000
113.680000	113.880000	66.000
113.680000	113.880000	36.000
113.930000	114.430000	65.000
114.100000	114.250000	46.000
114.100000	114.250000	39.000
114.540000	114.650000	39.000
114.540000	114.650000	27.000
114.700000	115.120000	73.000
114.700000	114.860000	77.000
114.910000	115.050000	46.000
114.910000	115.050000	39.000
115.170000	115.650000	51.000
115.170000	115.250000	58.000
115.300000	115.550000	39.000
115.600000	116.080000	66.000
115.600000	115.740000	68.000
115.790000	116.270000	51.000
115.790000	115.870000	46.000
116.130000	116.490000	66.000
116.130000	116.340000	39.000
116.130000	116.340000	27.000
116.320000	116.340000	51.000
116.390000	116.490000	68.000
116.390000	116.490000	46.000
116.540000	116.910000	51.000
116.540000	116.670000	46.000
116.960000	117.270000	78.000
116.960000	117.080000	51.000
116.960000	117.080000	39.000
117.130000	117.270000	68.000
117.320000	117.480000	73.000
117.530000	118.090000	63.000
117.530000	117.680000	27.000
117.730000	117.890000	58.000
117.730000	117.890000	27.000
117.940000	118.280000	73.000
117.940000	118.090000	68.000
117.940000	118.090000	65.000
118.140000	118.360000	39.000
118.140000	118.280000	46.000
118.520000	118.770000	51.000
118.520000	118.770000	39.000
118.520000	118.690000	46.000
118.740000	118.880000	27.000
118.740000	118.770000	66.000
118.820000	119.100000	68.000
118.930000	119.100000	61.000
118.930000	119.100000	39.000
119.150000	119.710000	51.000
119.150000	119.510000	39.000
119.370000	119.910000	78.000
119.370000	119.510000	63.000
119.370000	119.510000	27.000
119.560000	119.990000	66.000
119.560000	119.710000	63.000
119.760000	120.090000	61.000
119.760000	119.990000	39.000
120.040000	120.320000	39.000
120.040000	120.090000	46.000
120.140000	120.720000	63.000
120.140000	120.320000	27.000
120.370000	120.810000	70.000
120.370000	120.500000	66.000
120.370000	120.500000	49.000
120.370000	120.500000	39.000
120.550000	120.810000	39.000
120.550000	120.720000	82.000
120.550000	120.720000	46.000
120.770000	121.130000	51.000
120.860000	121.930000	58.000
120.960000	121.520000	46.000
120.960000	121.340000	82.000
120.960000	121.130000	39.000
121.180000	121.340000	77.000
121.180000	121.340000	51.000
121.390000	122.110000	51.000
121.390000	121.520000	39.000
121.570000	121.930000	66.000
121.570000	121.930000	27.000
121.770000	122.110000	39.000
121.980000	122.110000	82.000
122.250000	122.560000	46.000
122.250000	122.560000	39.000
122.380000	122.560000	66.000
122.610000	123.220000	66.000
122.610000	122.890000	39.000
122.610000	122.730000	46.000
123.010000	123.430000	63.000
123.010000	123.220000	27.000
123.170000	123.320000	39.000
123.270000	123.940000	58.000
123.370000	123.530000	51.000
123.480000	123.940000	46.000
123.580000	124.020000	51.000
123.580000	123.940000	39.000
123.770000	124.020000	27.000
123.990000	124.020000	39.000
124.070000	124.350000	58.000
124.070000	124.350000	51.000
124.180000	124.350000	46.000
124.180000	124.350000	39.000
124.400000	124.750000	51.000
124.400000	124.570000	82.000
124.400000	124.570000	77.000
124.620000	124.750000	39.000
124.620000	124.750000	27.000
124.800000	125.570000	58.000
124.800000	125.570000	53.000
124.800000	125.570000	22.000
124.800000	125.360000	62.000
125.410000	125.570000	46.000
125.620000	125.770000	62.000
125.620000	125.770000	38.000
125.820000	126.390000	51.000
125.820000	125.970000	67.000
126.020000	126.320000	41.000
126.220000	126.390000	56.000
126.220000	126.320000	44.000
126.370000	126.390000	44.000
126.440000	126.970000	58.000
126.440000	126.970000	46.000
126.440000	126.970000	34.000
126.440000	126.970000	30.000
127.020000	127.580000	58.000
127.230000	127.380000	62.000
127.230000	127.380000	50.000
127.230000	127.380000	38.000
127.430000	127.580000	63.000
127.430000	127.580000	51.000
127.630000	129.390000	53.000
127.630000	127.980000	65.000
127.630000	127.780000	41.000
127.830000	127.980000	68.000
127.830000	127.980000	56.000
127.830000	127.980000	44.000
128.030000	128.810000	46.000
128.030000	128.590000	65.000
128.030000	128.590000	34.000
128.030000	128.590000	30.000
128.640000	129.610000	65.000
128.640000	129.390000	34.000
128.860000	129.390000	46.000
128.860000	129.390000	30.000
129.440000	130.020000	46.000
129.660000	130.020000	65.000
129.660000	130.020000	39.000
129.660000	130.020000	34.000
129.660000	130.020000	30.000
130.070000	130.420000	46.000
130.070000	130.420000	39.000
130.070000	130.420000	37.000
130.070000	130.420000	32.000
130.070000	130.420000	30.000
130.470000	130.820000	61.000
130.470000	130.820000	30.000
131.070000	131.120000	29.000
131.170000	131.230000	48.000
131.170000	131.230000	41.000
131.280000	132.450000	51.000
131.280000	131.420000	46.000
131.470000	131.860000	63.000
131.470000	131.860000	27.000
131.470000	131.640000	58.000
131.690000	131.860000	78.000
131.690000	131.860000	40.000
131.690000	131.860000	39.000
131.910000	132.450000	46.000
131.910000	132.240000	39.000
131.910000	132.050000	68.000
131.910000	132.050000	53.000
132.100000	133.010000	58.000
132.100000	132.660000	63.000
132.100000	132.450000	27.000
132.290000	132.450000	39.000
132.290000	132.450000	34.000
132.500000	132.850000	46.000
132.500000	132.660000	51.000
132.790000	132.850000	27.000
132.900000	133.850000	49.000
133.140000	133.450000	30.000
133.140000	133.250000	61.000
133.500000	134.060000	61.000
133.500000	133.640000	30.000
133.900000	134.250000	54.000
133.970000	134.460000	49.000
133.970000	134.460000	42.000
134.110000	134.250000	61.000
134.110000	134.250000	30.000
134.300000	134.460000	65.000
134.300000	134.460000	61.000
134.300000	134.460000	30.000
134.510000	135.070000	39.000
134.510000	134.670000	46.000
134.720000	135.070000	51.000
134.930000	135.070000	34.000
135.120000	135.670000	51.000
135.120000	135.340000	46.000
135.120000	135.280000	62.000
135.390000	135.670000	46.000
135.390000	135.670000	39.000
135.520000	135.670000	66.000
135.720000	136.080000	66.000
135.720000	136.080000	51.000
135.920000	136.080000	75.000
135.920000	136.080000	27.000
136.130000	136.690000	34.000
136.130000	136.300000	70.000
136.350000	136.490000	65.000
136.350000	136.490000	30.000
136.540000	136.690000	38.000
136.740000	136.890000	39.000
136.940000	137.090000	41.000
137.140000	137.490000	42.000
137.340000	137.490000	44.000
137.540000	139.320000	58.000
137.540000	137.690000	46.000
137.860000	138.100000	51.000
137.960000	138.170000	70.000
137.960000	138.100000	39.000
138.220000	138.570000	46.000
138.220000	138.310000	39.000
138.360000	138.520000	68.000
138.360000	138.520000	39.000
138.620000	139.120000	39.000
138.620000	138.750000	75.000
138.800000	139.120000	66.000
138.800000	139.120000	46.000
139.170000	139.920000	61.000
139.170000	139.320000	46.000
139.170000	139.320000	39.000
139.370000	139.720000	49.000
139.370000	139.720000	42.000
139.770000	139.920000	58.000
139.970000	140.120000	49.000
140.050000	140.170000	42.000
140.220000	140.920000	49.000
140.220000	140.920000	42.000
140.380000	140.710000	66.000
140.380000	140.710000	61.000
140.380000	140.710000	30.000
140.760000	140.920000	30.000
140.970000	141.330000	39.000
140.970000	141.130000	46.000
140.970000	141.130000	42.000
141.180000	141.470000	63.000
141.180000	141.470000	27.000
141.180000	141.330000	66.000
141.380000	141.530000	66.000
141.580000	141.750000	62.000
141.580000	141.750000	53.000
141.580000	141.750000	39.000
141.870000	142.350000	46.000
141.990000	142.350000	27.000
141.990000	142.150000	34.000
142.200000	142.550000	66.000
142.200000	142.350000	58.000
142.400000	143.250000	58.000
142.400000	142.550000	63.000
142.400000	142.550000	27.000
142.600000	143.250000	46.000
142.600000	142.820000	77.000
142.600000	142.820000	54.000
142.870000	143.250000	78.000
142.870000	143.250000	68.000
142.870000	143.250000	66.000
143.300000	143.450000	75.000
143.300000	143.350000	77.000
143.400000	143.760000	63.000
143.400000	143.550000	78.000
143.500000	143.550000	77.000
143.600000	143.650000	77.000
143.600000	143.650000	75.000
143.600000	143.650000	65.000
143.700000	143.850000	74.000
143.810000	143.850000	62.000
143.900000	144.060000	77.000
143.900000	143.960000	75.000
144.010000	144.150000	74.000
144.110000	144.150000	62.000
144.200000	144.760000	34.000
144.200000	144.560000	77.000
144.200000	144.560000	70.000
144.610000	144.660000	77.000
144.610000	144.660000	65.000
144.710000	144.860000	68.000
144.910000	145.170000	75.000
144.910000	145.170000	63.000
144.910000	145.070000	78.000
144.910000	145.070000	77.000
145.120000	145.170000	77.000
145.120000	145.170000	66.000
145.220000	145.270000	77.000
145.220000	145.270000	75.000
145.220000	145.270000	65.000
145.320000	145.470000	74.000
145.420000	145.470000	62.000
145.520000	145.670000	65.000
145.520000	145.570000	77.000
145.520000	145.570000	75.000
145.620000	145.770000	74.000
145.720000	146.170000	70.000
145.820000	146.380000	34.000
145.820000	146.170000	65.000
146.220000	146.280000	77.000
146.220000	146.280000	68.000
146.220000	146.280000	65.000
146.330000	146.480000	68.000
146.530000	146.580000	77.000
146.530000	146.580000	75.000
146.630000	147.190000	34.000
146.630000	146.980000	70.000
147.030000	147.080000	77.000
147.030000	147.080000	65.000
147.130000	147.290000	68.000
147.240000	147.390000	77.000
147.240000	147.290000	66.000
147.340000	147.390000	75.000
147.340000	147.390000	65.000
147.440000	148.000000	65.000
147.440000	147.800000	70.000
147.440000	147.800000	68.000
147.440000	147.800000	66.000
147.440000	147.800000	34.000
147.440000	147.800000	30.000
147.850000	148.210000	44.000
148.050000	148.420000	66.000
148.050000	148.210000	68.000
148.050000	148.210000	32.000
148.260000	148.610000	42.000
148.470000	148.610000	44.000
148.860000	149.010000	29.000
149.060000	149.420000	51.000
149.220000	149.420000	39.000
149.220000	149.240000	46.000
149.290000	149.610000	63.000
149.290000	149.420000	58.000
149.290000	149.420000	27.000
149.470000	149.830000	51.000
149.470000	149.610000	58.000
149.780000	149.830000	27.000
149.880000	150.630000	46.000
149.880000	150.420000	75.000
149.880000	150.230000	39.000
150.280000	150.630000	51.000
150.470000	151.040000	58.000
150.470000	150.630000	27.000
150.680000	151.840000	54.000
150.680000	151.040000	49.000
150.680000	150.850000	46.000
150.900000	151.040000	30.000
151.090000	151.650000	68.000
151.090000	151.240000	42.000
151.290000	151.840000	49.000
151.290000	151.840000	42.000
151.700000	152.250000	73.000
151.700000	152.050000	66.000
151.700000	151.840000	30.000
151.990000	152.050000	30.000
152.100000	152.330000	68.000
152.100000	152.250000	61.000
152.100000	152.250000	30.000
152.380000	153.550000	51.000
152.380000	152.870000	46.000
152.380000	152.870000	39.000
152.380000	152.650000	82.000
152.380000	152.650000	42.000
152.700000	152.870000	27.000
152.920000	153.070000	46.000
152.920000	153.070000	39.000
153.180000	153.320000	46.000
153.180000	153.320000	39.000
153.370000	153.550000	46.000
153.370000	153.550000	39.000
153.600000	153.670000	51.000
153.600000	153.670000	46.000
153.810000	153.950000	46.000
154.000000	154.270000	49.000
154.000000	154.270000	42.000
154.110000	154.670000	61.000
154.110000	154.470000	70.000
154.110000	154.270000	66.000
154.110000	154.270000	30.000
154.320000	154.670000	49.000
154.320000	154.470000	54.000
154.520000	154.570000	54.000
154.620000	154.750000	30.000
154.720000	155.070000	49.000
154.800000	155.280000	54.000
154.950000	155.480000	61.000
154.950000	155.280000	30.000
154.950000	155.070000	31.000
155.120000	155.540000	49.000
155.120000	155.480000	42.000
155.330000	155.480000	30.000
155.590000	155.890000	51.000
155.590000	155.690000	54.000
155.590000	155.690000	46.000
155.740000	156.050000	70.000
155.740000	156.050000	66.000
155.740000	155.890000	75.000
155.740000	155.890000	27.000
155.940000	156.490000	58.000
155.940000	156.050000	51.000
156.100000	156.700000	75.000
156.100000	156.490000	46.000
156.100000	156.300000	39.000
156.350000	156.880000	39.000
156.750000	157.110000	46.000
156.750000	156.880000	75.000
156.970000	158.720000	61.000
156.970000	157.110000	65.000
156.970000	157.110000	27.000
157.160000	157.710000	42.000
157.160000	157.500000	49.000
157.370000	157.500000	58.000
157.550000	158.310000	49.000
157.830000	157.920000	42.000
157.970000	158.500000	42.000
158.170000	158.310000	58.000
158.360000	158.720000	49.000
158.550000	158.920000	54.000
158.550000	158.720000	42.000
158.770000	158.920000	51.000
158.770000	158.920000	46.000
159.020000	159.130000	27.000
159.180000	159.540000	29.000
159.180000	159.340000	80.000
159.180000	159.340000	51.000
159.590000	160.340000	49.000
159.590000	159.940000	54.000
159.800000	159.940000	66.000
159.800000	159.940000	61.000
159.800000	159.940000	30.000
159.990000	160.340000	37.000
159.990000	160.230000	44.000
160.200000	160.420000	25.000
160.280000	160.340000	56.000
160.470000	160.750000	58.000
160.580000	160.810000	27.000
160.860000	161.240000	29.000
160.860000	161.160000	80.000
160.860000	161.160000	75.000
160.860000	161.160000	65.000
161.290000	161.660000	66.000
161.290000	161.660000	61.000
161.290000	161.660000	30.000
161.290000	161.550000	70.000
161.710000	162.020000	25.000
161.710000	161.950000	68.000
161.710000	161.830000	73.000
162.070000	162.150000	58.000
162.070000	162.150000	51.000
162.200000	162.370000	41.000
162.200000	162.370000	34.000
162.420000	162.770000	49.000
162.420000	162.650000	42.000
162.700000	162.770000	37.000
162.820000	163.040000	46.000
162.820000	162.960000	82.000
162.820000	162.960000	51.000
163.090000	163.170000	41.000
163.220000	163.580000	73.000
163.220000	163.470000	42.000
163.420000	163.470000	30.000
163.520000	163.580000	37.000
163.630000	163.780000	44.000
164.020000	164.280000	49.000
164.020000	164.280000	42.000
164.330000	164.370000	56.000
164.420000	165.180000	73.000
164.420000	164.590000	51.000
164.420000	164.590000	37.000
164.640000	164.670000	39.000
164.840000	165.180000	42.000
165.020000	165.180000	85.000
165.020000	165.180000	49.000
165.310000	165.600000	46.000
165.310000	165.600000	39.000
165.450000	166.400000	58.000
165.450000	166.070000	27.000
165.650000	166.250000	39.000
165.650000	165.790000	46.000
165.840000	166.070000	46.000
166.120000	166.600000	46.000
166.300000	166.400000	34.000
166.450000	166.800000	58.000
166.450000	166.600000	27.000
166.650000	166.860000	39.000
166.950000	167.420000	58.000
166.950000	167.210000	27.000
167.260000	167.620000	51.000
167.260000	167.620000	46.000
167.260000	167.420000	55.000
167.470000	168.300000	58.000
167.470000	167.810000	63.000
167.470000	167.620000	27.000
167.670000	167.870000	51.000
167.750000	167.870000	46.000
167.750000	167.870000	39.000
167.920000	168.300000	46.000
167.920000	168.010000	39.000
168.060000	168.210000	51.000
168.350000	168.420000	56.000
168.470000	169.030000	39.000
168.470000	168.720000	46.000
168.770000	169.530000	70.000
168.870000	169.430000	46.000
169.080000	169.230000	39.000
169.280000	169.530000	39.000
169.280000	169.430000	55.000
169.480000	169.900000	58.000
169.480000	169.630000	51.000
169.580000	169.900000	46.000
169.580000	169.630000	39.000
169.680000	169.900000	51.000
169.880000	169.900000	39.000
169.950000	171.100000	58.000
170.090000	170.670000	39.000
170.090000	170.240000	46.000
170.290000	170.670000	46.000
170.720000	170.850000	46.000
170.720000	170.850000	39.000
170.900000	171.670000	51.000
170.900000	171.240000	46.000
171.150000	171.450000	58.000
171.150000	171.450000	27.000
171.290000	171.450000	46.000
171.290000	171.450000	39.000
171.500000	171.670000	44.000
171.500000	171.670000	39.000
171.720000	172.060000	75.000
171.720000	172.060000	55.000
171.720000	172.060000	34.000
172.110000	172.370000	85.000
172.110000	172.260000	83.000
172.310000	173.070000	70.000
172.420000	172.780000	75.000
172.420000	172.460000	68.000
172.510000	173.070000	58.000
172.510000	172.780000	63.000
172.510000	172.780000	27.000
173.010000	173.070000	75.000
173.120000	173.180000	85.000
173.120000	173.180000	66.000
173.310000	173.570000	34.000
173.310000	173.570000	27.000
173.620000	173.800000	66.000
173.620000	173.800000	58.000
173.850000	173.980000	77.000
173.930000	174.060000	75.000
174.030000	174.490000	73.000
174.110000	174.590000	75.000
174.110000	174.590000	27.000
174.110000	174.490000	61.000
174.110000	174.490000	34.000
174.640000	174.800000	73.000
174.640000	174.710000	75.000
174.640000	174.710000	68.000
174.760000	174.880000	71.000
174.760000	174.800000	66.000
174.930000	175.280000	27.000
174.930000	175.200000	73.000
174.930000	175.200000	58.000
175.330000	175.430000	68.000
175.550000	175.780000	68.000
175.660000	175.780000	61.000
175.660000	175.700000	66.000
175.750000	175.780000	54.000
175.950000	176.200000	66.000
175.950000	176.200000	65.000
175.950000	176.200000	44.000
175.950000	176.200000	34.000
175.950000	176.200000	27.000
176.250000	176.420000	68.000
176.250000	176.330000	66.000
176.470000	176.500000	65.000
176.550000	176.600000	63.000
176.650000	177.000000	27.000
176.650000	176.920000	66.000
176.650000	176.920000	63.000
176.650000	176.920000	58.000
177.050000	177.210000	65.000
177.050000	177.210000	56.000
177.260000	177.330000	61.000
177.380000	177.530000	39.000
177.580000	177.720000	59.000
177.580000	177.720000	49.000
177.580000	177.720000	27.000
177.770000	177.800000	39.000
177.990000	185.970000	58.000
178.180000	185.970000	34.000
178.180000	181.370000	78.000
178.180000	181.370000	63.000
178.180000	181.370000	42.000
178.180000	181.370000	27.000
181.420000	185.970000	82.000
181.420000	185.970000	75.000
181.420000	185.970000	66.000
181.420000	185.970000	64.000
181.420000	185.970000	53.000
181.420000	185.970000	48.000
181.420000	185.970000	45.000
181.420000	185.970000	39.000
181.420000	185.970000	32.000
