0.359909	0.359909	0.360
0.719819	0.719819	0.720
0.882358	0.882358	0.882
1.265488	1.265488	1.265
1.439637	1.439637	1.440
1.950476	1.950476	1.950
2.298776	2.298776	2.299
2.519365	2.519365	2.519
2.867664	2.867664	2.868
3.041814	3.041814	3.042
3.413333	3.413333	3.413
3.599093	3.599093	3.599
3.970612	3.970612	3.971
4.109932	4.109932	4.110
4.690431	4.690431	4.690
5.015510	5.015510	5.016
5.201270	5.201270	5.201
5.758549	5.758549	5.759
6.280998	6.280998	6.281
6.640907	6.640907	6.641
6.698957	6.698957	6.699
6.826667	6.826667	6.827
7.209796	7.209796	7.210
7.360726	7.360726	7.361
7.918005	7.918005	7.918
8.312744	8.312744	8.313
8.440454	8.440454	8.440
8.951293	8.951293	8.951
9.009342	9.009342	9.009
9.137052	9.137052	9.137
9.299592	9.299592	9.300
9.450522	9.450522	9.451
9.531791	9.531791	9.532
9.868481	9.868481	9.868
10.100680	10.100680	10.101
10.216780	10.216780	10.217
10.332880	10.332880	10.333
10.599909	10.599909	10.600
10.727619	10.727619	10.728
10.785669	10.785669	10.786
10.878549	10.878549	10.879
10.971429	10.971429	10.971
11.145578	11.145578	11.146
11.319728	11.319728	11.320
11.400998	11.400998	11.401
11.505488	11.505488	11.505
11.691247	11.691247	11.691
11.935057	11.935057	11.935
12.248526	12.248526	12.249
12.480726	12.480726	12.481
12.770975	12.770975	12.771
13.258594	13.258594	13.259
13.339864	13.339864	13.340
13.479184	13.479184	13.479
13.688163	13.688163	13.688
13.792653	13.792653	13.793
13.920363	13.920363	13.920
13.978413	13.978413	13.978
14.222222	14.222222	14.222
14.512472	14.512472	14.512
14.802721	14.802721	14.803
14.918821	14.918821	14.919
15.092971	15.092971	15.093
15.325170	15.325170	15.325
15.406440	15.406440	15.406
15.476100	15.476100	15.476
16.010159	16.010159	16.010
16.091429	16.091429	16.091
16.288798	16.288798	16.289
16.579048	16.579048	16.579
16.695147	16.695147	16.695
17.089887	17.089887	17.090
17.449796	17.449796	17.450
17.542676	17.542676	17.543
17.681995	17.681995	17.682
18.169615	18.169615	18.170
18.401814	18.401814	18.402
18.483084	18.483084	18.483
18.587574	18.587574	18.588
18.726893	18.726893	18.727
18.831383	18.831383	18.831
19.028753	19.028753	19.029
19.249342	19.249342	19.249
19.586032	19.586032	19.586
19.806621	19.806621	19.807
20.294240	20.294240	20.294
20.433560	20.433560	20.434
20.619320	20.619320	20.619
20.886349	20.886349	20.886
21.025669	21.025669	21.026
21.072109	21.072109	21.072
21.211429	21.211429	21.211
21.420408	21.420408	21.420
21.490068	21.490068	21.490
21.664218	21.664218	21.664
21.803537	21.803537	21.804
21.977687	21.977687	21.978
22.082177	22.082177	22.082
22.267937	22.267937	22.268
22.395646	22.395646	22.396
22.906485	22.906485	22.906
23.057415	23.057415	23.057
23.127075	23.127075	23.127
23.370884	23.370884	23.371
23.579864	23.579864	23.580
23.719184	23.719184	23.719
23.823673	23.823673	23.824
24.009433	24.009433	24.009
24.125533	24.125533	24.126
24.601542	24.601542	24.602
24.671202	24.671202	24.671
24.752472	24.752472	24.752
25.042721	25.042721	25.043
25.263311	25.263311	25.263
25.541950	25.541950	25.542
25.890249	25.890249	25.890
26.099229	26.099229	26.099
26.343039	26.343039	26.343
26.447528	26.447528	26.448
26.528798	26.528798	26.529
26.656508	26.656508	26.657
26.784218	26.784218	26.784
26.900317	26.900317	26.900
27.190567	27.190567	27.191
27.445986	27.445986	27.446
27.759456	27.759456	27.759
27.887166	27.887166	27.887
27.991655	27.991655	27.992
28.281905	28.281905	28.282
28.456054	28.456054	28.456
28.606984	28.606984	28.607
28.781134	28.781134	28.781
29.001723	29.001723	29.002
29.559002	29.559002	29.559
29.709932	29.709932	29.710
29.849252	29.849252	29.849
30.058231	30.058231	30.058
30.290431	30.290431	30.290
30.452971	30.452971	30.453
30.673560	30.673560	30.674
30.789660	30.789660	30.790
30.940590	30.940590	30.941
31.149569	31.149569	31.150
31.335329	31.335329	31.335
31.439819	31.439819	31.440
31.509478	31.509478	31.509
31.706848	31.706848	31.707
31.857778	31.857778	31.858
32.124807	32.124807	32.125
32.229297	32.229297	32.229
32.426667	32.426667	32.427
32.473107	32.473107	32.473
32.612426	32.612426	32.612
32.774966	32.774966	32.775
33.053605	33.053605	33.054
33.297415	33.297415	33.297
33.866304	33.866304	33.866
33.912744	33.912744	33.913
34.191383	34.191383	34.191
34.400363	34.400363	34.400
34.737052	34.737052	34.737
34.957642	34.957642	34.958
35.073741	35.073741	35.074
35.189841	35.189841	35.190
35.468481	35.468481	35.468
35.607800	35.607800	35.608
35.840000	35.840000	35.840
36.037370	36.037370	36.037
36.118639	36.118639	36.119
36.397279	36.397279	36.397
36.548209	36.548209	36.548
36.699138	36.699138	36.699
36.908118	36.908118	36.908
37.012608	37.012608	37.013
37.117098	37.117098	37.117
37.291247	37.291247	37.291
37.465397	37.465397	37.465
37.639546	37.639546	37.640
37.894966	37.894966	37.895
38.045896	38.045896	38.046
38.196825	38.196825	38.197
38.487075	38.487075	38.487
38.730884	38.730884	38.731
38.835374	38.835374	38.835
39.102404	39.102404	39.102
39.334603	39.334603	39.335
39.659683	39.659683	39.660
39.799002	39.799002	39.799
39.880272	39.880272	39.880
40.054422	40.054422	40.054
40.112472	40.112472	40.112
40.367891	40.367891	40.368
40.483991	40.483991	40.484
40.716190	40.716190	40.716
40.960000	40.960000	40.960
41.064490	41.064490	41.064
41.227029	41.227029	41.227
41.331519	41.331519	41.332
41.424399	41.424399	41.424
41.703039	41.703039	41.703
41.970068	41.970068	41.970
42.086168	42.086168	42.086
42.248707	42.248707	42.249
42.480907	42.480907	42.481
42.864036	42.864036	42.864
43.049796	43.049796	43.050
43.247166	43.247166	43.247
43.444535	43.444535	43.445
43.688345	43.688345	43.688
43.862494	43.862494	43.862
43.978594	43.978594	43.979
44.106304	44.106304	44.106
44.234014	44.234014	44.234
44.350113	44.350113	44.350
44.582313	44.582313	44.582
44.721633	44.721633	44.722
44.802902	44.802902	44.803
45.069932	45.069932	45.070
45.209252	45.209252	45.209
45.371791	45.371791	45.372
45.754921	45.754921	45.755
45.859410	45.859410	45.859
46.021950	46.021950	46.022
46.288980	46.288980	46.289
46.660499	46.660499	46.660
46.846259	46.846259	46.846
47.159728	47.159728	47.160
47.357098	47.357098	47.357
47.705397	47.705397	47.705
47.914376	47.914376	47.914
48.193016	48.193016	48.193
48.425215	48.425215	48.425
48.622585	48.622585	48.623
48.750295	48.750295	48.750
49.005714	49.005714	49.006
49.145034	49.145034	49.145
49.249524	49.249524	49.250
49.354014	49.354014	49.354
49.516553	49.516553	49.517
49.795193	49.795193	49.795
49.946122	49.946122	49.946
50.085442	50.085442	50.085
50.201542	50.201542	50.202
50.282812	50.282812	50.283
50.607891	50.607891	50.608
51.025850	51.025850	51.026
51.176780	51.176780	51.177
51.687619	51.687619	51.688
52.152018	52.152018	52.152
52.244898	52.244898	52.245
52.349388	52.349388	52.349
52.535147	52.535147	52.535
52.767347	52.767347	52.767
52.871837	52.871837	52.872
53.173696	53.173696	53.174
53.371066	53.371066	53.371
53.487166	53.487166	53.487
53.742585	53.742585	53.743
54.032834	54.032834	54.033
54.230204	54.230204	54.230
54.415964	54.415964	54.416
54.741043	54.741043	54.741
54.938413	54.938413	54.938
55.077732	55.077732	55.078
55.484082	55.484082	55.484
55.611791	55.611791	55.612
55.739501	55.739501	55.740
55.890431	55.890431	55.890
56.018141	56.018141	56.018
56.261950	56.261950	56.262
56.378050	56.378050	56.378
56.436100	56.436100	56.436
56.610249	56.610249	56.610
56.888889	56.888889	56.889
57.028209	57.028209	57.028
57.225578	57.225578	57.226
57.353288	57.353288	57.353
57.562268	57.562268	57.562
57.643537	57.643537	57.644
57.713197	57.713197	57.713
57.887347	57.887347	57.887
58.015057	58.015057	58.015
58.177596	58.177596	58.178
58.386576	58.386576	58.387
58.514286	58.514286	58.514
58.711655	58.711655	58.712
58.943855	58.943855	58.944
59.257324	59.257324	59.257
59.535964	59.535964	59.536
59.802993	59.802993	59.803
59.919093	59.919093	59.919
60.104853	60.104853	60.105
60.220952	60.220952	60.221
60.348662	60.348662	60.349
60.569252	60.569252	60.569
60.696961	60.696961	60.697
60.894331	60.894331	60.894
60.963991	60.963991	60.964
61.045261	61.045261	61.045
61.358730	61.358730	61.359
61.416780	61.416780	61.417
61.498050	61.498050	61.498
61.741859	61.741859	61.742
61.834739	61.834739	61.835
61.974059	61.974059	61.974
62.078549	62.078549	62.079
62.252698	62.252698	62.253
62.368798	62.368798	62.369
62.508118	62.508118	62.508
62.566168	62.566168	62.566
62.717098	62.717098	62.717
62.833197	62.833197	62.833
62.995737	62.995737	62.996
63.239546	63.239546	63.240
63.564626	63.564626	63.565
63.645896	63.645896	63.646
63.796825	63.796825	63.797
63.878095	63.878095	63.878
64.017415	64.017415	64.017
64.145125	64.145125	64.145
64.644354	64.644354	64.644
65.050703	65.050703	65.051
65.282902	65.282902	65.283
65.480272	65.480272	65.480
65.607982	65.607982	65.608
65.747302	65.747302	65.747
65.921451	65.921451	65.921
66.118821	66.118821	66.119
66.292971	66.292971	66.293
66.710930	66.710930	66.711
66.827029	66.827029	66.827
66.919909	66.919909	66.920
66.977959	66.977959	66.978
67.163719	67.163719	67.164
67.279819	67.279819	67.280
67.395918	67.395918	67.396
67.604898	67.604898	67.605
67.779048	67.779048	67.779
67.883537	67.883537	67.884
67.999637	67.999637	68.000
68.104127	68.104127	68.104
68.197007	68.197007	68.197
68.440816	68.440816	68.441
68.649796	68.649796	68.650
68.823946	68.823946	68.824
68.986485	68.986485	68.986
69.172245	69.172245	69.172
69.416054	69.416054	69.416
69.636644	69.636644	69.637
69.938503	69.938503	69.939
69.996553	69.996553	69.997
70.066213	70.066213	70.066
70.170703	70.170703	70.171
70.321633	70.321633	70.322
70.426122	70.426122	70.426
70.681542	70.681542	70.682
70.751202	70.751202	70.751
70.902132	70.902132	70.902
71.169161	71.169161	71.169
71.250431	71.250431	71.250
71.505850	71.505850	71.506
71.610340	71.610340	71.610
71.726440	71.726440	71.726
71.842540	71.842540	71.843
72.237279	72.237279	72.237
72.562358	72.562358	72.562
72.875828	72.875828	72.876
72.945488	72.945488	72.945
73.049977	73.049977	73.050
73.166077	73.166077	73.166
73.340227	73.340227	73.340
73.398277	73.398277	73.398
73.595646	73.595646	73.596
73.665306	73.665306	73.665
73.781406	73.781406	73.781
73.874286	73.874286	73.874
74.048435	74.048435	74.048
74.187755	74.187755	74.188
74.385125	74.385125	74.385
74.768254	74.768254	74.768
74.954014	74.954014	74.954
75.000454	75.000454	75.000
75.139773	75.139773	75.140
75.313923	75.313923	75.314
75.464853	75.464853	75.465
75.708662	75.708662	75.709
75.766712	75.766712	75.767
75.917642	75.917642	75.918
76.033741	76.033741	76.034
76.567800	76.567800	76.568
77.101859	77.101859	77.102
77.647528	77.647528	77.648
78.193197	78.193197	78.193
78.529887	78.529887	78.530
78.715646	78.715646	78.716
79.272925	79.272925	79.273
79.598005	79.598005	79.598
79.795374	79.795374	79.795
80.178503	80.178503	80.179
80.352653	80.352653	80.353
80.875102	80.875102	80.875
81.246621	81.246621	81.247
81.432381	81.432381	81.432
81.792290	81.792290	81.792
81.954830	81.954830	81.955
82.512109	82.512109	82.512
82.883628	82.883628	82.884
83.034558	83.034558	83.035
83.243537	83.243537	83.244
83.382857	83.382857	83.383
83.591837	83.591837	83.592
83.940136	83.940136	83.940
84.114286	84.114286	84.114
84.474195	84.474195	84.474
84.683175	84.683175	84.683
85.008254	85.008254	85.008
85.194014	85.194014	85.194
85.368163	85.368163	85.368
85.519093	85.519093	85.519
85.751293	85.751293	85.751
86.285351	86.285351	86.285
86.738141	86.738141	86.738
86.831020	86.831020	86.831
86.923900	86.923900	86.924
87.237370	87.237370	87.237
87.353469	87.353469	87.353
87.469569	87.469569	87.470
87.574059	87.574059	87.574
87.829478	87.829478	87.829
87.910748	87.910748	87.911
88.073288	88.073288	88.073
88.154558	88.154558	88.155
88.293878	88.293878	88.294
88.433197	88.433197	88.433
88.595737	88.595737	88.596
88.735057	88.735057	88.735
89.002086	89.002086	89.002
89.524535	89.524535	89.525
89.768345	89.768345	89.768
90.081814	90.081814	90.082
90.406893	90.406893	90.407
90.604263	90.604263	90.604
90.929342	90.929342	90.929
91.184762	91.184762	91.185
91.300862	91.300862	91.301
91.486621	91.486621	91.487
91.683991	91.683991	91.684
91.788481	91.788481	91.788
91.904580	91.904580	91.905
92.043900	92.043900	92.044
92.264490	92.264490	92.264
92.427029	92.427029	92.427
92.496689	92.496689	92.497
92.554739	92.554739	92.555
92.786939	92.786939	92.787
93.030748	93.030748	93.031
93.146848	93.146848	93.147
93.239728	93.239728	93.240
93.320998	93.320998	93.321
93.402268	93.402268	93.402
93.448707	93.448707	93.449
93.611247	93.611247	93.611
93.855057	93.855057	93.855
94.075646	94.075646	94.076
94.319456	94.319456	94.319
94.400726	94.400726	94.401
94.563265	94.563265	94.563
94.632925	94.632925	94.633
94.934785	94.934785	94.935
95.283084	95.283084	95.283
95.399184	95.399184	95.399
95.492063	95.492063	95.492
95.596553	95.596553	95.597
95.805533	95.805533	95.806
96.060952	96.060952	96.061
96.142222	96.142222	96.142
96.235102	96.235102	96.235
96.455692	96.455692	96.456
96.699501	96.699501	96.700
96.769161	96.769161	96.769
96.885261	96.885261	96.885
97.082630	97.082630	97.083
97.500590	97.500590	97.501
97.651519	97.651519	97.652
98.185578	98.185578	98.186
98.348118	98.348118	98.348
98.580317	98.580317	98.580
98.638367	98.638367	98.638
98.708027	98.708027	98.708
99.091156	99.091156	99.091
99.323356	99.323356	99.323
99.369796	99.369796	99.370
99.474286	99.474286	99.474
99.799365	99.799365	99.799
100.182494	100.182494	100.182
100.321814	100.321814	100.322
100.693333	100.693333	100.693
100.960363	100.960363	100.960
101.192562	101.192562	101.193
101.424762	101.424762	101.425
101.482812	101.482812	101.483
101.831111	101.831111	101.831
101.935601	101.935601	101.936
102.341950	102.341950	102.342
102.492880	102.492880	102.493
102.945669	102.945669	102.946
103.108209	103.108209	103.108
103.177868	103.177868	103.178
103.247528	103.247528	103.248
103.572608	103.572608	103.573
103.665488	103.665488	103.665
103.735147	103.735147	103.735
103.874467	103.874467	103.874
103.944127	103.944127	103.944
104.187937	104.187937	104.188
104.269206	104.269206	104.269
104.373696	104.373696	104.374
104.513016	104.513016	104.513
104.652336	104.652336	104.652
104.756825	104.756825	104.757
104.942585	104.942585	104.943
105.279274	105.279274	105.279
105.697234	105.697234	105.697
105.790113	105.790113	105.790
106.045533	106.045533	106.046
106.196463	106.196463	106.196
106.289342	106.289342	106.289
106.486712	106.486712	106.487
106.649252	106.649252	106.649
106.916281	106.916281	106.916
107.125261	107.125261	107.125
107.229751	107.229751	107.230
107.357460	107.357460	107.357
107.461950	107.461950	107.462
107.543220	107.543220	107.543
107.694150	107.694150	107.694
107.903129	107.903129	107.903
108.251429	108.251429	108.251
108.622948	108.622948	108.623
108.739048	108.739048	108.739
108.843537	108.843537	108.844
108.982857	108.982857	108.983
109.261497	109.261497	109.261
109.447256	109.447256	109.447
109.586576	109.586576	109.587
109.807166	109.807166	109.807
109.992925	109.992925	109.993
110.062585	110.062585	110.063
110.167075	110.167075	110.167
110.422494	110.422494	110.422
110.561814	110.561814	110.562
110.619864	110.619864	110.620
110.933333	110.933333	110.933
111.153923	111.153923	111.154
111.351293	111.351293	111.351
111.479002	111.479002	111.479
111.618322	111.618322	111.618
111.711202	111.711202	111.711
111.792472	111.792472	111.792
111.931791	111.931791	111.932
112.047891	112.047891	112.048
112.222041	112.222041	112.222
112.419410	112.419410	112.419
112.605170	112.605170	112.605
112.698050	112.698050	112.698
112.848980	112.848980	112.849
112.941859	112.941859	112.942
113.069569	113.069569	113.070
113.313379	113.313379	113.313
113.417868	113.417868	113.418
113.557188	113.557188	113.557
113.650068	113.650068	113.650
113.905488	113.905488	113.905
114.393107	114.393107	114.393
114.671746	114.671746	114.672
114.741406	114.741406	114.741
114.938776	114.938776	114.939
115.101315	115.101315	115.101
115.310295	115.310295	115.310
115.368345	115.368345	115.368
115.472834	115.472834	115.473
115.705034	115.705034	115.705
115.867574	115.867574	115.868
116.030113	116.030113	116.030
116.157823	116.157823	116.158
116.413243	116.413243	116.413
116.564172	116.564172	116.564
116.657052	116.657052	116.657
116.912472	116.912472	116.912
117.237551	117.237551	117.238
117.458141	117.458141	117.458
117.632290	117.632290	117.632
117.852880	117.852880	117.853
117.945760	117.945760	117.946
118.189569	118.189569	118.190
118.468209	118.468209	118.468
118.584308	118.584308	118.584
118.712018	118.712018	118.712
118.804898	118.804898	118.805
119.071927	119.071927	119.072
119.234467	119.234467	119.234
119.478277	119.478277	119.478
119.733696	119.733696	119.734
119.803356	119.803356	119.803
119.861406	119.861406	119.861
119.919456	119.919456	119.919
120.047166	120.047166	120.047
120.151655	120.151655	120.152
120.209705	120.209705	120.210
120.337415	120.337415	120.337
120.418685	120.418685	120.419
120.639274	120.639274	120.639
120.894694	120.894694	120.895
120.964354	120.964354	120.964
121.335873	121.335873	121.336
121.591293	121.591293	121.591
121.649342	121.649342	121.649
121.765442	121.765442	121.765
121.927982	121.927982	121.928
122.032472	122.032472	122.032
122.287891	122.287891	122.288
122.403991	122.403991	122.404
122.636190	122.636190	122.636
122.729070	122.729070	122.729
123.112200	123.112200	123.112
123.274739	123.274739	123.275
123.379229	123.379229	123.379
123.460499	123.460499	123.460
123.599819	123.599819	123.600
123.797188	123.797188	123.797
124.110658	124.110658	124.111
124.470567	124.470567	124.471
124.656327	124.656327	124.656
124.993016	124.993016	124.993
125.190385	125.190385	125.190
125.434195	125.434195	125.434
125.573515	125.573515	125.574
125.747664	125.747664	125.748
126.095964	126.095964	126.096
126.293333	126.293333	126.293
126.490703	126.490703	126.491
126.595193	126.595193	126.595
126.780952	126.780952	126.781
126.885442	126.885442	126.885
126.943492	126.943492	126.943
126.989932	126.989932	126.990
127.152472	127.152472	127.152
127.349841	127.349841	127.350
127.512381	127.512381	127.512
127.582041	127.582041	127.582
127.709751	127.709751	127.710
127.756190	127.756190	127.756
127.918730	127.918730	127.919
128.046440	128.046440	128.046
128.208980	128.208980	128.209
128.452789	128.452789	128.453
128.557279	128.557279	128.557
128.789478	128.789478	128.789
128.859138	128.859138	128.859
128.998458	128.998458	128.998
129.044898	129.044898	129.045
129.311927	129.311927	129.312
129.520907	129.520907	129.521
129.660227	129.660227	129.660
129.927256	129.927256	129.927
130.147846	130.147846	130.148
130.681905	130.681905	130.682
130.763175	130.763175	130.763
130.832834	130.832834	130.833
131.030204	131.030204	131.030
131.157914	131.157914	131.158
131.308844	131.308844	131.309
131.366893	131.366893	131.367
131.482993	131.482993	131.483
131.645533	131.645533	131.646
131.808073	131.808073	131.808
131.912562	131.912562	131.913
132.133152	132.133152	132.133
132.249252	132.249252	132.249
132.353741	132.353741	132.354
132.446621	132.446621	132.447
132.562721	132.562721	132.563
132.771701	132.771701	132.772
132.829751	132.829751	132.830
132.922630	132.922630	132.923
133.120000	133.120000	133.120
133.259320	133.259320	133.259
133.387029	133.387029	133.387
133.688889	133.688889	133.689
133.851429	133.851429	133.851
134.118458	134.118458	134.118
134.280998	134.280998	134.281
134.408707	134.408707	134.409
134.513197	134.513197	134.513
134.582857	134.582857	134.583
134.803447	134.803447	134.803
134.931156	134.931156	134.931
135.244626	135.244626	135.245
135.500045	135.500045	135.500
135.581315	135.581315	135.581
135.662585	135.662585	135.663
135.743855	135.743855	135.744
135.825125	135.825125	135.825
135.906395	135.906395	135.906
136.010884	136.010884	136.011
136.103764	136.103764	136.104
136.196644	136.196644	136.197
136.335964	136.335964	136.336
136.486893	136.486893	136.487
136.661043	136.661043	136.661
136.800363	136.800363	136.800
136.904853	136.904853	136.905
137.102222	137.102222	137.102
137.427302	137.427302	137.427
137.647891	137.647891	137.648
137.798821	137.798821	137.799
138.181950	138.181950	138.182
138.611519	138.611519	138.612
138.785669	138.785669	138.786
138.913379	138.913379	138.913
139.157188	139.157188	139.157
139.261678	139.261678	139.262
139.342948	139.342948	139.343
139.551927	139.551927	139.552
139.691247	139.691247	139.691
139.807347	139.807347	139.807
140.120816	140.120816	140.121
140.294966	140.294966	140.295
140.399456	140.399456	140.399
140.596825	140.596825	140.597
140.712925	140.712925	140.713
140.794195	140.794195	140.794
140.956735	140.956735	140.957
141.096054	141.096054	141.096
141.212154	141.212154	141.212
141.432744	141.432744	141.433
141.479184	141.479184	141.479
141.548844	141.548844	141.549
141.618503	141.618503	141.619
141.711383	141.711383	141.711
141.873923	141.873923	141.874
141.955193	141.955193	141.955
142.140952	142.140952	142.141
142.280272	142.280272	142.280
142.500862	142.500862	142.501
142.558912	142.558912	142.559
142.628571	142.628571	142.629
142.860771	142.860771	142.861
143.058141	143.058141	143.058
143.151020	143.151020	143.151
143.243900	143.243900	143.244
143.487710	143.487710	143.488
143.580590	143.580590	143.581
143.719909	143.719909	143.720
143.824399	143.824399	143.824
143.928889	143.928889	143.929
144.114649	144.114649	144.115
144.195918	144.195918	144.196
144.428118	144.428118	144.428
144.509388	144.509388	144.509
144.671927	144.671927	144.672
144.811247	144.811247	144.811
144.892517	144.892517	144.893
145.031837	145.031837	145.032
145.240816	145.240816	145.241
145.414966	145.414966	145.415
145.496236	145.496236	145.496
145.589116	145.589116	145.589
145.740045	145.740045	145.740
145.902585	145.902585	145.903
146.111565	146.111565	146.112
146.297324	146.297324	146.297
146.738503	146.738503	146.739
146.831383	146.831383	146.831
146.993923	146.993923	146.994
147.086803	147.086803	147.087
147.237732	147.237732	147.238
147.423492	147.423492	147.423
147.748571	147.748571	147.749
147.911111	147.911111	147.911
148.329070	148.329070	148.329
148.445170	148.445170	148.445
148.561270	148.561270	148.561
148.642540	148.642540	148.643
148.735420	148.735420	148.735
148.828299	148.828299	148.828
149.025669	149.025669	149.026
149.164989	149.164989	149.165
149.281088	149.281088	149.281
149.362358	149.362358	149.362
149.536508	149.536508	149.537
149.699048	149.699048	149.699
149.873197	149.873197	149.873
150.058957	150.058957	150.059
150.128617	150.128617	150.129
150.198277	150.198277	150.198
150.616236	150.616236	150.616
150.976145	150.976145	150.976
151.185125	151.185125	151.185
151.545034	151.545034	151.545
151.695964	151.695964	151.696
152.067483	152.067483	152.067
152.230023	152.230023	152.230
152.613152	152.613152	152.613
152.845351	152.845351	152.845
153.147211	153.147211	153.147
153.321361	153.321361	153.321
153.716100	153.716100	153.716
153.843810	153.843810	153.844
154.238549	154.238549	154.239
154.354649	154.354649	154.355
154.749388	154.749388	154.749
154.877098	154.877098	154.877
155.016417	155.016417	155.016
155.167347	155.167347	155.167
155.271837	155.271837	155.272
155.469206	155.469206	155.469
155.643356	155.643356	155.643
155.736236	155.736236	155.736
155.898776	155.898776	155.899
156.026485	156.026485	156.026
156.177415	156.177415	156.177
156.374785	156.374785	156.375
156.548934	156.548934	156.549
156.641814	156.641814	156.642
156.757914	156.757914	156.758
156.908844	156.908844	156.909
157.106213	157.106213	157.106
157.268753	157.268753	157.269
157.617052	157.617052	157.617
157.767982	157.767982	157.768
158.081451	158.081451	158.081
158.185941	158.185941	158.186
158.383311	158.383311	158.383
158.522630	158.522630	158.523
158.708390	158.708390	158.708
158.836100	158.836100	158.836
159.045079	159.045079	159.045
159.265669	159.265669	159.266
159.602358	159.602358	159.602
159.788118	159.788118	159.788
160.055147	160.055147	160.055
160.159637	160.159637	160.160
160.264127	160.264127	160.264
160.333787	160.333787	160.334
160.670476	160.670476	160.670
160.925896	160.925896	160.926
161.274195	161.274195	161.274
161.459955	161.459955	161.460
161.541224	161.541224	161.541
161.703764	161.703764	161.704
161.796644	161.796644	161.797
161.947574	161.947574	161.948
162.075283	162.075283	162.075
162.156553	162.156553	162.157
162.261043	162.261043	162.261
162.353923	162.353923	162.354
162.493243	162.493243	162.493
162.551293	162.551293	162.551
162.655782	162.655782	162.656
162.748662	162.748662	162.749
162.841542	162.841542	162.842
162.922812	162.922812	162.923
163.015692	163.015692	163.016
163.131791	163.131791	163.132
163.224671	163.224671	163.225
163.387211	163.387211	163.387
163.514921	163.514921	163.515
163.665850	163.665850	163.666
163.816780	163.816780	163.817
164.118639	164.118639	164.119
