0.684989	0.684989	0.685
0.859138	0.859138	0.859
1.033288	1.033288	1.033
1.219048	1.219048	1.219
1.358367	1.358367	1.358
1.718277	1.718277	1.718
1.927256	1.927256	1.927
2.113016	2.113016	2.113
2.252336	2.252336	2.252
2.380045	2.380045	2.380
2.565805	2.565805	2.566
2.751565	2.751565	2.752
2.902494	2.902494	2.902
3.134694	3.134694	3.135
3.645533	3.645533	3.646
3.842902	3.842902	3.843
3.970612	3.970612	3.971
4.028662	4.028662	4.029
4.133152	4.133152	4.133
4.307302	4.307302	4.307
4.493061	4.493061	4.493
4.690431	4.690431	4.690
4.911020	4.911020	4.911
5.143220	5.143220	5.143
6.257778	6.257778	6.258
6.501587	6.501587	6.502
6.757007	6.757007	6.757
6.942766	6.942766	6.943
7.093696	7.093696	7.094
7.500045	7.500045	7.500
7.558095	7.558095	7.558
7.592925	7.592925	7.593
7.697415	7.697415	7.697
7.836735	7.836735	7.837
7.964444	7.964444	7.964
8.161814	8.161814	8.162
8.335964	8.335964	8.336
8.486893	8.486893	8.487
8.730703	8.730703	8.731
9.380862	9.380862	9.381
9.705941	9.705941	9.706
9.903311	9.903311	9.903
10.100680	10.100680	10.101
10.611519	10.611519	10.612
10.808889	10.808889	10.809
10.901769	10.901769	10.902
11.075918	11.075918	11.076
11.261678	11.261678	11.262
11.435828	11.435828	11.436
11.644807	11.644807	11.645
11.853787	11.853787	11.854
12.097596	12.097596	12.098
13.200544	13.200544	13.201
13.525624	13.525624	13.526
13.676553	13.676553	13.677
13.873923	13.873923	13.874
13.990023	13.990023	13.990
14.210612	14.210612	14.211
14.384762	14.384762	14.385
14.582132	14.582132	14.582
14.895601	14.895601	14.896
15.081361	15.081361	15.081
15.336780	15.336780	15.337
15.696689	15.696689	15.697
15.812789	15.812789	15.813
15.940499	15.940499	15.940
16.137868	16.137868	16.138
16.300408	16.300408	16.300
16.462948	16.462948	16.463
16.729977	16.729977	16.730
17.368526	17.368526	17.369
17.519456	17.519456	17.519
17.867755	17.867755	17.868
17.949025	17.949025	17.949
18.111565	18.111565	18.112
18.308934	18.308934	18.309
18.471474	18.471474	18.471
18.599184	18.599184	18.599
19.133243	19.133243	19.133
19.319002	19.319002	19.319
19.702132	19.702132	19.702
20.131701	20.131701	20.132
20.294240	20.294240	20.294
20.491610	20.491610	20.492
20.816689	20.816689	20.817
21.002449	21.002449	21.002
21.153379	21.153379	21.153
21.397188	21.397188	21.397
21.501678	21.501678	21.502
21.757098	21.757098	21.757
22.221497	22.221497	22.221
22.488526	22.488526	22.489
22.651066	22.651066	22.651
22.906485	22.906485	22.906
23.138685	23.138685	23.139
23.579864	23.579864	23.580
23.707574	23.707574	23.708
23.951383	23.951383	23.951
24.055873	24.055873	24.056
24.171973	24.171973	24.172
24.276463	24.276463	24.276
24.601542	24.601542	24.602
24.764082	24.764082	24.764
24.961451	24.961451	24.961
25.298141	25.298141	25.298
25.901859	25.901859	25.902
26.006349	26.006349	26.006
26.180499	26.180499	26.180
26.319819	26.319819	26.320
26.517188	26.517188	26.517
26.702948	26.702948	26.703
26.842268	26.842268	26.842
27.086077	27.086077	27.086
27.225397	27.225397	27.225
27.283447	27.283447	27.283
27.329887	27.329887	27.330
27.480816	27.480816	27.481
27.596916	27.596916	27.597
27.736236	27.736236	27.736
27.910385	27.910385	27.910
28.119365	28.119365	28.119
28.270295	28.270295	28.270
28.456054	28.456054	28.456
28.595374	28.595374	28.595
28.792744	28.792744	28.793
29.141043	29.141043	29.141
29.361633	29.361633	29.362
29.466122	29.466122	29.466
29.605442	29.605442	29.605
29.826032	29.826032	29.826
29.907302	29.907302	29.907
30.185941	30.185941	30.186
30.278821	30.278821	30.279
30.348481	30.348481	30.348
30.499410	30.499410	30.499
30.650340	30.650340	30.650
30.859320	30.859320	30.859
31.010249	31.010249	31.010
31.196009	31.196009	31.196
31.358549	31.358549	31.359
31.532698	31.532698	31.533
31.672018	31.672018	31.672
31.880998	31.880998	31.881
31.939048	31.939048	31.939
32.043537	32.043537	32.044
32.229297	32.229297	32.229
32.577596	32.577596	32.578
32.786576	32.786576	32.787
33.436735	33.436735	33.437
33.599274	33.599274	33.599
33.750204	33.750204	33.750
33.994014	33.994014	33.994
34.063673	34.063673	34.064
34.261043	34.261043	34.261
34.307483	34.307483	34.307
34.388753	34.388753	34.389
34.493243	34.493243	34.493
34.783492	34.783492	34.783
34.969252	34.969252	34.969
35.062132	35.062132	35.062
35.166621	35.166621	35.167
35.282721	35.282721	35.283
35.422041	35.422041	35.422
35.468481	35.468481	35.468
36.002540	36.002540	36.003
36.141859	36.141859	36.142
36.374059	36.374059	36.374
36.629478	36.629478	36.629
36.884898	36.884898	36.885
37.082268	37.082268	37.082
37.221587	37.221587	37.222
37.430567	37.430567	37.431
37.569887	37.569887	37.570
37.697596	37.697596	37.698
38.533515	38.533515	38.534
38.684444	38.684444	38.684
38.893424	38.893424	38.893
39.021134	39.021134	39.021
39.276553	39.276553	39.277
39.392653	39.392653	39.393
39.938322	39.938322	39.938
40.275011	40.275011	40.275
40.321451	40.321451	40.321
40.623311	40.623311	40.623
40.774240	40.774240	40.774
40.890340	40.890340	40.890
41.006440	41.006440	41.006
41.401179	41.401179	41.401
41.517279	41.517279	41.517
41.644989	41.644989	41.645
41.819138	41.819138	41.819
42.004898	42.004898	42.005
42.155828	42.155828	42.156
42.388027	42.388027	42.388
42.713107	42.713107	42.713
43.073016	43.073016	43.073
43.165896	43.165896	43.166
43.340045	43.340045	43.340
43.467755	43.467755	43.468
43.688345	43.688345	43.688
43.827664	43.827664	43.828
43.955374	43.955374	43.955
44.129524	44.129524	44.130
44.326893	44.326893	44.327
44.489433	44.489433	44.489
44.686803	44.686803	44.687
44.837732	44.837732	44.838
44.977052	44.977052	44.977
45.058322	45.058322	45.058
45.244082	45.244082	45.244
45.720091	45.720091	45.720
45.836190	45.836190	45.836
46.114830	46.114830	46.115
46.242540	46.242540	46.243
46.347029	46.347029	46.347
46.428299	46.428299	46.428
46.764989	46.764989	46.765
46.869478	46.869478	46.869
46.962358	46.962358	46.962
47.136508	47.136508	47.137
47.217778	47.217778	47.218
47.310658	47.310658	47.311
47.508027	47.508027	47.508
49.133424	49.133424	49.133
49.551383	49.551383	49.551
49.795193	49.795193	49.795
49.899683	49.899683	49.900
50.178322	50.178322	50.178
50.538231	50.538231	50.538
50.979410	50.979410	50.979
51.153560	51.153560	51.154
51.501859	51.501859	51.502
51.699229	51.699229	51.699
51.815329	51.815329	51.815
51.919819	51.919819	51.920
52.059138	52.059138	52.059
52.117188	52.117188	52.117
52.291338	52.291338	52.291
52.477098	52.477098	52.477
52.604807	52.604807	52.605
52.778957	52.778957	52.779
52.860227	52.860227	52.860
52.964717	52.964717	52.965
53.208526	53.208526	53.209
53.730975	53.730975	53.731
53.881905	53.881905	53.882
54.253424	54.253424	54.253
54.392744	54.392744	54.393
54.566893	54.566893	54.567
54.764263	54.764263	54.764
54.926803	54.926803	54.927
55.298322	55.298322	55.298
55.576961	55.576961	55.577
55.785941	55.785941	55.786
56.041361	56.041361	56.041
56.261950	56.261950	56.262
56.436100	56.436100	56.436
56.633469	56.633469	56.633
56.819229	56.819229	56.819
57.063039	57.063039	57.063
57.295238	57.295238	57.295
57.480998	57.480998	57.481
58.433016	58.433016	58.433
58.572336	58.572336	58.572
58.781315	58.781315	58.781
58.839365	58.839365	58.839
58.932245	58.932245	58.932
59.141224	59.141224	59.141
59.524354	59.524354	59.524
59.721723	59.721723	59.722
59.768163	59.768163	59.768
59.872653	59.872653	59.873
60.011973	60.011973	60.012
60.128073	60.128073	60.128
60.325442	60.325442	60.325
60.499592	60.499592	60.500
60.650522	60.650522	60.651
60.929161	60.929161	60.929
61.579320	61.579320	61.579
61.904399	61.904399	61.904
62.101769	62.101769	62.102
62.241088	62.241088	62.241
62.542948	62.542948	62.543
62.891247	62.891247	62.891
63.030567	63.030567	63.031
63.204717	63.204717	63.205
63.344036	63.344036	63.344
63.506576	63.506576	63.507
63.878095	63.878095	63.878
64.075465	64.075465	64.075
64.168345	64.168345	64.168
64.307664	64.307664	64.308
64.481814	64.481814	64.482
64.818503	64.818503	64.819
64.957823	64.957823	64.958
65.131973	65.131973	65.132
65.457052	65.457052	65.457
65.549932	65.549932	65.550
65.758912	65.758912	65.759
66.014331	66.014331	66.014
66.223311	66.223311	66.223
66.409070	66.409070	66.409
66.571610	66.571610	66.572
66.873469	66.873469	66.873
67.059229	67.059229	67.059
67.384308	67.384308	67.384
67.581678	67.581678	67.582
67.686168	67.686168	67.686
67.860317	67.860317	67.860
68.034467	68.034467	68.034
68.220227	68.220227	68.220
68.347937	68.347937	68.348
68.475646	68.475646	68.476
68.533696	68.533696	68.534
68.684626	68.684626	68.685
68.835556	68.835556	68.836
69.009705	69.009705	69.010
69.207075	69.207075	69.207
69.311565	69.311565	69.312
69.392834	69.392834	69.393
69.659864	69.659864	69.660
69.903673	69.903673	69.904
69.973333	69.973333	69.973
70.054603	70.054603	70.055
70.159093	70.159093	70.159
70.286803	70.286803	70.287
70.391293	70.391293	70.391
70.611882	70.611882	70.612
70.786032	70.786032	70.786
70.948571	70.948571	70.949
71.041451	71.041451	71.041
71.087891	71.087891	71.088
71.273651	71.273651	71.274
71.401361	71.401361	71.401
71.656780	71.656780	71.657
71.935419	71.935419	71.935
72.388209	72.388209	72.388
72.562358	72.562358	72.562
72.980317	72.980317	72.980
73.340227	73.340227	73.340
73.479546	73.479546	73.480
73.920726	73.920726	73.921
74.176145	74.176145	74.176
74.779864	74.779864	74.780
74.919184	74.919184	74.919
75.046893	75.046893	75.047
75.139773	75.139773	75.140
75.267483	75.267483	75.267
75.453243	75.453243	75.453
75.604172	75.604172	75.604
75.847982	75.847982	75.848
75.975692	75.975692	75.976
76.115011	76.115011	76.115
76.265941	76.265941	76.266
76.393651	76.393651	76.394
76.567800	76.567800	76.568
76.718730	76.718730	76.719
76.892880	76.892880	76.893
77.008980	77.008980	77.009
77.090249	77.090249	77.090
77.241179	77.241179	77.241
77.450159	77.450159	77.450
77.577868	77.577868	77.578
77.670748	77.670748	77.671
77.763628	77.763628	77.764
77.833288	77.833288	77.833
78.077098	78.077098	78.077
78.193197	78.193197	78.193
78.320907	78.320907	78.321
78.541497	78.541497	78.541
78.645986	78.645986	78.646
78.762086	78.762086	78.762
78.982676	78.982676	78.983
79.180045	79.180045	79.180
79.365805	79.365805	79.366
79.632834	79.632834	79.633
79.865034	79.865034	79.865
79.923084	79.923084	79.923
80.085624	80.085624	80.086
80.201723	80.201723	80.202
80.329433	80.329433	80.329
80.433923	80.433923	80.434
80.503583	80.503583	80.504
80.561633	80.561633	80.562
80.770612	80.770612	80.771
80.863492	80.863492	80.863
80.933152	80.933152	80.933
81.002812	81.002812	81.003
81.200181	81.200181	81.200
81.339501	81.339501	81.340
81.490431	81.490431	81.490
81.571701	81.571701	81.572
81.676190	81.676190	81.676
81.734240	81.734240	81.734
81.873560	81.873560	81.874
82.059320	82.059320	82.059
82.221859	82.221859	82.222
82.291519	82.291519	82.292
82.512109	82.512109	82.512
82.686259	82.686259	82.686
82.755918	82.755918	82.756
82.906848	82.906848	82.907
83.231927	83.231927	83.232
83.580227	83.580227	83.580
83.673107	83.673107	83.673
84.056236	84.056236	84.056
84.149116	84.149116	84.149
84.381315	84.381315	84.381
84.474195	84.474195	84.474
84.706395	84.706395	84.706
84.810884	84.810884	84.811
85.008254	85.008254	85.008
85.344943	85.344943	85.345
85.449433	85.449433	85.449
85.995102	85.995102	85.995
86.134422	86.134422	86.134
86.250522	86.250522	86.251
86.424671	86.424671	86.425
87.516009	87.516009	87.516
87.655329	87.655329	87.655
87.783039	87.783039	87.783
87.887528	87.887528	87.888
88.189388	88.189388	88.189
88.340317	88.340317	88.340
88.537687	88.537687	88.538
88.711837	88.711837	88.712
88.885986	88.885986	88.886
89.002086	89.002086	89.002
89.129796	89.129796	89.130
89.303946	89.303946	89.304
89.466485	89.466485	89.466
89.617415	89.617415	89.617
89.849615	89.849615	89.850
90.070204	90.070204	90.070
90.615873	90.615873	90.616
91.010612	91.010612	91.011
91.300862	91.300862	91.301
91.579501	91.579501	91.580
91.985850	91.985850	91.986
92.264490	92.264490	92.264
92.543129	92.543129	92.543
93.971156	93.971156	93.971
94.075646	94.075646	94.076
94.458776	94.458776	94.459
95.062494	95.062494	95.062
95.410794	95.410794	95.411
95.689433	95.689433	95.689
96.374422	96.374422	96.374
96.687891	96.687891	96.688
98.371338	98.371338	98.371
99.485896	99.485896	99.486
99.764535	99.764535	99.765
99.903855	99.903855	99.904
100.008345	100.008345	100.008
100.252154	100.252154	100.252
100.333424	100.333424	100.333
100.484354	100.484354	100.484
100.612063	100.612063	100.612
100.809433	100.809433	100.809
100.890703	100.890703	100.891
101.006803	101.006803	101.007
101.157732	101.157732	101.158
101.436372	101.436372	101.436
101.703401	101.703401	101.703
101.982041	101.982041	101.982
102.132971	102.132971	102.133
102.260680	102.260680	102.261
102.539320	102.539320	102.539
102.817959	102.817959	102.818
103.096599	103.096599	103.097
103.224308	103.224308	103.224
103.363628	103.363628	103.364
103.560998	103.560998	103.561
103.653878	103.653878	103.654
103.758367	103.758367	103.758
103.897687	103.897687	103.898
104.211156	104.211156	104.211
104.338866	104.338866	104.339
104.489796	104.489796	104.490
104.756825	104.756825	104.757
105.035465	105.035465	105.035
105.232834	105.232834	105.233
105.406984	105.406984	105.407
105.453424	105.453424	105.453
105.592744	105.592744	105.593
105.975873	105.975873	105.976
106.126803	106.126803	106.127
106.440272	106.440272	106.440
106.567982	106.567982	106.568
106.695692	106.695692	106.696
106.835011	106.835011	106.835
106.985941	106.985941	106.986
107.125261	107.125261	107.125
107.276190	107.276190	107.276
107.403900	107.403900	107.404
107.508390	107.508390	107.508
107.682540	107.682540	107.683
107.810249	107.810249	107.810
107.972789	107.972789	107.973
108.251429	108.251429	108.251
108.367528	108.367528	108.368
108.495238	108.495238	108.495
108.657778	108.657778	108.658
108.936417	108.936417	108.936
109.203447	109.203447	109.203
109.482086	109.482086	109.482
109.760726	109.760726	109.761
110.027755	110.027755	110.028
110.120635	110.120635	110.121
110.376054	110.376054	110.376
110.596644	110.596644	110.597
110.794014	110.794014	110.794
110.979773	110.979773	110.980
111.165533	111.165533	111.166
111.223583	111.223583	111.224
111.316463	111.316463	111.316
111.490612	111.490612	111.491
111.699592	111.699592	111.700
111.978231	111.978231	111.978
112.129161	112.129161	112.129
112.256871	112.256871	112.257
112.547120	112.547120	112.547
112.732880	112.732880	112.733
112.825760	112.825760	112.826
112.860590	112.860590	112.861
112.930249	112.930249	112.930
113.313379	113.313379	113.313
113.371429	113.371429	113.371
113.615238	113.615238	113.615
113.777778	113.777778	113.778
113.951927	113.951927	113.952
114.068027	114.068027	114.068
114.369887	114.369887	114.370
114.485986	114.485986	114.486
114.625306	114.625306	114.625
114.718186	114.718186	114.718
114.776236	114.776236	114.776
114.927166	114.927166	114.927
115.089705	115.089705	115.090
115.159365	115.159365	115.159
115.333515	115.333515	115.334
115.612154	115.612154	115.612
115.763084	115.763084	115.763
116.192653	116.192653	116.193
116.331973	116.331973	116.332
116.807982	116.807982	116.808
116.993741	116.993741	116.994
117.295601	117.295601	117.296
117.376871	117.376871	117.377
117.597460	117.597460	117.597
117.922540	117.922540	117.923
118.375329	118.375329	118.375
118.642358	118.642358	118.642
118.886168	118.886168	118.886
119.013878	119.013878	119.014
119.222857	119.222857	119.223
119.315737	119.315737	119.316
119.478277	119.478277	119.478
119.617596	119.617596	119.618
120.000726	120.000726	120.001
120.314195	120.314195	120.314
120.604444	120.604444	120.604
120.825034	120.825034	120.825
121.034014	121.034014	121.034
121.521633	121.521633	121.522
121.707392	121.707392	121.707
122.136961	122.136961	122.137
122.229841	122.229841	122.230
122.357551	122.357551	122.358
122.554921	122.554921	122.555
122.810340	122.810340	122.810
123.100590	123.100590	123.101
123.379229	123.379229	123.379
123.611429	123.611429	123.611
123.785578	123.785578	123.786
124.087438	124.087438	124.087
124.458957	124.458957	124.459
124.749206	124.749206	124.749
125.027846	125.027846	125.028
125.306485	125.306485	125.306
125.631565	125.631565	125.632
126.154014	126.154014	126.154
126.571973	126.571973	126.572
126.699683	126.699683	126.700
126.792562	126.792562	126.793
127.001542	127.001542	127.002
127.268571	127.268571	127.269
127.837460	127.837460	127.837
128.487619	128.487619	128.488
128.592109	128.592109	128.592
128.777868	128.777868	128.778
128.928798	128.928798	128.929
129.532517	129.532517	129.533
129.834376	129.834376	129.834
130.066576	130.066576	130.067
130.310385	130.310385	130.310
130.449705	130.449705	130.450
130.612245	130.612245	130.612
130.728345	130.728345	130.728
130.879274	130.879274	130.879
131.006984	131.006984	131.007
131.204354	131.204354	131.204
131.448163	131.448163	131.448
131.715193	131.715193	131.715
132.284082	132.284082	132.284
132.423401	132.423401	132.423
132.934240	132.934240	132.934
133.038730	133.038730	133.039
133.212880	133.212880	133.213
133.375419	133.375419	133.375
133.596009	133.596009	133.596
133.979138	133.979138	133.979
134.280998	134.280998	134.281
134.513197	134.513197	134.513
134.757007	134.757007	134.757
134.884717	134.884717	134.885
135.047256	135.047256	135.047
135.267846	135.267846	135.268
135.453605	135.453605	135.454
135.650975	135.650975	135.651
135.883175	135.883175	135.883
136.150204	136.150204	136.150
136.405624	136.405624	136.406
136.568163	136.568163	136.568
136.719093	136.719093	136.719
136.870023	136.870023	136.870
136.986122	136.986122	136.986
137.264762	137.264762	137.265
137.485351	137.485351	137.485
137.543401	137.543401	137.543
137.682721	137.682721	137.683
137.822041	137.822041	137.822
138.100680	138.100680	138.101
138.379320	138.379320	138.379
138.669569	138.669569	138.670
138.785669	138.785669	138.786
138.936599	138.936599	138.937
139.075918	139.075918	139.076
139.203628	139.203628	139.204
139.342948	139.342948	139.343
139.493878	139.493878	139.494
139.702857	139.702857	139.703
139.784127	139.784127	139.784
139.911837	139.911837	139.912
140.039546	140.039546	140.040
140.132426	140.132426	140.132
140.329796	140.329796	140.330
140.457506	140.457506	140.458
140.596825	140.596825	140.597
140.689705	140.689705	140.690
140.759365	140.759365	140.759
140.875465	140.875465	140.875
141.014785	141.014785	141.015
141.165714	141.165714	141.166
141.223764	141.223764	141.224
141.432744	141.432744	141.433
141.722993	141.722993	141.723
141.920363	141.920363	141.920
141.990023	141.990023	141.990
142.129342	142.129342	142.129
142.257052	142.257052	142.257
142.547302	142.547302	142.547
142.825941	142.825941	142.826
142.883991	142.883991	142.884
143.116190	143.116190	143.116
143.243900	143.243900	143.244
143.464490	143.464490	143.464
143.510930	143.510930	143.511
143.661859	143.661859	143.662
143.777959	143.777959	143.778
143.928889	143.928889	143.929
144.068209	144.068209	144.068
144.219138	144.219138	144.219
144.346848	144.346848	144.347
144.486168	144.486168	144.486
144.625488	144.625488	144.625
144.776417	144.776417	144.776
145.031837	145.031837	145.032
145.322086	145.322086	145.322
145.461406	145.461406	145.461
145.600726	145.600726	145.601
145.670385	145.670385	145.670
145.693605	145.693605	145.694
145.902585	145.902585	145.903
146.192834	146.192834	146.193
146.355374	146.355374	146.355
146.425034	146.425034	146.425
146.564354	146.564354	146.564
146.703673	146.703673	146.704
146.935873	146.935873	146.936
146.993923	146.993923	146.994
147.249342	147.249342	147.249
147.377052	147.377052	147.377
147.620862	147.620862	147.621
147.818231	147.818231	147.818
147.980771	147.980771	147.981
148.085261	148.085261	148.085
148.305850	148.305850	148.306
148.375510	148.375510	148.376
148.468390	148.468390	148.468
148.596100	148.596100	148.596
148.793469	148.793469	148.793
148.932789	148.932789	148.933
149.106939	149.106939	149.107
149.223039	149.223039	149.223
149.373968	149.373968	149.374
149.478458	149.478458	149.478
149.768707	149.768707	149.769
149.896417	149.896417	149.896
150.047347	150.047347	150.047
150.151837	150.151837	150.152
150.325986	150.325986	150.326
150.500136	150.500136	150.500
150.593016	150.593016	150.593
150.801995	150.801995	150.802
151.010975	151.010975	151.011
151.138685	151.138685	151.139
151.289615	151.289615	151.290
151.440544	151.440544	151.441
151.707574	151.707574	151.708
151.939773	151.939773	151.940
151.997823	151.997823	151.998
152.125533	152.125533	152.126
152.264853	152.264853	152.265
152.404172	152.404172	152.404
152.543492	152.543492	152.543
152.671202	152.671202	152.671
152.822132	152.822132	152.822
152.961451	152.961451	152.961
153.228481	153.228481	153.228
153.379410	153.379410	153.379
153.634830	153.634830	153.635
153.925079	153.925079	153.925
154.099229	154.099229	154.099
154.203719	154.203719	154.204
154.354649	154.354649	154.355
154.470748	154.470748	154.471
154.760998	154.760998	154.761
154.819048	154.819048	154.819
155.039637	155.039637	155.040
155.120907	155.120907	155.121
155.457596	155.457596	155.458
155.596916	155.596916	155.597
155.747846	155.747846	155.748
155.875556	155.875556	155.876
156.154195	156.154195	156.154
156.572154	156.572154	156.572
156.850794	156.850794	156.851
157.129433	157.129433	157.129
157.291973	157.291973	157.292
157.547392	157.547392	157.547
157.872472	157.872472	157.872
158.093061	158.093061	158.093
158.766440	158.766440	158.766
158.963810	158.963810	158.964
159.196009	159.196009	159.196
159.521088	159.521088	159.521
159.950658	159.950658	159.951
160.600816	160.600816	160.601
161.018776	161.018776	161.019
161.297415	161.297415	161.297
161.576054	161.576054	161.576
161.738594	161.738594	161.739
161.994014	161.994014	161.994
162.319093	162.319093	162.319
162.539683	162.539683	162.540
163.236281	163.236281	163.236
163.398821	163.398821	163.399
163.642630	163.642630	163.643
163.979320	163.979320	163.979
165.105488	165.105488	165.105
165.407347	165.407347	165.407
165.744036	165.744036	165.744
166.022676	166.022676	166.023
166.161995	166.161995	166.162
166.440635	166.440635	166.441
166.684444	166.684444	166.684
166.997914	166.997914	166.998
167.288163	167.288163	167.288
167.845442	167.845442	167.845
167.996372	167.996372	167.996
168.414331	168.414331	168.414
169.552109	169.552109	169.552
169.842358	169.842358	169.842
170.179048	170.179048	170.179
170.469297	170.469297	170.469
170.597007	170.597007	170.597
170.887256	170.887256	170.887
171.107846	171.107846	171.108
171.816054	171.816054	171.816
172.791293	172.791293	172.791
173.232472	173.232472	173.232
173.580771	173.580771	173.581
173.650431	173.650431	173.650
