0.162540	0.162540	0.163
0.325079	0.325079	0.325
0.812698	0.812698	0.813
1.265488	1.265488	1.265
1.753107	1.753107	1.753
2.217506	2.217506	2.218
2.693515	2.693515	2.694
3.169524	3.169524	3.170
3.506213	3.506213	3.506
3.645533	3.645533	3.646
3.947392	3.947392	3.947
4.098322	4.098322	4.098
4.585941	4.585941	4.586
5.050340	5.050340	5.050
5.537959	5.537959	5.538
5.584399	5.584399	5.584
6.002358	6.002358	6.002
6.478367	6.478367	6.478
6.942766	6.942766	6.943
7.291066	7.291066	7.291
7.418776	7.418776	7.419
7.767075	7.767075	7.767
7.894785	7.894785	7.895
8.370794	8.370794	8.371
8.684263	8.684263	8.684
8.835193	8.835193	8.835
9.322812	9.322812	9.323
9.682721	9.682721	9.683
9.787211	9.787211	9.787
10.147120	10.147120	10.147
10.286440	10.286440	10.286
10.739229	10.739229	10.739
11.075918	11.075918	11.076
11.203628	11.203628	11.204
11.575147	11.575147	11.575
11.691247	11.691247	11.691
12.167256	12.167256	12.167
12.283356	12.283356	12.283
12.620045	12.620045	12.620
13.096054	13.096054	13.096
13.281814	13.281814	13.282
13.560454	13.560454	13.560
14.071293	14.071293	14.071
14.524082	14.524082	14.524
14.860771	14.860771	14.861
14.907211	14.907211	14.907
14.988481	14.988481	14.988
15.325170	15.325170	15.325
15.476100	15.476100	15.476
15.940499	15.940499	15.940
16.404898	16.404898	16.405
16.764807	16.764807	16.765
16.869297	16.869297	16.869
16.962177	16.962177	16.962
17.101497	17.101497	17.101
17.356916	17.356916	17.357
17.496236	17.496236	17.496
17.867755	17.867755	17.868
18.041905	18.041905	18.042
18.274104	18.274104	18.274
18.610794	18.610794	18.611
18.692063	18.692063	18.692
18.866213	18.866213	18.866
19.098413	19.098413	19.098
19.249342	19.249342	19.249
19.667302	19.667302	19.667
19.760181	19.760181	19.760
19.829841	19.829841	19.830
19.980771	19.980771	19.981
20.189751	20.189751	20.190
20.654150	20.654150	20.654
21.130159	21.130159	21.130
21.629388	21.629388	21.629
22.082177	22.082177	22.082
22.430476	22.430476	22.430
22.569796	22.569796	22.570
22.906485	22.906485	22.906
23.034195	23.034195	23.034
23.370884	23.370884	23.371
23.521814	23.521814	23.522
23.568254	23.568254	23.568
23.603084	23.603084	23.603
23.858503	23.858503	23.859
23.974603	23.974603	23.975
24.450612	24.450612	24.451
24.926621	24.926621	24.927
25.158821	25.158821	25.159
25.298141	25.298141	25.298
25.379410	25.379410	25.379
25.576780	25.576780	25.577
25.716100	25.716100	25.716
25.855420	25.855420	25.855
26.192109	26.192109	26.192
26.308209	26.308209	26.308
26.505578	26.505578	26.506
26.795828	26.795828	26.796
27.144127	27.144127	27.144
27.271837	27.271837	27.272
27.411156	27.411156	27.411
27.538866	27.538866	27.539
27.747846	27.747846	27.748
27.945215	27.945215	27.945
28.212245	28.212245	28.212
28.444444	28.444444	28.444
28.560544	28.560544	28.561
28.688254	28.688254	28.688
28.792744	28.792744	28.793
28.897234	28.897234	28.897
29.024943	29.024943	29.025
29.199093	29.199093	29.199
29.280363	29.280363	29.280
29.350023	29.350023	29.350
29.628662	29.628662	29.629
30.116281	30.116281	30.116
30.441361	30.441361	30.441
30.638730	30.638730	30.639
30.917370	30.917370	30.917
31.137959	31.137959	31.138
31.207619	31.207619	31.208
31.532698	31.532698	31.533
32.020317	32.020317	32.020
32.473107	32.473107	32.473
33.030385	33.030385	33.030
33.320635	33.320635	33.321
33.436735	33.436735	33.437
33.773424	33.773424	33.773
33.982404	33.982404	33.982
34.133333	34.133333	34.133
34.377143	34.377143	34.377
34.597732	34.597732	34.598
34.690612	34.690612	34.691
34.853152	34.853152	34.853
35.317551	35.317551	35.318
35.793560	35.793560	35.794
36.257959	36.257959	36.258
36.478549	36.478549	36.479
36.559819	36.559819	36.560
36.757188	36.757188	36.757
37.198367	37.198367	37.198
37.535057	37.535057	37.535
37.616327	37.616327	37.616
38.011066	38.011066	38.011
38.138776	38.138776	38.139
38.254875	38.254875	38.255
38.394195	38.394195	38.394
38.498685	38.498685	38.499
38.614785	38.614785	38.615
38.719274	38.719274	38.719
38.963084	38.963084	38.963
39.090794	39.090794	39.091
39.555193	39.555193	39.555
39.740952	39.740952	39.741
40.031202	40.031202	40.031
40.379501	40.379501	40.380
40.518821	40.518821	40.519
40.646531	40.646531	40.647
40.785850	40.785850	40.786
40.971610	40.971610	40.972
41.296689	41.296689	41.297
41.436009	41.436009	41.436
41.830748	41.830748	41.831
41.912018	41.912018	41.912
42.016508	42.016508	42.017
42.388027	42.388027	42.388
42.864036	42.864036	42.864
43.340045	43.340045	43.340
43.572245	43.572245	43.572
43.792834	43.792834	43.793
44.280454	44.280454	44.280
44.663583	44.663583	44.664
44.744853	44.744853	44.745
45.069932	45.069932	45.070
45.127982	45.127982	45.128
45.220862	45.220862	45.221
45.580771	45.580771	45.581
45.696871	45.696871	45.697
45.789751	45.789751	45.790
46.056780	46.056780	46.057
46.161270	46.161270	46.161
46.637279	46.637279	46.637
46.939138	46.939138	46.939
47.113288	47.113288	47.113
47.171338	47.171338	47.171
47.206168	47.206168	47.206
47.415147	47.415147	47.415
47.589297	47.589297	47.589
47.786667	47.786667	47.787
48.053696	48.053696	48.054
48.169796	48.169796	48.170
48.541315	48.541315	48.541
48.738685	48.738685	48.739
48.831565	48.831565	48.832
49.098594	49.098594	49.099
49.354014	49.354014	49.354
49.470113	49.470113	49.470
49.586213	49.586213	49.586
49.702313	49.702313	49.702
49.934512	49.934512	49.935
50.050612	50.050612	50.051
50.433741	50.433741	50.434
50.909751	50.909751	50.910
51.374150	51.374150	51.374
51.838549	51.838549	51.839
52.291338	52.291338	52.291
52.651247	52.651247	52.651
52.767347	52.767347	52.767
52.964717	52.964717	52.965
53.127256	53.127256	53.127
53.254966	53.254966	53.255
53.429116	53.429116	53.429
53.603265	53.603265	53.603
53.730975	53.730975	53.731
53.998005	53.998005	53.998
54.032834	54.032834	54.033
54.125714	54.125714	54.126
54.206984	54.206984	54.207
54.381134	54.381134	54.381
54.590113	54.590113	54.590
54.671383	54.671383	54.671
54.868753	54.868753	54.869
54.926803	54.926803	54.927
54.961633	54.961633	54.962
55.066122	55.066122	55.066
55.159002	55.159002	55.159
55.251882	55.251882	55.252
55.344762	55.344762	55.345
55.576961	55.576961	55.577
55.635011	55.635011	55.635
55.739501	55.739501	55.740
55.785941	55.785941	55.786
56.099410	56.099410	56.099
56.494150	56.494150	56.494
56.749569	56.749569	56.750
56.877279	56.877279	56.877
57.039819	57.039819	57.040
57.527438	57.527438	57.527
57.620317	57.620317	57.620
57.968617	57.968617	57.969
58.119546	58.119546	58.120
58.293696	58.293696	58.294
58.444626	58.444626	58.445
58.653605	58.653605	58.654
58.920635	58.920635	58.921
59.118005	59.118005	59.118
59.408254	59.408254	59.408
59.466304	59.466304	59.466
59.861043	59.861043	59.861
60.209342	60.209342	60.209
60.267392	60.267392	60.267
60.371882	60.371882	60.372
60.673741	60.673741	60.674
60.940771	60.940771	60.941
61.312290	61.312290	61.312
61.381950	61.381950	61.382
61.405170	61.405170	61.405
61.753469	61.753469	61.753
62.229478	62.229478	62.229
62.705488	62.705488	62.705
62.914467	62.914467	62.914
63.193107	63.193107	63.193
63.332426	63.332426	63.332
63.483356	63.483356	63.483
63.645896	63.645896	63.646
63.866485	63.866485	63.866
63.982585	63.982585	63.983
64.133515	64.133515	64.134
64.296054	64.296054	64.296
64.597914	64.597914	64.598
65.062313	65.062313	65.062
65.422222	65.422222	65.422
65.549932	65.549932	65.550
66.025941	66.025941	66.026
66.118821	66.118821	66.119
66.478730	66.478730	66.479
66.977959	66.977959	66.978
67.094059	67.094059	67.094
67.314649	67.314649	67.315
67.430748	67.430748	67.431
67.779048	67.779048	67.779
67.906757	67.906757	67.907
68.243447	68.243447	68.243
68.371156	68.371156	68.371
68.707846	68.707846	68.708
68.858776	68.858776	68.859
69.079365	69.079365	69.079
69.299955	69.299955	69.300
69.671474	69.671474	69.671
69.822404	69.822404	69.822
69.938503	69.938503	69.939
70.263583	70.263583	70.264
70.344853	70.344853	70.345
70.762812	70.762812	70.763
71.064671	71.064671	71.065
71.192381	71.192381	71.192
71.529070	71.529070	71.529
71.587120	71.587120	71.587
71.668390	71.668390	71.668
72.028299	72.028299	72.028
72.144399	72.144399	72.144
72.643628	72.643628	72.644
72.748118	72.748118	72.748
72.794558	72.794558	72.795
73.096417	73.096417	73.096
73.572426	73.572426	73.572
73.642086	73.642086	73.642
74.036825	74.036825	74.037
74.373515	74.373515	74.374
74.536054	74.536054	74.536
74.710204	74.710204	74.710
74.826304	74.826304	74.826
74.977234	74.977234	74.977
75.093333	75.093333	75.093
75.162993	75.162993	75.163
75.313923	75.313923	75.314
75.383583	75.383583	75.384
75.453243	75.453243	75.453
75.801542	75.801542	75.802
75.917642	75.917642	75.918
76.300771	76.300771	76.301
76.405261	76.405261	76.405
76.869660	76.869660	76.870
77.357279	77.357279	77.357
77.496599	77.496599	77.497
77.601088	77.601088	77.601
77.821678	77.821678	77.822
78.088707	78.088707	78.089
78.181587	78.181587	78.182
78.320907	78.320907	78.321
78.750476	78.750476	78.750
79.087166	79.087166	79.087
79.168435	79.168435	79.168
79.447075	79.447075	79.447
79.772154	79.772154	79.772
79.899864	79.899864	79.900
80.085624	80.085624	80.086
80.178503	80.178503	80.179
80.526803	80.526803	80.527
80.654512	80.654512	80.655
81.165351	81.165351	81.165
81.223401	81.223401	81.223
81.327891	81.327891	81.328
81.606531	81.606531	81.607
81.978050	81.978050	81.978
82.117370	82.117370	82.117
82.454059	82.454059	82.454
82.546939	82.546939	82.547
82.895238	82.895238	82.895
83.057778	83.057778	83.058
83.371247	83.371247	83.371
83.487347	83.487347	83.487
83.812426	83.812426	83.812
83.882086	83.882086	83.882
83.986576	83.986576	83.987
84.241995	84.241995	84.242
84.439365	84.439365	84.439
84.648345	84.648345	84.648
84.926984	84.926984	84.927
85.019864	85.019864	85.020
85.368163	85.368163	85.368
85.646803	85.646803	85.647
85.879002	85.879002	85.879
85.995102	85.995102	85.995
86.331791	86.331791	86.332
86.424671	86.424671	86.425
86.563991	86.563991	86.564
86.656871	86.656871	86.657
86.784580	86.784580	86.785
87.098050	87.098050	87.098
87.272200	87.272200	87.272
87.608889	87.608889	87.609
87.713379	87.713379	87.713
87.829478	87.829478	87.829
87.957188	87.957188	87.957
88.119728	88.119728	88.120
88.200998	88.200998	88.201
88.409977	88.409977	88.410
88.491247	88.491247	88.491
88.549297	88.549297	88.549
88.700227	88.700227	88.700
89.013696	89.013696	89.014
89.153016	89.153016	89.153
89.361995	89.361995	89.362
89.547755	89.547755	89.548
89.640635	89.640635	89.641
89.698685	89.698685	89.699
89.919274	89.919274	89.919
90.116644	90.116644	90.117
90.209524	90.209524	90.210
90.372063	90.372063	90.372
90.581043	90.581043	90.581
90.697143	90.697143	90.697
90.859683	90.859683	90.860
91.057052	91.057052	91.057
91.335692	91.335692	91.336
91.533061	91.533061	91.533
91.997460	91.997460	91.997
92.473469	92.473469	92.473
92.937868	92.937868	92.938
93.228118	93.228118	93.228
93.448707	93.448707	93.449
93.750567	93.750567	93.751
93.889887	93.889887	93.890
94.017596	94.017596	94.018
94.110476	94.110476	94.110
94.214966	94.214966	94.215
94.377506	94.377506	94.378
94.540045	94.540045	94.540
94.702585	94.702585	94.703
94.853515	94.853515	94.854
95.178594	95.178594	95.179
95.341134	95.341134	95.341
95.480454	95.480454	95.480
95.689433	95.689433	95.689
95.793923	95.793923	95.794
96.269932	96.269932	96.270
96.420862	96.420862	96.421
96.734331	96.734331	96.734
97.105850	97.105850	97.106
97.210340	97.210340	97.210
97.430930	97.430930	97.431
97.535420	97.535420	97.535
98.951837	98.951837	98.952
99.102766	99.102766	99.103
99.578776	99.578776	99.579
100.054785	100.054785	100.055
100.124444	100.124444	100.124
100.414694	100.414694	100.415
100.519184	100.519184	100.519
100.995193	100.995193	100.995
101.297052	101.297052	101.297
101.366712	101.366712	101.367
101.459592	101.459592	101.460
101.796281	101.796281	101.796
101.912381	101.912381	101.912
102.260680	102.260680	102.261
102.388390	102.388390	102.388
102.887619	102.887619	102.888
103.328798	103.328798	103.329
103.688707	103.688707	103.689
103.816417	103.816417	103.816
103.990567	103.990567	103.991
104.187937	104.187937	104.188
104.280816	104.280816	104.281
104.594286	104.594286	104.594
104.780045	104.780045	104.780
104.884535	104.884535	104.885
104.965805	104.965805	104.966
105.093515	105.093515	105.094
105.244444	105.244444	105.244
105.453424	105.453424	105.453
105.569524	105.569524	105.570
105.627574	105.627574	105.628
105.697234	105.697234	105.697
106.045533	106.045533	106.046
106.150023	106.150023	106.150
106.509932	106.509932	106.510
106.637642	106.637642	106.638
107.102041	107.102041	107.102
107.252971	107.252971	107.253
107.485170	107.485170	107.485
107.601270	107.601270	107.601
107.740590	107.740590	107.741
107.810249	107.810249	107.810
107.914739	107.914739	107.915
108.054059	108.054059	108.054
108.530068	108.530068	108.530
108.715828	108.715828	108.716
108.797098	108.797098	108.797
108.994467	108.994467	108.994
109.191837	109.191837	109.192
109.342766	109.342766	109.343
109.400816	109.400816	109.401
109.482086	109.482086	109.482
109.644626	109.644626	109.645
109.807166	109.807166	109.807
109.958095	109.958095	109.958
110.306395	110.306395	110.306
110.422494	110.422494	110.422
110.724354	110.724354	110.724
110.898503	110.898503	110.899
111.386122	111.386122	111.386
111.455782	111.455782	111.456
111.838912	111.838912	111.839
112.326531	112.326531	112.327
112.779320	112.779320	112.779
113.139229	113.139229	113.139
113.290159	113.290159	113.290
113.580408	113.580408	113.580
113.708118	113.708118	113.708
113.835828	113.835828	113.836
113.998367	113.998367	113.998
114.218957	114.218957	114.219
114.439546	114.439546	114.440
114.509206	114.509206	114.509
114.671746	114.671746	114.672
114.857506	114.857506	114.858
115.008435	115.008435	115.008
115.170975	115.170975	115.171
115.263855	115.263855	115.264
115.356735	115.356735	115.357
115.438005	115.438005	115.438
115.635374	115.635374	115.635
115.821134	115.821134	115.821
115.983673	115.983673	115.984
116.111383	116.111383	116.111
116.181043	116.181043	116.181
116.297143	116.297143	116.297
116.436463	116.436463	116.436
116.575782	116.575782	116.576
116.691882	116.691882	116.692
117.051791	117.051791	117.052
117.191111	117.191111	117.191
117.342041	117.342041	117.342
117.504580	117.504580	117.505
117.992200	117.992200	117.992
118.282449	118.282449	118.282
118.456599	118.456599	118.457
118.932608	118.932608	118.933
119.083537	119.083537	119.084
119.257687	119.257687	119.258
119.397007	119.397007	119.397
119.861406	119.861406	119.861
119.907846	119.907846	119.908
120.093605	120.093605	120.094
120.325805	120.325805	120.326
120.836644	120.836644	120.837
120.883084	120.883084	120.883
121.092063	121.092063	121.092
121.184943	121.184943	121.185
121.277823	121.277823	121.278
121.510023	121.510023	121.510
121.591293	121.591293	121.591
121.765442	121.765442	121.765
121.904762	121.904762	121.905
122.090522	122.090522	122.091
122.229841	122.229841	122.230
122.717460	122.717460	122.717
123.100590	123.100590	123.101
123.193469	123.193469	123.193
123.402449	123.402449	123.402
123.472109	123.472109	123.472
123.669478	123.669478	123.669
123.901678	123.901678	123.902
124.122268	124.122268	124.122
124.273197	124.273197	124.273
124.482177	124.482177	124.482
124.609887	124.609887	124.610
124.691156	124.691156	124.691
124.784036	124.784036	124.784
125.074286	125.074286	125.074
125.457415	125.457415	125.457
125.585125	125.585125	125.585
126.014694	126.014694	126.015
126.537143	126.537143	126.537
126.699683	126.699683	126.700
126.792562	126.792562	126.793
126.955102	126.955102	126.955
127.291791	127.291791	127.292
127.454331	127.454331	127.454
127.767800	127.767800	127.768
127.895510	127.895510	127.896
128.058050	128.058050	128.058
128.185760	128.185760	128.186
128.371519	128.371519	128.372
128.673379	128.673379	128.673
128.824308	128.824308	128.824
129.346757	129.346757	129.347
129.451247	129.451247	129.451
129.776327	129.776327	129.776
129.869206	129.869206	129.869
130.252336	130.252336	130.252
130.414875	130.414875	130.415
130.623855	130.623855	130.624
130.739955	130.739955	130.740
130.832834	130.832834	130.833
131.041814	131.041814	131.042
131.204354	131.204354	131.204
131.308844	131.308844	131.309
131.668753	131.668753	131.669
131.796463	131.796463	131.796
132.226032	132.226032	132.226
132.330522	132.330522	132.331
132.655601	132.655601	132.656
132.748481	132.748481	132.748
132.992290	132.992290	132.992
133.073560	133.073560	133.074
133.108390	133.108390	133.108
133.561179	133.561179	133.561
133.932698	133.932698	133.933
134.037188	134.037188	134.037
134.501587	134.501587	134.502
134.594467	134.594467	134.594
134.664127	134.664127	134.664
134.768617	134.768617	134.769
135.058866	135.058866	135.059
135.453605	135.453605	135.454
135.964444	135.964444	135.964
136.034104	136.034104	136.034
136.138594	136.138594	136.139
136.417234	136.417234	136.417
136.765533	136.765533	136.766
136.858413	136.858413	136.858
137.357642	137.357642	137.358
137.856871	137.856871	137.857
138.193560	138.193560	138.194
138.298050	138.298050	138.298
138.507029	138.507029	138.507
138.634739	138.634739	138.635
138.843719	138.843719	138.844
138.924989	138.924989	138.925
139.029478	139.029478	139.029
139.296508	139.296508	139.297
139.435828	139.435828	139.436
139.517098	139.517098	139.517
139.784127	139.784127	139.784
139.900227	139.900227	139.900
140.051156	140.051156	140.051
140.213696	140.213696	140.214
140.318186	140.318186	140.318
140.573605	140.573605	140.574
140.666485	140.666485	140.666
140.701315	140.701315	140.701
141.154104	141.154104	141.154
141.502404	141.502404	141.502
141.595283	141.595283	141.595
142.071293	142.071293	142.071
142.187392	142.187392	142.187
142.419592	142.419592	142.420
142.558912	142.558912	142.559
142.895601	142.895601	142.896
143.011701	143.011701	143.012
143.499320	143.499320	143.499
143.847619	143.847619	143.848
143.940499	143.940499	143.940
144.312018	144.312018	144.312
144.416508	144.416508	144.417
144.880907	144.880907	144.881
145.391746	145.391746	145.392
145.844535	145.844535	145.845
146.366984	146.366984	146.367
146.796553	146.796553	146.797
147.144853	147.144853	147.145
147.748571	147.748571	147.749
148.224580	148.224580	148.225
148.688980	148.688980	148.689
149.176599	149.176599	149.177
149.640998	149.640998	149.641
150.117007	150.117007	150.117
150.163447	150.163447	150.163
150.569796	150.569796	150.570
151.045805	151.045805	151.046
151.521814	151.521814	151.522
151.858503	151.858503	151.859
151.986213	151.986213	151.986
152.044263	152.044263	152.044
152.334512	152.334512	152.335
152.601542	152.601542	152.602
152.810522	152.810522	152.811
152.949841	152.949841	152.950
153.286531	153.286531	153.287
153.716100	153.716100	153.716
153.878639	153.878639	153.879
153.936689	153.936689	153.937
154.238549	154.238549	154.239
154.296599	154.296599	154.297
154.366259	154.366259	154.366
154.459138	154.459138	154.459
154.819048	154.819048	154.819
154.946757	154.946757	154.947
155.167347	155.167347	155.167
155.306667	155.306667	155.307
155.608526	155.608526	155.609
155.782676	155.782676	155.783
155.921995	155.921995	155.922
156.084535	156.084535	156.085
156.258685	156.258685	156.259
156.374785	156.374785	156.375
156.467664	156.467664	156.468
156.746304	156.746304	156.746
157.245533	157.245533	157.246
157.396463	157.396463	157.396
157.559002	157.559002	157.559
157.721542	157.721542	157.722
159.474649	159.474649	159.475
159.567528	159.567528	159.568
159.718458	159.718458	159.718
159.904218	159.904218	159.904
160.043537	160.043537	160.044
160.519546	160.519546	160.520
160.577596	160.577596	160.578
160.612426	160.612426	160.612
160.983946	160.983946	160.984
161.332245	161.332245	161.332
161.471565	161.471565	161.472
161.796644	161.796644	161.797
161.924354	161.924354	161.924
162.272653	162.272653	162.273
162.411973	162.411973	162.412
162.771882	162.771882	162.772
162.864762	162.864762	162.865
163.375601	163.375601	163.376
163.468481	163.468481	163.468
163.677460	163.677460	163.677
163.805170	163.805170	163.805
164.292789	164.292789	164.293
164.339229	164.339229	164.339
164.757188	164.757188	164.757
165.163537	165.163537	165.164
165.244807	165.244807	165.245
165.360907	165.360907	165.361
165.720816	165.720816	165.721
166.080726	166.080726	166.081
166.208435	166.208435	166.208
166.533515	166.533515	166.534
166.649615	166.649615	166.650
166.997914	166.997914	166.998
167.125624	167.125624	167.126
167.462313	167.462313	167.462
167.566803	167.566803	167.567
168.077642	168.077642	168.078
168.344671	168.344671	168.345
168.530431	168.530431	168.530
168.739410	168.739410	168.739
168.948390	168.948390	168.948
169.029660	169.029660	169.030
169.459229	169.459229	169.459
169.668209	169.668209	169.668
169.807528	169.807528	169.808
169.877188	169.877188	169.877
170.109388	170.109388	170.109
170.318367	170.318367	170.318
170.411247	170.411247	170.411
170.747937	170.747937	170.748
170.910476	170.910476	170.910
171.235556	171.235556	171.236
171.351655	171.351655	171.352
171.862494	171.862494	171.862
172.315283	172.315283	172.315
172.802902	172.802902	172.803
173.116372	173.116372	173.116
173.244082	173.244082	173.244
173.603991	173.603991	173.604
173.754921	173.754921	173.755
174.068390	174.068390	174.068
174.196100	174.196100	174.196
174.300590	174.300590	174.301
174.439909	174.439909	174.440
174.695329	174.695329	174.695
174.834649	174.834649	174.835
175.148118	175.148118	175.148
175.345488	175.345488	175.345
175.635737	175.635737	175.636
175.763447	175.763447	175.763
176.088526	176.088526	176.089
176.343946	176.343946	176.344
176.599365	176.599365	176.599
176.761905	176.761905	176.762
177.028934	177.028934	177.029
177.307574	177.307574	177.308
177.528163	177.528163	177.528
177.679093	177.679093	177.679
178.375692	178.375692	178.376
178.503401	178.503401	178.503
178.747211	178.747211	178.747
179.060680	179.060680	179.061
179.617959	179.617959	179.618
179.792109	179.792109	179.792
180.024308	180.024308	180.024
180.326168	180.326168	180.326
180.523537	180.523537	180.524
180.639637	180.639637	180.640
181.150476	181.150476	181.150
181.301406	181.301406	181.301
181.405896	181.405896	181.406
181.510385	181.510385	181.510
181.893515	181.893515	181.894
182.195374	182.195374	182.195
182.288254	182.288254	182.288
182.462404	182.462404	182.462
182.822313	182.822313	182.822
182.950023	182.950023	182.950
184.645079	184.645079	184.645
184.993379	184.993379	184.993
185.283628	185.283628	185.284
185.399728	185.399728	185.400
187.953923	187.953923	187.954
188.139683	188.139683	188.140
188.429932	188.429932	188.430
188.696961	188.696961	188.697
189.857959	189.857959	189.858
190.066939	190.066939	190.067
190.264308	190.264308	190.264
190.589388	190.589388	190.589
190.705488	190.705488	190.705
190.833197	190.833197	190.833
191.553016	191.553016	191.553
192.005805	192.005805	192.006
192.806893	192.806893	192.807
193.886621	193.886621	193.887
194.014331	194.014331	194.014
194.258141	194.258141	194.258
194.409070	194.409070	194.409
195.303039	195.303039	195.303
196.080907	196.080907	196.081
196.185397	196.185397	196.185
196.986485	196.986485	196.986
197.613424	197.613424	197.613
197.764354	197.764354	197.764
198.251973	198.251973	198.252
198.611882	198.611882	198.612
198.727982	198.727982	198.728
199.238821	199.238821	199.239
199.656780	199.656780	199.657
200.156009	200.156009	200.156
200.248889	200.248889	200.249
200.620408	200.620408	200.620
200.945488	200.945488	200.945
201.073197	201.073197	201.073
201.444717	201.444717	201.445
201.549206	201.549206	201.549
202.036825	202.036825	202.037
202.385125	202.385125	202.385
202.489615	202.489615	202.490
203.046893	203.046893	203.047
203.453243	203.453243	203.453
203.929252	203.929252	203.929
204.033741	204.033741	204.034
204.405261	204.405261	204.405
204.730340	204.730340	204.730
204.858050	204.858050	204.858
205.206349	205.206349	205.206
205.334059	205.334059	205.334
205.821678	205.821678	205.822
206.158367	206.158367	206.158
206.286077	206.286077	206.286
206.773696	206.773696	206.774
206.820136	206.820136	206.820
207.238095	207.238095	207.238
207.725714	207.725714	207.726
208.190113	208.190113	208.190
208.503583	208.503583	208.504
208.550023	208.550023	208.550
208.654512	208.654512	208.655
208.956372	208.956372	208.956
209.118912	209.118912	209.119
209.594921	209.594921	209.595
209.676190	209.676190	209.676
209.920000	209.920000	209.920
210.558549	210.558549	210.559
211.046168	211.046168	211.046
211.522177	211.522177	211.522
211.580227	211.580227	211.580
211.858866	211.858866	211.859
212.323265	212.323265	212.323
212.950204	212.950204	212.950
213.147574	213.147574	213.148
213.217234	213.217234	213.217
