0.267029	0.267029	0.267
0.371519	0.371519	0.372
1.114558	1.114558	1.115
1.683447	1.683447	1.683
1.915646	1.915646	1.916
3.088254	3.088254	3.088
3.506213	3.506213	3.506
4.318912	4.318912	4.319
5.015510	5.015510	5.016
5.166440	5.166440	5.166
5.294150	5.294150	5.294
5.340590	5.340590	5.341
5.491519	5.491519	5.492
5.735329	5.735329	5.735
5.921088	5.921088	5.921
6.002358	6.002358	6.002
6.176508	6.176508	6.177
6.327438	6.327438	6.327
6.536417	6.536417	6.536
6.733787	6.733787	6.734
6.942766	6.942766	6.943
7.000816	7.000816	7.001
7.093696	7.093696	7.094
7.314286	7.314286	7.314
7.441995	7.441995	7.442
7.639365	7.639365	7.639
7.836735	7.836735	7.837
7.929615	7.929615	7.930
8.161814	8.161814	8.162
8.277914	8.277914	8.278
8.382404	8.382404	8.382
8.521723	8.521723	8.522
8.765533	8.765533	8.766
8.997732	8.997732	8.998
9.264762	9.264762	9.265
9.555011	9.555011	9.555
9.740771	9.740771	9.741
9.833651	9.833651	9.834
9.996190	9.996190	9.996
10.181950	10.181950	10.182
10.286440	10.286440	10.286
10.367710	10.367710	10.368
10.541859	10.541859	10.542
10.808889	10.808889	10.809
11.203628	11.203628	11.204
11.609977	11.609977	11.610
11.668027	11.668027	11.668
11.807347	11.807347	11.807
11.877007	11.877007	11.877
11.911837	11.911837	11.912
12.004717	12.004717	12.005
12.248526	12.248526	12.249
12.527166	12.527166	12.527
12.817415	12.817415	12.817
13.107664	13.107664	13.108
13.246984	13.246984	13.247
13.374694	13.374694	13.375
13.653333	13.653333	13.653
13.815873	13.815873	13.816
13.873923	13.873923	13.874
13.978413	13.978413	13.978
14.082902	14.082902	14.083
14.477642	14.477642	14.478
14.651791	14.651791	14.652
14.872381	14.872381	14.872
14.953651	14.953651	14.954
15.197460	15.197460	15.197
15.278730	15.278730	15.279
15.545760	15.545760	15.546
15.661859	15.661859	15.662
15.824399	15.824399	15.824
15.928889	15.928889	15.929
16.126259	16.126259	16.126
16.288798	16.288798	16.289
16.497778	16.497778	16.498
16.567438	16.567438	16.567
16.648707	16.648707	16.649
16.741587	16.741587	16.742
16.834467	16.834467	16.834
16.938957	16.938957	16.939
17.020227	17.020227	17.020
17.124717	17.124717	17.125
17.287256	17.287256	17.287
17.473016	17.473016	17.473
17.705215	17.705215	17.705
17.925805	17.925805	17.926
18.065125	18.065125	18.065
18.111565	18.111565	18.112
18.285714	18.285714	18.286
18.471474	18.471474	18.471
18.529524	18.529524	18.530
18.912653	18.912653	18.913
19.168073	19.168073	19.168
19.307392	19.307392	19.307
19.504762	19.504762	19.505
19.574422	19.574422	19.574
19.736961	19.736961	19.737
19.829841	19.829841	19.830
19.980771	19.980771	19.981
20.143311	20.143311	20.143
20.387120	20.387120	20.387
20.549660	20.549660	20.550
20.677370	20.677370	20.677
20.863129	20.863129	20.863
20.967619	20.967619	20.968
21.106939	21.106939	21.107
21.350748	21.350748	21.351
21.501678	21.501678	21.502
22.047347	22.047347	22.047
22.163447	22.163447	22.163
22.349206	22.349206	22.349
22.523356	22.523356	22.523
22.627846	22.627846	22.628
22.813605	22.813605	22.814
22.976145	22.976145	22.976
23.045805	23.045805	23.046
23.127075	23.127075	23.127
23.208345	23.208345	23.208
23.278005	23.278005	23.278
23.382494	23.382494	23.382
23.463764	23.463764	23.464
23.626304	23.626304	23.626
23.777234	23.777234	23.777
24.195193	24.195193	24.195
24.485442	24.485442	24.485
24.589932	24.589932	24.590
25.205261	25.205261	25.205
25.402630	25.402630	25.403
25.808980	25.808980	25.809
26.064399	26.064399	26.064
26.122449	26.122449	26.122
26.215329	26.215329	26.215
26.528798	26.528798	26.529
26.586848	26.586848	26.587
26.679728	26.679728	26.680
26.749388	26.749388	26.749
26.842268	26.842268	26.842
27.016417	27.016417	27.016
27.120907	27.120907	27.121
27.387937	27.387937	27.388
27.654966	27.654966	27.655
27.713016	27.713016	27.713
27.875556	27.875556	27.876
28.049705	28.049705	28.050
28.316735	28.316735	28.317
28.502494	28.502494	28.502
28.618594	28.618594	28.619
28.897234	28.897234	28.897
29.071383	29.071383	29.071
29.199093	29.199093	29.199
29.338413	29.338413	29.338
29.442902	29.442902	29.443
29.663492	29.663492	29.663
29.733152	29.733152	29.733
30.023401	30.023401	30.023
30.197551	30.197551	30.198
30.290431	30.290431	30.290
30.452971	30.452971	30.453
30.534240	30.534240	30.534
30.603900	30.603900	30.604
30.743220	30.743220	30.743
30.870930	30.870930	30.871
30.987029	30.987029	30.987
31.149569	31.149569	31.150
31.346939	31.346939	31.347
31.439819	31.439819	31.440
31.555918	31.555918	31.556
31.741678	31.741678	31.742
31.834558	31.834558	31.835
32.008707	32.008707	32.009
32.148027	32.148027	32.148
32.310567	32.310567	32.311
32.391837	32.391837	32.392
32.438277	32.438277	32.438
32.577596	32.577596	32.578
32.751746	32.751746	32.752
32.844626	32.844626	32.845
33.018776	33.018776	33.019
33.146485	33.146485	33.146
33.320635	33.320635	33.321
33.459955	33.459955	33.460
33.645714	33.645714	33.646
33.726984	33.726984	33.727
33.901134	33.901134	33.901
34.005624	34.005624	34.006
34.295873	34.295873	34.296
34.562902	34.562902	34.563
34.725442	34.725442	34.725
34.876372	34.876372	34.876
35.015692	35.015692	35.016
35.143401	35.143401	35.143
35.201451	35.201451	35.201
35.317551	35.317551	35.318
35.445261	35.445261	35.445
35.735510	35.735510	35.736
35.874830	35.874830	35.875
36.014150	36.014150	36.014
36.304399	36.304399	36.304
36.583039	36.583039	36.583
36.768798	36.768798	36.769
36.873288	36.873288	36.873
37.024218	37.024218	37.024
37.151927	37.151927	37.152
37.326077	37.326077	37.326
37.523447	37.523447	37.523
37.627937	37.627937	37.628
37.732426	37.732426	37.732
37.883356	37.883356	37.883
38.034286	38.034286	38.034
38.312925	38.312925	38.313
38.579955	38.579955	38.580
38.765714	38.765714	38.766
38.870204	38.870204	38.870
38.974694	38.974694	38.975
39.090794	39.090794	39.091
39.322993	39.322993	39.323
39.439093	39.439093	39.439
39.601633	39.601633	39.602
39.717732	39.717732	39.718
39.857052	39.857052	39.857
40.007982	40.007982	40.008
40.170522	40.170522	40.171
40.309841	40.309841	40.310
40.437551	40.437551	40.438
40.576871	40.576871	40.577
40.716190	40.716190	40.716
40.867120	40.867120	40.867
41.006440	41.006440	41.006
41.122540	41.122540	41.123
41.192200	41.192200	41.192
41.308299	41.308299	41.308
41.366349	41.366349	41.366
41.459229	41.459229	41.459
41.540499	41.540499	41.540
41.807528	41.807528	41.808
42.004898	42.004898	42.005
42.132608	42.132608	42.133
42.202268	42.202268	42.202
42.295147	42.295147	42.295
42.434467	42.434467	42.434
42.515737	42.515737	42.516
42.597007	42.597007	42.597
42.666667	42.666667	42.667
42.759546	42.759546	42.760
42.840816	42.840816	42.841
42.933696	42.933696	42.934
43.154286	43.154286	43.154
43.316825	43.316825	43.317
43.479365	43.479365	43.479
43.583855	43.583855	43.584
43.688345	43.688345	43.688
43.769615	43.769615	43.770
43.874104	43.874104	43.874
44.025034	44.025034	44.025
44.141134	44.141134	44.141
44.245624	44.245624	44.246
44.361723	44.361723	44.362
44.466213	44.466213	44.466
44.582313	44.582313	44.582
44.826122	44.826122	44.826
44.977052	44.977052	44.977
45.162812	45.162812	45.163
45.302132	45.302132	45.302
45.429841	45.429841	45.430
45.592381	45.592381	45.592
45.720091	45.720091	45.720
45.871020	45.871020	45.871
45.998730	45.998730	45.999
46.149660	46.149660	46.150
46.358639	46.358639	46.359
46.579229	46.579229	46.579
46.730159	46.730159	46.730
46.869478	46.869478	46.869
46.997188	46.997188	46.997
47.159728	47.159728	47.160
47.287438	47.287438	47.287
47.473197	47.473197	47.473
47.647347	47.647347	47.647
47.740227	47.740227	47.740
47.914376	47.914376	47.914
48.042086	48.042086	48.042
48.158186	48.158186	48.158
48.204626	48.204626	48.205
48.297506	48.297506	48.298
48.460045	48.460045	48.460
48.599365	48.599365	48.599
48.738685	48.738685	48.739
48.866395	48.866395	48.866
48.947664	48.947664	48.948
49.028934	49.028934	49.029
49.121814	49.121814	49.122
49.191474	49.191474	49.191
49.272744	49.272744	49.273
49.354014	49.354014	49.354
49.423673	49.423673	49.424
49.574603	49.574603	49.575
49.713923	49.713923	49.714
49.853243	49.853243	49.853
49.980952	49.980952	49.981
50.294422	50.294422	50.294
50.433741	50.433741	50.434
50.573061	50.573061	50.573
50.700771	50.700771	50.701
50.944580	50.944580	50.945
51.049070	51.049070	51.049
51.153560	51.153560	51.154
51.281270	51.281270	51.281
51.443810	51.443810	51.444
51.606349	51.606349	51.606
51.710839	51.710839	51.711
51.884989	51.884989	51.885
52.012698	52.012698	52.013
52.210068	52.210068	52.210
52.337778	52.337778	52.338
52.442268	52.442268	52.442
52.581587	52.581587	52.582
52.732517	52.732517	52.733
52.871837	52.871837	52.872
52.953107	52.953107	52.953
53.045986	53.045986	53.046
53.150476	53.150476	53.150
53.301406	53.301406	53.301
53.487166	53.487166	53.487
53.591655	53.591655	53.592
53.742585	53.742585	53.743
53.905125	53.905125	53.905
54.009615	54.009615	54.010
54.160544	54.160544	54.161
54.299864	54.299864	54.300
54.427574	54.427574	54.428
54.590113	54.590113	54.590
54.706213	54.706213	54.706
54.787483	54.787483	54.787
54.868753	54.868753	54.869
55.066122	55.066122	55.066
55.263492	55.263492	55.263
55.437642	55.437642	55.438
55.588571	55.588571	55.589
55.739501	55.739501	55.740
55.867211	55.867211	55.867
56.006531	56.006531	56.007
56.227120	56.227120	56.227
56.494150	56.494150	56.494
56.587029	56.587029	56.587
56.772789	56.772789	56.773
56.877279	56.877279	56.877
56.958549	56.958549	56.959
57.028209	57.028209	57.028
57.144308	57.144308	57.144
57.364898	57.364898	57.365
57.480998	57.480998	57.481
57.631927	57.631927	57.632
57.724807	57.724807	57.725
57.922177	57.922177	57.922
58.015057	58.015057	58.015
58.131156	58.131156	58.131
58.293696	58.293696	58.294
58.386576	58.386576	58.387
58.723265	58.723265	58.723
58.862585	58.862585	58.863
58.943855	58.943855	58.944
59.164444	59.164444	59.164
59.245714	59.245714	59.246
59.303764	59.303764	59.304
59.443084	59.443084	59.443
59.594014	59.594014	59.594
59.710113	59.710113	59.710
59.895873	59.895873	59.896
60.011973	60.011973	60.012
60.151293	60.151293	60.151
60.325442	60.325442	60.325
60.441542	60.441542	60.442
60.580862	60.580862	60.581
60.685351	60.685351	60.685
60.755011	60.755011	60.755
60.847891	60.847891	60.848
61.010431	61.010431	61.010
61.149751	61.149751	61.150
61.312290	61.312290	61.312
61.428390	61.428390	61.428
61.579320	61.579320	61.579
61.707029	61.707029	61.707
61.857959	61.857959	61.858
62.020499	62.020499	62.020
62.124989	62.124989	62.125
62.299138	62.299138	62.299
62.380408	62.380408	62.380
62.589388	62.589388	62.589
62.728707	62.728707	62.729
62.868027	62.868027	62.868
63.007347	63.007347	63.007
63.065397	63.065397	63.065
63.169887	63.169887	63.170
63.297596	63.297596	63.298
63.436916	63.436916	63.437
63.553016	63.553016	63.553
63.715556	63.715556	63.716
64.005805	64.005805	64.006
64.435374	64.435374	64.435
64.586304	64.586304	64.586
64.737234	64.737234	64.737
64.864943	64.864943	64.865
65.027483	65.027483	65.027
65.155193	65.155193	65.155
65.317732	65.317732	65.318
65.433832	65.433832	65.434
65.538322	65.538322	65.538
65.596372	65.596372	65.596
65.735692	65.735692	65.736
65.886621	65.886621	65.887
66.025941	66.025941	66.026
66.211701	66.211701	66.212
66.292971	66.292971	66.293
66.385850	66.385850	66.386
66.571610	66.571610	66.572
66.734150	66.734150	66.734
66.873469	66.873469	66.873
67.024399	67.024399	67.024
67.175329	67.175329	67.175
67.314649	67.314649	67.315
67.442358	67.442358	67.442
67.616508	67.616508	67.617
67.883537	67.883537	67.884
68.011247	68.011247	68.011
68.301497	68.301497	68.301
68.580136	68.580136	68.580
68.870385	68.870385	68.870
69.032925	69.032925	69.033
69.160635	69.160635	69.161
69.311565	69.311565	69.312
69.439274	69.439274	69.439
69.590204	69.590204	69.590
69.729524	69.729524	69.730
69.892063	69.892063	69.892
70.159093	70.159093	70.159
70.310023	70.310023	70.310
70.460952	70.460952	70.461
70.588662	70.588662	70.589
70.867302	70.867302	70.867
71.157551	71.157551	71.158
71.308481	71.308481	71.308
71.447800	71.447800	71.448
71.598730	71.598730	71.599
71.888980	71.888980	71.889
72.016689	72.016689	72.017
72.179229	72.179229	72.179
72.283719	72.283719	72.284
72.585578	72.585578	72.586
72.829388	72.829388	72.829
72.933878	72.933878	72.934
73.003537	73.003537	73.004
73.154467	73.154467	73.154
73.305397	73.305397	73.305
73.514376	73.514376	73.514
73.607256	73.607256	73.607
73.723356	73.723356	73.723
73.943946	73.943946	73.944
74.025215	74.025215	74.025
74.152925	74.152925	74.153
74.303855	74.303855	74.304
74.431565	74.431565	74.432
74.675374	74.675374	74.675
74.721814	74.721814	74.722
74.861134	74.861134	74.861
75.035283	75.035283	75.035
75.139773	75.139773	75.140
75.418413	75.418413	75.418
75.569342	75.569342	75.569
75.743492	75.743492	75.743
75.871202	75.871202	75.871
76.010522	76.010522	76.011
76.149841	76.149841	76.150
76.219501	76.219501	76.220
76.451701	76.451701	76.452
76.591020	76.591020	76.591
76.869660	76.869660	76.870
76.997370	76.997370	76.997
77.148299	77.148299	77.148
77.241179	77.241179	77.241
77.450159	77.450159	77.450
77.531429	77.531429	77.531
77.635918	77.635918	77.636
77.717188	77.717188	77.717
77.914558	77.914558	77.915
78.100317	78.100317	78.100
78.193197	78.193197	78.193
78.286077	78.286077	78.286
78.448617	78.448617	78.449
78.622766	78.622766	78.623
78.738866	78.738866	78.739
78.854966	78.854966	78.855
79.098776	79.098776	79.099
79.168435	79.168435	79.168
79.284535	79.284535	79.285
79.470295	79.470295	79.470
79.725714	79.725714	79.726
79.888254	79.888254	79.888
80.015964	80.015964	80.016
80.190113	80.190113	80.190
80.317823	80.317823	80.318
80.387483	80.387483	80.387
80.480363	80.480363	80.480
80.584853	80.584853	80.585
80.735782	80.735782	80.736
80.863492	80.863492	80.863
81.026032	81.026032	81.026
81.165351	81.165351	81.165
81.246621	81.246621	81.247
81.583311	81.583311	81.583
81.722630	81.722630	81.723
82.001270	82.001270	82.001
82.210249	82.210249	82.210
82.303129	82.303129	82.303
82.477279	82.477279	82.477
82.593379	82.593379	82.593
82.744308	82.744308	82.744
82.872018	82.872018	82.872
83.022948	83.022948	83.023
83.162268	83.162268	83.162
83.313197	83.313197	83.313
83.440907	83.440907	83.441
83.580227	83.580227	83.580
83.661497	83.661497	83.661
83.731156	83.731156	83.731
83.870476	83.870476	83.870
84.009796	84.009796	84.010
84.114286	84.114286	84.114
84.288435	84.288435	84.288
84.590295	84.590295	84.590
84.764444	84.764444	84.764
85.031474	85.031474	85.031
85.147574	85.147574	85.148
85.333333	85.333333	85.333
85.519093	85.519093	85.519
85.611973	85.611973	85.612
85.716463	85.716463	85.716
85.879002	85.879002	85.879
85.960272	85.960272	85.960
86.029932	86.029932	86.030
86.157642	86.157642	86.158
86.296961	86.296961	86.297
86.447891	86.447891	86.448
86.587211	86.587211	86.587
86.877460	86.877460	86.877
87.005170	87.005170	87.005
87.063220	87.063220	87.063
87.167710	87.167710	87.168
87.330249	87.330249	87.330
87.446349	87.446349	87.446
87.562449	87.562449	87.562
87.783039	87.783039	87.783
87.875918	87.875918	87.876
88.003628	88.003628	88.004
88.305488	88.305488	88.305
88.433197	88.433197	88.433
88.584127	88.584127	88.584
88.723447	88.723447	88.723
88.909206	88.909206	88.909
88.978866	88.978866	88.979
89.153016	89.153016	89.153
89.443265	89.443265	89.443
89.594195	89.594195	89.594
89.721905	89.721905	89.722
89.861224	89.861224	89.861
90.023764	90.023764	90.024
90.174694	90.174694	90.175
90.290794	90.290794	90.291
90.441723	90.441723	90.442
90.522993	90.522993	90.523
90.592653	90.592653	90.593
90.731973	90.731973	90.732
90.871293	90.871293	90.871
91.161542	91.161542	91.162
91.300862	91.300862	91.301
91.440181	91.440181	91.440
91.637551	91.637551	91.638
91.869751	91.869751	91.870
91.985850	91.985850	91.986
92.101950	92.101950	92.102
92.160000	92.160000	92.160
92.287710	92.287710	92.288
92.427029	92.427029	92.427
92.589569	92.589569	92.590
92.717279	92.717279	92.717
92.856599	92.856599	92.857
93.007528	93.007528	93.008
93.112018	93.112018	93.112
93.332608	93.332608	93.333
93.437098	93.437098	93.437
93.553197	93.553197	93.553
93.727347	93.727347	93.727
93.855057	93.855057	93.855
94.017596	94.017596	94.018
94.180136	94.180136	94.180
94.307846	94.307846	94.308
94.447166	94.447166	94.447
94.563265	94.563265	94.563
94.725805	94.725805	94.726
94.853515	94.853515	94.854
94.992834	94.992834	94.993
95.132154	95.132154	95.132
95.306304	95.306304	95.306
95.445624	95.445624	95.446
95.584943	95.584943	95.585
95.724263	95.724263	95.724
96.014512	96.014512	96.015
96.304762	96.304762	96.305
96.432472	96.432472	96.432
96.595011	96.595011	96.595
96.873651	96.873651	96.874
97.036190	97.036190	97.036
97.152290	97.152290	97.152
97.303220	97.303220	97.303
97.442540	97.442540	97.443
97.570249	97.570249	97.570
97.721179	97.721179	97.721
97.883719	97.883719	97.884
98.011429	98.011429	98.011
98.150748	98.150748	98.151
98.301678	98.301678	98.302
98.406168	98.406168	98.406
98.568707	98.568707	98.569
98.870567	98.870567	98.871
99.021497	99.021497	99.021
99.149206	99.149206	99.149
99.300136	99.300136	99.300
99.439456	99.439456	99.439
99.625215	99.625215	99.625
99.869025	99.869025	99.869
100.008345	100.008345	100.008
100.159274	100.159274	100.159
100.275374	100.275374	100.275
100.414694	100.414694	100.415
100.577234	100.577234	100.577
100.739773	100.739773	100.740
101.157732	101.157732	101.158
101.308662	101.308662	101.309
101.459592	101.459592	101.460
101.807891	101.807891	101.808
102.016871	102.016871	102.017
102.191020	102.191020	102.191
102.434830	102.434830	102.435
102.492880	102.492880	102.493
102.620590	102.620590	102.621
102.817959	102.817959	102.818
103.015329	103.015329	103.015
103.073379	103.073379	103.073
103.154649	103.154649	103.155
103.247528	103.247528	103.248
103.328798	103.328798	103.329
103.421678	103.421678	103.422
103.619048	103.619048	103.619
103.700317	103.700317	103.700
103.828027	103.828027	103.828
104.013787	104.013787	104.014
104.153107	104.153107	104.153
104.292426	104.292426	104.292
104.582676	104.582676	104.583
104.733605	104.733605	104.734
104.884535	104.884535	104.885
105.000635	105.000635	105.001
105.151565	105.151565	105.152
105.430204	105.430204	105.430
105.534694	105.534694	105.535
105.732063	105.732063	105.732
105.871383	105.871383	105.871
106.010703	106.010703	106.011
106.173243	106.173243	106.173
106.289342	106.289342	106.289
106.440272	106.440272	106.440
106.579592	106.579592	106.580
106.730522	106.730522	106.731
106.985941	106.985941	106.986
107.148481	107.148481	107.148
107.287800	107.287800	107.288
107.415510	107.415510	107.416
107.578050	107.578050	107.578
107.717370	107.717370	107.717
107.845079	107.845079	107.845
108.019229	108.019229	108.019
108.204989	108.204989	108.205
108.309478	108.309478	108.309
108.460408	108.460408	108.460
108.588118	108.588118	108.588
108.727438	108.727438	108.727
108.866757	108.866757	108.867
109.006077	109.006077	109.006
109.157007	109.157007	109.157
109.284717	109.284717	109.285
109.435646	109.435646	109.436
109.574966	109.574966	109.575
109.737506	109.737506	109.738
109.900045	109.900045	109.900
110.004535	110.004535	110.005
110.155465	110.155465	110.155
110.294785	110.294785	110.295
110.434104	110.434104	110.434
110.538594	110.538594	110.539
110.863673	110.863673	110.864
110.956553	110.956553	110.957
111.153923	111.153923	111.154
111.304853	111.304853	111.305
111.467392	111.467392	111.467
111.606712	111.606712	111.607
111.711202	111.711202	111.711
111.850522	111.850522	111.851
112.013061	112.013061	112.013
112.175601	112.175601	112.176
112.291701	112.291701	112.292
112.442630	112.442630	112.443
112.581950	112.581950	112.582
112.814150	112.814150	112.814
112.883810	112.883810	112.884
113.150839	113.150839	113.151
113.441088	113.441088	113.441
113.650068	113.650068	113.650
113.719728	113.719728	113.720
113.859048	113.859048	113.859
114.044807	114.044807	114.045
114.160907	114.160907	114.161
114.311837	114.311837	114.312
114.404717	114.404717	114.405
114.578866	114.578866	114.579
114.683356	114.683356	114.683
114.869116	114.869116	114.869
114.985215	114.985215	114.985
115.159365	115.159365	115.159
115.356735	115.356735	115.357
115.438005	115.438005	115.438
115.635374	115.635374	115.635
115.925624	115.925624	115.926
116.006893	116.006893	116.007
116.122993	116.122993	116.123
116.273923	116.273923	116.274
116.436463	116.436463	116.436
116.587392	116.587392	116.587
116.854422	116.854422	116.854
116.958912	116.958912	116.959
117.051791	117.051791	117.052
117.156281	117.156281	117.156
117.446531	117.446531	117.447
117.609070	117.609070	117.609
117.725170	117.725170	117.725
117.922540	117.922540	117.923
117.992200	117.992200	117.992
118.073469	118.073469	118.073
118.177959	118.177959	118.178
118.294059	118.294059	118.294
118.433379	118.433379	118.433
118.619138	118.619138	118.619
118.735238	118.735238	118.735
118.862948	118.862948	118.863
119.164807	119.164807	119.165
119.304127	119.304127	119.304
119.443447	119.443447	119.443
119.547937	119.547937	119.548
119.756916	119.756916	119.757
119.873016	119.873016	119.873
120.000726	120.000726	120.001
120.163265	120.163265	120.163
120.290975	120.290975	120.291
120.465125	120.465125	120.465
120.581224	120.581224	120.581
120.732154	120.732154	120.732
120.894694	120.894694	120.895
121.150113	121.150113	121.150
121.289433	121.289433	121.289
121.393923	121.393923	121.394
121.591293	121.591293	121.591
121.707392	121.707392	121.707
121.811882	121.811882	121.812
121.881542	121.881542	121.882
121.974422	121.974422	121.974
122.148571	122.148571	122.149
122.287891	122.287891	122.288
122.369161	122.369161	122.369
122.450431	122.450431	122.450
122.589751	122.589751	122.590
122.729070	122.729070	122.729
122.868390	122.868390	122.868
122.984490	122.984490	122.984
123.158639	123.158639	123.159
123.297959	123.297959	123.298
123.448889	123.448889	123.449
123.576599	123.576599	123.577
123.727528	123.727528	123.728
123.866848	123.866848	123.867
123.994558	123.994558	123.995
124.145488	124.145488	124.145
124.308027	124.308027	124.308
124.586667	124.586667	124.587
124.876916	124.876916	124.877
125.016236	125.016236	125.016
125.155556	125.155556	125.156
125.318095	125.318095	125.318
125.434195	125.434195	125.434
125.596735	125.596735	125.597
125.724444	125.724444	125.724
125.886984	125.886984	125.887
126.003084	126.003084	126.003
126.107574	126.107574	126.108
126.316553	126.316553	126.317
126.467483	126.467483	126.467
126.595193	126.595193	126.595
126.734512	126.734512	126.735
126.873832	126.873832	126.874
127.024762	127.024762	127.025
127.106032	127.106032	127.106
127.187302	127.187302	127.187
127.373061	127.373061	127.373
127.454331	127.454331	127.454
127.605261	127.605261	127.605
127.732971	127.732971	127.733
127.895510	127.895510	127.896
128.011610	128.011610	128.012
128.185760	128.185760	128.186
128.313469	128.313469	128.313
128.441179	128.441179	128.441
128.592109	128.592109	128.592
128.882358	128.882358	128.882
129.010068	129.010068	129.010
129.160998	129.160998	129.161
129.439637	129.439637	129.440
129.590567	129.590567	129.591
129.729887	129.729887	129.730
129.880816	129.880816	129.881
130.008526	130.008526	130.009
130.171066	130.171066	130.171
130.287166	130.287166	130.287
130.449705	130.449705	130.450
130.589025	130.589025	130.589
130.879274	130.879274	130.879
131.030204	131.030204	131.030
131.157914	131.157914	131.158
131.308844	131.308844	131.309
131.436553	131.436553	131.437
131.587483	131.587483	131.587
131.715193	131.715193	131.715
131.877732	131.877732	131.878
132.005442	132.005442	132.005
132.167982	132.167982	132.168
132.295692	132.295692	132.296
132.458231	132.458231	132.458
132.585941	132.585941	132.586
132.748481	132.748481	132.748
133.166440	133.166440	133.166
133.468299	133.468299	133.468
133.561179	133.561179	133.561
133.607619	133.607619	133.608
133.851429	133.851429	133.851
133.932698	133.932698	133.933
133.967528	133.967528	133.968
134.083628	134.083628	134.084
134.199728	134.199728	134.200
134.362268	134.362268	134.362
134.675737	134.675737	134.676
134.907937	134.907937	134.908
135.000816	135.000816	135.001
135.256236	135.256236	135.256
135.732245	135.732245	135.732
136.208254	136.208254	136.208
136.579773	136.579773	136.580
136.800363	136.800363	136.800
136.974512	136.974512	136.975
137.369252	137.369252	137.369
137.566621	137.566621	137.567
137.833651	137.833651	137.834
137.984580	137.984580	137.985
138.170340	138.170340	138.170
138.263220	138.263220	138.263
138.576689	138.576689	138.577
138.646349	138.646349	138.646
138.785669	138.785669	138.786
139.087528	139.087528	139.088
139.296508	139.296508	139.297
139.482268	139.482268	139.482
139.575147	139.575147	139.575
139.749297	139.749297	139.749
140.062766	140.062766	140.063
140.260136	140.260136	140.260
140.353016	140.353016	140.353
140.457506	140.457506	140.458
140.596825	140.596825	140.597
140.747755	140.747755	140.748
140.979955	140.979955	140.980
141.142494	141.142494	141.142
141.281814	141.281814	141.282
141.421134	141.421134	141.421
141.688163	141.688163	141.688
142.094512	142.094512	142.095
142.326712	142.326712	142.327
142.477642	142.477642	142.478
142.605351	142.605351	142.605
142.651791	142.651791	142.652
142.744671	142.744671	142.745
142.825941	142.825941	142.826
143.023311	143.023311	143.023
143.301950	143.301950	143.302
143.371610	143.371610	143.372
143.476100	143.476100	143.476
143.568980	143.568980	143.569
143.661859	143.661859	143.662
143.743129	143.743129	143.743
143.836009	143.836009	143.836
143.928889	143.928889	143.929
144.021769	144.021769	144.022
144.184308	144.184308	144.184
144.335238	144.335238	144.335
145.124717	145.124717	145.125
145.832925	145.832925	145.833
146.018685	146.018685	146.019
146.192834	146.192834	146.193
146.355374	146.355374	146.355
146.692063	146.692063	146.692
146.866213	146.866213	146.866
146.912653	146.912653	146.913
147.017143	147.017143	147.017
147.168073	147.168073	147.168
147.330612	147.330612	147.331
147.516372	147.516372	147.516
147.586032	147.586032	147.586
147.899501	147.899501	147.900
148.317460	148.317460	148.317
149.048889	149.048889	149.049
149.826757	149.826757	149.827
150.000907	150.000907	150.001
150.140227	150.140227	150.140
150.384036	150.384036	150.384
150.465306	150.465306	150.465
150.593016	150.593016	150.593
150.732336	150.732336	150.732
151.150295	151.150295	151.150
151.347664	151.347664	151.348
151.742404	151.742404	151.742
151.939773	151.939773	151.940
152.125533	152.125533	152.126
152.473832	152.473832	152.474
152.717642	152.717642	152.718
152.926621	152.926621	152.927
153.367800	153.367800	153.368
153.425850	153.425850	153.426
153.541950	153.541950	153.542
153.692880	153.692880	153.693
153.808980	153.808980	153.809
153.913469	153.913469	153.913
153.994739	153.994739	153.995
154.110839	154.110839	154.111
154.366259	154.366259	154.366
154.482358	154.482358	154.482
154.598458	154.598458	154.598
154.760998	154.760998	154.761
154.946757	154.946757	154.947
155.271837	155.271837	155.272
155.434376	155.434376	155.434
155.678186	155.678186	155.678
156.038095	156.038095	156.038
156.606984	156.606984	156.607
156.688254	156.688254	156.688
156.781134	156.781134	156.781
156.885624	156.885624	156.886
157.129433	157.129433	157.129
157.233923	157.233923	157.234
157.338413	157.338413	157.338
157.419683	157.419683	157.420
157.512562	157.512562	157.513
157.593832	157.593832	157.594
157.686712	157.686712	157.687
157.767982	157.767982	157.768
157.942132	157.942132	157.942
158.046621	158.046621	158.047
158.383311	158.383311	158.383
158.870930	158.870930	158.871
159.114739	159.114739	159.115
159.381769	159.381769	159.382
159.486259	159.486259	159.486
159.648798	159.648798	159.649
159.869388	159.869388	159.869
159.950658	159.950658	159.951
160.066757	160.066757	160.067
160.229297	160.229297	160.229
160.519546	160.519546	160.520
160.670476	160.670476	160.670
160.809796	160.809796	160.810
160.972336	160.972336	160.972
161.041995	161.041995	161.042
161.123265	161.123265	161.123
161.204535	161.204535	161.205
161.378685	161.378685	161.379
161.657324	161.657324	161.657
161.785034	161.785034	161.785
161.947574	161.947574	161.948
162.028844	162.028844	162.029
162.098503	162.098503	162.099
162.249433	162.249433	162.249
162.342313	162.342313	162.342
162.516463	162.516463	162.516
162.679002	162.679002	162.679
162.818322	162.818322	162.818
163.073741	163.073741	163.074
163.236281	163.236281	163.236
163.329161	163.329161	163.329
163.526531	163.526531	163.527
163.654240	163.654240	163.654
163.816780	163.816780	163.817
164.002540	164.002540	164.003
164.107029	164.107029	164.107
164.234739	164.234739	164.235
164.397279	164.397279	164.397
164.524989	164.524989	164.525
164.687528	164.687528	164.688
164.815238	164.815238	164.815
165.105488	165.105488	165.105
165.233197	165.233197	165.233
165.360907	165.360907	165.361
165.511837	165.511837	165.512
165.651156	165.651156	165.651
165.813696	165.813696	165.814
165.941406	165.941406	165.941
166.092336	166.092336	166.092
166.370975	166.370975	166.371
166.521905	166.521905	166.522
166.800544	166.800544	166.801
166.951474	166.951474	166.951
167.079184	167.079184	167.079
167.230113	167.230113	167.230
167.369433	167.369433	167.369
167.531973	167.531973	167.532
167.659683	167.659683	167.660
167.822222	167.822222	167.822
167.973152	167.973152	167.973
168.100862	168.100862	168.101
168.228571	168.228571	168.229
168.367891	168.367891	168.368
168.518821	168.518821	168.519
168.658141	168.658141	168.658
168.809070	168.809070	168.809
168.960000	168.960000	168.960
169.087710	169.087710	169.088
169.273469	169.273469	169.273
169.366349	169.366349	169.366
169.470839	169.470839	169.471
169.563719	169.563719	169.564
169.610159	169.610159	169.610
169.795918	169.795918	169.796
169.935238	169.935238	169.935
170.086168	170.086168	170.086
170.271927	170.271927	170.272
170.399637	170.399637	170.400
170.504127	170.504127	170.504
170.666667	170.666667	170.667
170.817596	170.817596	170.818
170.933696	170.933696	170.934
171.084626	171.084626	171.085
171.247166	171.247166	171.247
171.374875	171.374875	171.375
171.525805	171.525805	171.526
171.699955	171.699955	171.700
171.874104	171.874104	171.874
171.943764	171.943764	171.944
172.094694	172.094694	172.095
172.292063	172.292063	172.292
172.350113	172.350113	172.350
172.384943	172.384943	172.385
172.535873	172.535873	172.536
172.710023	172.710023	172.710
172.907392	172.907392	172.907
173.093152	173.093152	173.093
173.197642	173.197642	173.198
173.290522	173.290522	173.291
173.360181	173.360181	173.360
173.615601	173.615601	173.616
173.778141	173.778141	173.778
173.952290	173.952290	173.952
174.068390	174.068390	174.068
174.149660	174.149660	174.150
174.230930	174.230930	174.231
174.405079	174.405079	174.405
174.521179	174.521179	174.521
174.660499	174.660499	174.660
174.857868	174.857868	174.858
175.090068	175.090068	175.090
175.252608	175.252608	175.253
175.368707	175.368707	175.369
175.461587	175.461587	175.462
175.670567	175.670567	175.671
175.798277	175.798277	175.798
175.937596	175.937596	175.938
176.111746	176.111746	176.112
176.227846	176.227846	176.228
176.390385	176.390385	176.390
176.518095	176.518095	176.518
176.901224	176.901224	176.901
176.947664	176.947664	176.948
177.086984	177.086984	177.087
177.237914	177.237914	177.238
177.377234	177.377234	177.377
177.504943	177.504943	177.505
177.655873	177.655873	177.656
177.957732	177.957732	177.958
178.120272	178.120272	178.120
178.236372	178.236372	178.236
178.387302	178.387302	178.387
178.515011	178.515011	178.515
178.665941	178.665941	178.666
178.793651	178.793651	178.794
178.944580	178.944580	178.945
179.083900	179.083900	179.084
179.223220	179.223220	179.223
179.385760	179.385760	179.386
179.501859	179.501859	179.502
179.664399	179.664399	179.664
179.838549	179.838549	179.839
179.931429	179.931429	179.931
180.093968	180.093968	180.094
180.221678	180.221678	180.222
180.360998	180.360998	180.361
180.477098	180.477098	180.477
180.523537	180.523537	180.524
180.616417	180.616417	180.616
180.790567	180.790567	180.791
180.953107	180.953107	180.953
181.092426	181.092426	181.092
181.254966	181.254966	181.255
181.417506	181.417506	181.418
181.545215	181.545215	181.545
181.661315	181.661315	181.661
181.742585	181.742585	181.743
181.800635	181.800635	181.801
181.951565	181.951565	181.952
182.102494	182.102494	182.102
182.381134	182.381134	182.381
182.508844	182.508844	182.509
182.613333	182.613333	182.613
182.717823	182.717823	182.718
182.845533	182.845533	182.846
182.938413	182.938413	182.938
183.077732	183.077732	183.078
183.367982	183.367982	183.368
183.588571	183.588571	183.589
183.658231	183.658231	183.658
183.797551	183.797551	183.798
183.960091	183.960091	183.960
184.052971	184.052971	184.053
184.111020	184.111020	184.111
184.227120	184.227120	184.227
184.343220	184.343220	184.343
184.517370	184.517370	184.517
184.610249	184.610249	184.610
184.796009	184.796009	184.796
184.865669	184.865669	184.866
184.923719	184.923719	184.924
185.086259	185.086259	185.086
185.272018	185.272018	185.272
185.364898	185.364898	185.365
185.562268	185.562268	185.562
185.724807	185.724807	185.725
185.945397	185.945397	185.945
186.073107	186.073107	186.073
186.247256	186.247256	186.247
186.374966	186.374966	186.375
186.514286	186.514286	186.514
186.746485	186.746485	186.746
186.932245	186.932245	186.932
187.083175	187.083175	187.083
187.373424	187.373424	187.373
187.652063	187.652063	187.652
187.802993	187.802993	187.803
187.907483	187.907483	187.907
188.070023	188.070023	188.070
188.220952	188.220952	188.221
188.371882	188.371882	188.372
188.453152	188.453152	188.453
188.650522	188.650522	188.651
188.801451	188.801451	188.801
188.963991	188.963991	188.964
189.231020	189.231020	189.231
189.370340	189.370340	189.370
189.474830	189.474830	189.475
189.672200	189.672200	189.672
189.950839	189.950839	189.951
190.101769	190.101769	190.102
190.217868	190.217868	190.218
190.392018	190.392018	190.392
190.496508	190.496508	190.497
190.682268	190.682268	190.682
190.821587	190.821587	190.822
190.949297	190.949297	190.949
191.088617	191.088617	191.089
191.262766	191.262766	191.263
191.332426	191.332426	191.332
191.436916	191.436916	191.437
191.518186	191.518186	191.518
191.657506	191.657506	191.658
191.854875	191.854875	191.855
191.924535	191.924535	191.925
192.087075	192.087075	192.087
192.226395	192.226395	192.226
192.377324	192.377324	192.377
192.516644	192.516644	192.517
192.667574	192.667574	192.668
192.795283	192.795283	192.795
192.934603	192.934603	192.935
193.108753	193.108753	193.109
193.143583	193.143583	193.144
193.224853	193.224853	193.225
193.364172	193.364172	193.364
193.515102	193.515102	193.515
193.654422	193.654422	193.654
193.793741	193.793741	193.794
193.863401	193.863401	193.863
193.933061	193.933061	193.933
194.083991	194.083991	194.084
194.142041	194.142041	194.142
194.304580	194.304580	194.305
194.513560	194.513560	194.514
194.664490	194.664490	194.664
194.803810	194.803810	194.804
194.943129	194.943129	194.943
195.082449	195.082449	195.082
195.244989	195.244989	195.245
195.361088	195.361088	195.361
195.523628	195.523628	195.524
195.662948	195.662948	195.663
195.813878	195.813878	195.814
195.941587	195.941587	195.942
196.092517	196.092517	196.093
196.231837	196.231837	196.232
196.405986	196.405986	196.406
196.522086	196.522086	196.522
196.800726	196.800726	196.801
196.951655	196.951655	196.952
197.067755	197.067755	197.068
197.241905	197.241905	197.242
197.381224	197.381224	197.381
197.532154	197.532154	197.532
197.810794	197.810794	197.811
197.950113	197.950113	197.950
198.101043	198.101043	198.101
198.193923	198.193923	198.194
198.379683	198.379683	198.380
198.507392	198.507392	198.507
198.809252	198.809252	198.809
199.087891	199.087891	199.088
199.354921	199.354921	199.355
199.540680	199.540680	199.541
199.656780	199.656780	199.657
199.807710	199.807710	199.808
200.097959	200.097959	200.098
200.225669	200.225669	200.226
200.388209	200.388209	200.388
200.655238	200.655238	200.655
200.806168	200.806168	200.806
200.957098	200.957098	200.957
201.084807	201.084807	201.085
201.363447	201.363447	201.363
201.502766	201.502766	201.503
201.653696	201.653696	201.654
201.816236	201.816236	201.816
201.943946	201.943946	201.944
202.094875	202.094875	202.095
202.234195	202.234195	202.234
202.385125	202.385125	202.385
202.512834	202.512834	202.513
202.628934	202.628934	202.629
202.710204	202.710204	202.710
202.803084	202.803084	202.803
202.884354	202.884354	202.884
203.081723	203.081723	203.082
203.244263	203.244263	203.244
203.441633	203.441633	203.442
203.522902	203.522902	203.523
203.720272	203.720272	203.720
203.824762	203.824762	203.825
203.952472	203.952472	203.952
204.103401	204.103401	204.103
204.219501	204.219501	204.220
204.382041	204.382041	204.382
204.509751	204.509751	204.510
204.672290	204.672290	204.672
204.800000	204.800000	204.800
204.962540	204.962540	204.963
205.078639	205.078639	205.079
205.368889	205.368889	205.369
205.531429	205.531429	205.531
205.659138	205.659138	205.659
205.798458	205.798458	205.798
205.949388	205.949388	205.949
206.088707	206.088707	206.089
206.228027	206.228027	206.228
206.378957	206.378957	206.379
206.518277	206.518277	206.518
206.669206	206.669206	206.669
206.796916	206.796916	206.797
206.959456	206.959456	206.959
207.087166	207.087166	207.087
207.168435	207.168435	207.168
207.249705	207.249705	207.250
207.342585	207.342585	207.343
207.528345	207.528345	207.528
207.667664	207.667664	207.668
207.853424	207.853424	207.853
207.946304	207.946304	207.946
208.085624	208.085624	208.086
208.224943	208.224943	208.225
208.387483	208.387483	208.387
208.503583	208.503583	208.504
208.666122	208.666122	208.666
208.793832	208.793832	208.794
208.956372	208.956372	208.956
209.084082	209.084082	209.084
209.246621	209.246621	209.247
209.362721	209.362721	209.363
209.536871	209.536871	209.537
209.664580	209.664580	209.665
209.943220	209.943220	209.943
210.105760	210.105760	210.106
210.233469	210.233469	210.233
210.372789	210.372789	210.373
210.512109	210.512109	210.512
210.663039	210.663039	210.663
210.802358	210.802358	210.802
210.941678	210.941678	210.942
211.080998	211.080998	211.081
211.231927	211.231927	211.232
211.510567	211.510567	211.511
211.673107	211.673107	211.673
214.587211	214.587211	214.587
215.550839	215.550839	215.551
