3.680363	3.680363	3.680
4.713651	4.713651	4.714
6.745397	6.745397	6.745
7.070476	7.070476	7.070
7.767075	7.767075	7.767
8.115374	8.115374	8.115
8.475283	8.475283	8.475
8.811973	8.811973	8.812
10.890159	10.890159	10.890
11.308118	11.308118	11.308
11.435828	11.435828	11.436
11.691247	11.691247	11.691
11.807347	11.807347	11.807
11.946667	11.946667	11.947
12.085986	12.085986	12.086
12.202086	12.202086	12.202
12.318186	12.318186	12.318
12.457506	12.457506	12.458
12.573605	12.573605	12.574
12.712925	12.712925	12.713
12.840635	12.840635	12.841
12.979955	12.979955	12.980
13.235374	13.235374	13.235
13.490794	13.490794	13.491
13.618503	13.618503	13.619
13.746213	13.746213	13.746
14.013243	14.013243	14.013
14.268662	14.268662	14.269
14.535692	14.535692	14.536
14.791111	14.791111	14.791
14.918821	14.918821	14.919
15.058141	15.058141	15.058
15.313560	15.313560	15.314
15.580590	15.580590	15.581
15.708299	15.708299	15.708
15.836009	15.836009	15.836
16.091429	16.091429	16.091
16.358458	16.358458	16.358
16.613878	16.613878	16.614
16.869297	16.869297	16.869
17.124717	17.124717	17.125
17.391746	17.391746	17.392
17.658776	17.658776	17.659
17.902585	17.902585	17.903
18.169615	18.169615	18.170
18.425034	18.425034	18.425
18.692063	18.692063	18.692
18.947483	18.947483	18.947
19.202902	19.202902	19.203
19.469932	19.469932	19.470
19.736961	19.736961	19.737
19.992381	19.992381	19.992
20.247800	20.247800	20.248
20.503220	20.503220	20.503
20.770249	20.770249	20.770
20.897959	20.897959	20.898
21.025669	21.025669	21.026
21.281088	21.281088	21.281
21.559728	21.559728	21.560
21.815147	21.815147	21.815
22.070567	22.070567	22.071
22.325986	22.325986	22.326
22.581406	22.581406	22.581
22.848435	22.848435	22.848
23.103855	23.103855	23.104
23.359274	23.359274	23.359
23.626304	23.626304	23.626
23.893333	23.893333	23.893
24.021043	24.021043	24.021
24.148753	24.148753	24.149
24.264853	24.264853	24.265
24.404172	24.404172	24.404
24.659592	24.659592	24.660
24.926621	24.926621	24.927
25.182041	25.182041	25.182
25.437460	25.437460	25.437
25.704490	25.704490	25.704
25.971519	25.971519	25.972
26.052789	26.052789	26.053
26.215329	26.215329	26.215
26.482358	26.482358	26.482
26.737778	26.737778	26.738
27.004807	27.004807	27.005
27.260227	27.260227	27.260
27.515646	27.515646	27.516
27.654966	27.654966	27.655
27.771066	27.771066	27.771
27.910385	27.910385	27.910
28.038095	28.038095	28.038
28.177415	28.177415	28.177
28.305125	28.305125	28.305
28.432834	28.432834	28.433
28.572154	28.572154	28.572
28.688254	28.688254	28.688
28.815964	28.815964	28.816
28.943673	28.943673	28.944
29.094603	29.094603	29.095
29.210703	29.210703	29.211
29.338413	29.338413	29.338
29.466122	29.466122	29.466
29.628662	29.628662	29.629
29.686712	29.686712	29.687
29.860862	29.860862	29.861
29.988571	29.988571	29.989
30.116281	30.116281	30.116
30.383311	30.383311	30.383
30.696780	30.696780	30.697
30.894150	30.894150	30.894
31.161179	31.161179	31.161
31.428209	31.428209	31.428
31.555918	31.555918	31.556
31.672018	31.672018	31.672
31.939048	31.939048	31.939
32.194467	32.194467	32.194
32.287347	32.287347	32.287
32.461497	32.461497	32.461
32.589206	32.589206	32.589
32.716916	32.716916	32.717
32.972336	32.972336	32.972
33.239365	33.239365	33.239
33.506395	33.506395	33.506
33.738594	33.738594	33.739
34.005624	34.005624	34.006
34.249433	34.249433	34.249
34.423583	34.423583	34.424
34.528073	34.528073	34.528
34.713832	34.713832	34.714
34.795102	34.795102	34.795
35.050522	35.050522	35.051
35.317551	35.317551	35.318
35.572971	35.572971	35.573
35.828390	35.828390	35.828
36.083810	36.083810	36.084
36.350839	36.350839	36.351
36.606259	36.606259	36.606
36.873288	36.873288	36.873
37.128707	37.128707	37.129
37.395737	37.395737	37.396
37.500227	37.500227	37.500
37.651156	37.651156	37.651
37.790476	37.790476	37.790
37.906576	37.906576	37.907
37.976236	37.976236	37.976
38.034286	38.034286	38.034
38.173605	38.173605	38.174
38.440635	38.440635	38.441
38.568345	38.568345	38.568
38.684444	38.684444	38.684
38.951474	38.951474	38.951
39.206893	39.206893	39.207
39.473923	39.473923	39.474
39.729342	39.729342	39.729
39.857052	39.857052	39.857
39.973152	39.973152	39.973
40.251791	40.251791	40.252
40.507211	40.507211	40.507
40.600091	40.600091	40.600
40.762630	40.762630	40.763
41.029660	41.029660	41.030
41.285079	41.285079	41.285
41.552109	41.552109	41.552
41.807528	41.807528	41.808
42.062948	42.062948	42.063
42.318367	42.318367	42.318
42.550567	42.550567	42.551
42.666667	42.666667	42.667
42.840816	42.840816	42.841
43.107846	43.107846	43.108
43.363265	43.363265	43.363
43.618685	43.618685	43.619
43.885714	43.885714	43.886
44.141134	44.141134	44.141
44.396553	44.396553	44.397
44.663583	44.663583	44.664
44.802902	44.802902	44.803
44.919002	44.919002	44.919
45.186032	45.186032	45.186
45.441451	45.441451	45.441
45.708481	45.708481	45.708
45.824580	45.824580	45.825
45.963900	45.963900	45.964
46.230930	46.230930	46.231
46.474739	46.474739	46.475
46.741769	46.741769	46.742
46.834649	46.834649	46.835
47.020408	47.020408	47.020
47.252608	47.252608	47.253
47.508027	47.508027	47.508
47.786667	47.786667	47.787
48.030476	48.030476	48.030
48.297506	48.297506	48.298
48.564535	48.564535	48.565
48.819955	48.819955	48.820
49.075374	49.075374	49.075
49.330794	49.330794	49.331
49.597823	49.597823	49.598
49.853243	49.853243	49.853
49.992562	49.992562	49.993
50.108662	50.108662	50.109
50.387302	50.387302	50.387
50.619501	50.619501	50.620
50.886531	50.886531	50.887
51.165170	51.165170	51.165
51.408980	51.408980	51.409
51.664399	51.664399	51.664
51.943039	51.943039	51.943
52.198458	52.198458	52.198
52.326168	52.326168	52.326
52.465488	52.465488	52.465
52.569977	52.569977	52.570
52.709297	52.709297	52.709
52.871837	52.871837	52.872
52.964717	52.964717	52.965
53.231746	53.231746	53.232
53.487166	53.487166	53.487
53.765805	53.765805	53.766
53.858685	53.858685	53.859
53.905125	53.905125	53.905
54.009615	54.009615	54.010
54.137324	54.137324	54.137
54.265034	54.265034	54.265
54.346304	54.346304	54.346
54.543673	54.543673	54.544
54.787483	54.787483	54.787
55.042902	55.042902	55.043
55.321542	55.321542	55.322
55.565351	55.565351	55.565
55.820771	55.820771	55.821
56.099410	56.099410	56.099
56.343220	56.343220	56.343
56.598639	56.598639	56.599
56.726349	56.726349	56.726
56.877279	56.877279	56.877
57.121088	57.121088	57.121
57.376508	57.376508	57.377
57.515828	57.515828	57.516
57.655147	57.655147	57.655
57.910567	57.910567	57.911
58.026667	58.026667	58.027
58.177596	58.177596	58.178
58.305306	58.305306	58.305
58.421406	58.421406	58.421
58.700045	58.700045	58.700
58.932245	58.932245	58.932
59.199274	59.199274	59.199
59.292154	59.292154	59.292
59.477914	59.477914	59.478
59.721723	59.721723	59.722
59.872653	59.872653	59.873
59.977143	59.977143	59.977
60.116463	60.116463	60.116
60.255782	60.255782	60.256
60.499592	60.499592	60.500
60.627302	60.627302	60.627
60.743401	60.743401	60.743
61.080091	61.080091	61.080
61.161361	61.161361	61.161
61.277460	61.277460	61.277
61.370340	61.370340	61.370
61.544490	61.544490	61.544
61.799909	61.799909	61.800
61.939229	61.939229	61.939
62.113379	62.113379	62.113
62.183039	62.183039	62.183
62.322358	62.322358	62.322
62.450068	62.450068	62.450
62.577778	62.577778	62.578
62.844807	62.844807	62.845
63.100227	63.100227	63.100
63.355646	63.355646	63.356
63.611066	63.611066	63.611
63.878095	63.878095	63.878
64.133515	64.133515	64.134
64.400544	64.400544	64.401
64.493424	64.493424	64.493
64.655964	64.655964	64.656
64.911383	64.911383	64.911
65.178413	65.178413	65.178
65.433832	65.433832	65.434
65.573152	65.573152	65.573
65.689252	65.689252	65.689
65.956281	65.956281	65.956
66.211701	66.211701	66.212
66.478730	66.478730	66.479
66.734150	66.734150	66.734
66.989569	66.989569	66.990
67.256599	67.256599	67.257
67.512018	67.512018	67.512
67.651338	67.651338	67.651
67.767438	67.767438	67.767
68.034467	68.034467	68.034
68.289887	68.289887	68.290
68.556916	68.556916	68.557
68.812336	68.812336	68.812
68.940045	68.940045	68.940
69.067755	69.067755	69.068
69.334785	69.334785	69.335
69.601814	69.601814	69.602
69.729524	69.729524	69.730
69.845624	69.845624	69.846
69.961723	69.961723	69.962
70.112653	70.112653	70.113
70.368073	70.368073	70.368
70.635102	70.635102	70.635
70.751202	70.751202	70.751
70.890522	70.890522	70.891
71.029841	71.029841	71.030
71.134331	71.134331	71.134
71.401361	71.401361	71.401
71.668390	71.668390	71.668
71.923810	71.923810	71.924
72.190839	72.190839	72.191
72.306939	72.306939	72.307
72.446259	72.446259	72.446
72.713288	72.713288	72.713
72.968707	72.968707	72.969
73.200907	73.200907	73.201
73.491156	73.491156	73.491
73.746576	73.746576	73.747
73.827846	73.827846	73.828
74.001995	74.001995	74.002
74.094875	74.094875	74.095
74.269025	74.269025	74.269
74.524444	74.524444	74.524
74.791474	74.791474	74.791
75.046893	75.046893	75.047
75.302313	75.302313	75.302
75.522902	75.522902	75.523
75.673832	75.673832	75.674
75.801542	75.801542	75.802
76.080181	76.080181	76.080
76.347211	76.347211	76.347
76.602630	76.602630	76.603
76.869660	76.869660	76.870
76.962540	76.962540	76.963
77.125079	77.125079	77.125
77.357279	77.357279	77.357
77.635918	77.635918	77.636
77.902948	77.902948	77.903
78.030658	78.030658	78.031
78.158367	78.158367	78.158
78.425397	78.425397	78.425
78.669206	78.669206	78.669
78.947846	78.947846	78.948
79.203265	79.203265	79.203
79.319365	79.319365	79.319
79.458685	79.458685	79.459
79.563175	79.563175	79.563
79.714104	79.714104	79.714
79.981134	79.981134	79.981
80.074014	80.074014	80.074
80.236553	80.236553	80.237
80.491973	80.491973	80.492
80.759002	80.759002	80.759
81.014422	81.014422	81.014
81.165351	81.165351	81.165
81.293061	81.293061	81.293
81.420771	81.420771	81.421
81.536871	81.536871	81.537
81.792290	81.792290	81.792
82.059320	82.059320	82.059
82.314739	82.314739	82.315
82.430839	82.430839	82.431
82.581769	82.581769	82.582
82.837188	82.837188	82.837
83.092608	83.092608	83.093
83.359637	83.359637	83.360
83.615057	83.615057	83.615
83.777596	83.777596	83.778
83.870476	83.870476	83.870
84.102676	84.102676	84.103
84.207166	84.207166	84.207
84.392925	84.392925	84.393
84.648345	84.648345	84.648
84.903764	84.903764	84.904
85.170794	85.170794	85.171
85.426213	85.426213	85.426
85.681633	85.681633	85.682
85.948662	85.948662	85.949
86.215692	86.215692	86.216
86.459501	86.459501	86.460
86.726531	86.726531	86.727
86.981950	86.981950	86.982
87.248980	87.248980	87.249
87.376689	87.376689	87.377
87.516009	87.516009	87.516
87.783039	87.783039	87.783
88.026848	88.026848	88.027
88.142948	88.142948	88.143
88.282268	88.282268	88.282
88.560907	88.560907	88.561
88.804717	88.804717	88.805
88.955646	88.955646	88.956
89.060136	89.060136	89.060
89.327166	89.327166	89.327
89.385215	89.385215	89.385
89.570975	89.570975	89.571
89.838005	89.838005	89.838
89.977324	89.977324	89.977
90.116644	90.116644	90.117
90.360454	90.360454	90.360
90.627483	90.627483	90.627
90.882902	90.882902	90.883
91.138322	91.138322	91.138
91.405351	91.405351	91.405
91.533061	91.533061	91.533
91.660771	91.660771	91.661
91.765261	91.765261	91.765
91.927800	91.927800	91.928
92.160000	92.160000	92.160
92.322540	92.322540	92.323
92.438639	92.438639	92.439
92.717279	92.717279	92.717
92.961088	92.961088	92.961
93.112018	93.112018	93.112
93.216508	93.216508	93.217
93.483537	93.483537	93.484
93.727347	93.727347	93.727
93.855057	93.855057	93.855
94.005986	94.005986	94.006
94.122086	94.122086	94.122
94.331066	94.331066	94.331
94.412336	94.412336	94.412
94.516825	94.516825	94.517
94.656145	94.656145	94.656
94.772245	94.772245	94.772
95.039274	95.039274	95.039
95.143764	95.143764	95.144
95.306304	95.306304	95.306
95.364354	95.364354	95.364
95.550113	95.550113	95.550
95.689433	95.689433	95.689
95.805533	95.805533	95.806
96.084172	96.084172	96.084
96.327982	96.327982	96.328
96.478912	96.478912	96.479
96.595011	96.595011	96.595
96.873651	96.873651	96.874
97.105850	97.105850	97.106
97.256780	97.256780	97.257
97.361270	97.361270	97.361
97.500590	97.500590	97.501
97.639909	97.639909	97.640
97.697959	97.697959	97.698
97.744399	97.744399	97.744
97.872109	97.872109	97.872
98.150748	98.150748	98.151
98.278458	98.278458	98.278
98.417778	98.417778	98.418
98.673197	98.673197	98.673
98.928617	98.928617	98.929
99.056327	99.056327	99.056
99.195646	99.195646	99.196
99.451066	99.451066	99.451
99.601995	99.601995	99.602
99.718095	99.718095	99.718
99.973515	99.973515	99.974
100.240544	100.240544	100.241
100.484354	100.484354	100.484
100.751383	100.751383	100.751
100.832653	100.832653	100.833
101.018413	101.018413	101.018
101.262222	101.262222	101.262
101.424762	101.424762	101.425
101.517642	101.517642	101.518
101.668571	101.668571	101.669
101.796281	101.796281	101.796
102.307120	102.307120	102.307
102.574150	102.574150	102.574
102.678639	102.678639	102.679
102.829569	102.829569	102.830
103.073379	103.073379	103.073
103.340408	103.340408	103.340
103.479728	103.479728	103.480
103.595828	103.595828	103.596
103.723537	103.723537	103.724
103.862857	103.862857	103.863
103.990567	103.990567	103.991
104.129887	104.129887	104.130
104.245986	104.245986	104.246
104.396916	104.396916	104.397
104.640726	104.640726	104.641
104.907755	104.907755	104.908
105.047075	105.047075	105.047
105.163175	105.163175	105.163
105.430204	105.430204	105.430
105.685624	105.685624	105.686
105.941043	105.941043	105.941
106.196463	106.196463	106.196
106.324172	106.324172	106.324
106.463492	106.463492	106.463
106.718912	106.718912	106.719
106.985941	106.985941	106.986
107.113651	107.113651	107.114
107.241361	107.241361	107.241
107.508390	107.508390	107.508
107.682540	107.682540	107.683
107.763810	107.763810	107.764
107.868299	107.868299	107.868
108.019229	108.019229	108.019
108.286259	108.286259	108.286
108.530068	108.530068	108.530
108.808707	108.808707	108.809
109.040907	109.040907	109.041
109.133787	109.133787	109.134
109.319546	109.319546	109.320
109.586576	109.586576	109.587
109.830385	109.830385	109.830
110.097415	110.097415	110.097
110.364444	110.364444	110.364
110.596644	110.596644	110.597
110.875283	110.875283	110.875
111.142313	111.142313	111.142
111.270023	111.270023	111.270
111.397732	111.397732	111.398
111.653152	111.653152	111.653
111.920181	111.920181	111.920
112.187211	112.187211	112.187
112.442630	112.442630	112.443
112.547120	112.547120	112.547
112.686440	112.686440	112.686
112.779320	112.779320	112.779
112.848980	112.848980	112.849
112.953469	112.953469	112.953
113.220499	113.220499	113.220
113.301769	113.301769	113.302
113.475918	113.475918	113.476
113.731338	113.731338	113.731
113.986757	113.986757	113.987
114.253787	114.253787	114.254
114.346667	114.346667	114.347
114.509206	114.509206	114.509
114.648526	114.648526	114.649
114.776236	114.776236	114.776
114.880726	114.880726	114.881
115.031655	115.031655	115.032
115.147755	115.147755	115.148
115.287075	115.287075	115.287
115.368345	115.368345	115.368
115.554104	115.554104	115.554
115.809524	115.809524	115.810
116.064943	116.064943	116.065
116.331973	116.331973	116.332
116.599002	116.599002	116.599
116.819592	116.819592	116.820
117.109841	117.109841	117.110
117.365261	117.365261	117.365
117.504580	117.504580	117.505
117.620680	117.620680	117.621
117.887710	117.887710	117.888
118.143129	118.143129	118.143
118.410159	118.410159	118.410
118.665578	118.665578	118.666
118.897778	118.897778	118.898
119.176417	119.176417	119.176
119.443447	119.443447	119.443
119.698866	119.698866	119.699
119.954286	119.954286	119.954
120.221315	120.221315	120.221
120.488345	120.488345	120.488
120.604444	120.604444	120.604
120.743764	120.743764	120.744
121.010794	121.010794	121.011
121.266213	121.266213	121.266
121.521633	121.521633	121.522
121.777052	121.777052	121.777
122.044082	122.044082	122.044
122.299501	122.299501	122.300
122.566531	122.566531	122.567
122.821950	122.821950	122.822
123.088980	123.088980	123.089
123.332789	123.332789	123.333
123.425669	123.425669	123.426
123.599819	123.599819	123.600
123.692698	123.692698	123.693
123.866848	123.866848	123.867
124.122268	124.122268	124.122
124.377687	124.377687	124.378
124.482177	124.482177	124.482
124.644717	124.644717	124.645
124.900136	124.900136	124.900
125.155556	125.155556	125.156
125.422585	125.422585	125.423
125.678005	125.678005	125.678
125.933424	125.933424	125.933
126.188844	126.188844	126.189
126.444263	126.444263	126.444
126.722902	126.722902	126.723
126.966712	126.966712	126.967
127.233741	127.233741	127.234
127.349841	127.349841	127.350
127.489161	127.489161	127.489
127.756190	127.756190	127.756
127.918730	127.918730	127.919
128.023220	128.023220	128.023
128.139320	128.139320	128.139
128.267029	128.267029	128.267
128.603719	128.603719	128.604
128.684989	128.684989	128.685
128.789478	128.789478	128.789
129.044898	129.044898	129.045
129.172608	129.172608	129.173
129.300317	129.300317	129.300
129.567347	129.567347	129.567
129.834376	129.834376	129.834
130.089796	130.089796	130.090
130.356825	130.356825	130.357
130.600635	130.600635	130.601
130.763175	130.763175	130.763
130.879274	130.879274	130.879
131.134694	131.134694	131.135
131.390113	131.390113	131.390
131.541043	131.541043	131.541
131.657143	131.657143	131.657
131.808073	131.808073	131.808
131.900952	131.900952	131.901
132.167982	132.167982	132.168
132.411791	132.411791	132.412
132.702041	132.702041	132.702
132.945850	132.945850	132.946
133.212880	133.212880	133.213
133.468299	133.468299	133.468
133.723719	133.723719	133.724
133.990748	133.990748	133.991
134.246168	134.246168	134.246
134.501587	134.501587	134.502
134.757007	134.757007	134.757
135.024036	135.024036	135.024
135.267846	135.267846	135.268
135.546485	135.546485	135.546
135.709025	135.709025	135.709
135.801905	135.801905	135.802
135.894785	135.894785	135.895
136.068934	136.068934	136.069
136.324354	136.324354	136.324
136.579773	136.579773	136.580
136.846803	136.846803	136.847
137.102222	137.102222	137.102
137.229932	137.229932	137.230
137.357642	137.357642	137.358
137.485351	137.485351	137.485
137.613061	137.613061	137.613
137.880091	137.880091	137.880
138.147120	138.147120	138.147
138.274830	138.274830	138.275
138.390930	138.390930	138.391
138.657959	138.657959	138.658
138.913379	138.913379	138.913
139.180408	139.180408	139.180
139.435828	139.435828	139.436
139.551927	139.551927	139.552
139.691247	139.691247	139.691
139.958277	139.958277	139.958
140.213696	140.213696	140.214
140.353016	140.353016	140.353
140.480726	140.480726	140.481
140.736145	140.736145	140.736
140.991565	140.991565	140.992
141.258594	141.258594	141.259
141.514014	141.514014	141.514
141.769433	141.769433	141.769
142.024853	142.024853	142.025
142.257052	142.257052	142.257
142.547302	142.547302	142.547
142.814331	142.814331	142.814
143.069751	143.069751	143.070
143.336780	143.336780	143.337
143.592200	143.592200	143.592
143.836009	143.836009	143.836
144.114649	144.114649	144.115
144.370068	144.370068	144.370
144.509388	144.509388	144.509
144.625488	144.625488	144.625
144.741587	144.741587	144.742
144.892517	144.892517	144.893
145.147937	145.147937	145.148
145.240816	145.240816	145.241
145.414966	145.414966	145.415
145.670385	145.670385	145.670
145.925805	145.925805	145.926
146.192834	146.192834	146.193
146.459864	146.459864	146.460
146.575964	146.575964	146.576
146.715283	146.715283	146.715
146.970703	146.970703	146.971
147.226122	147.226122	147.226
147.307392	147.307392	147.307
147.493152	147.493152	147.493
147.748571	147.748571	147.749
147.992381	147.992381	147.992
148.271020	148.271020	148.271
148.526440	148.526440	148.526
148.654150	148.654150	148.654
148.781859	148.781859	148.782
149.037279	149.037279	149.037
149.130159	149.130159	149.130
149.362358	149.362358	149.362
149.559728	149.559728	149.560
149.826757	149.826757	149.827
150.082177	150.082177	150.082
150.221497	150.221497	150.221
150.337596	150.337596	150.338
150.476916	150.476916	150.477
150.604626	150.604626	150.605
150.860045	150.860045	150.860
150.964535	150.964535	150.965
151.127075	151.127075	151.127
151.382494	151.382494	151.382
151.637914	151.637914	151.638
151.893333	151.893333	151.893
152.148753	152.148753	152.149
152.253243	152.253243	152.253
152.415782	152.415782	152.416
152.682812	152.682812	152.683
152.822132	152.822132	152.822
152.938231	152.938231	152.938
153.193651	153.193651	153.194
153.449070	153.449070	153.449
153.553560	153.553560	153.554
153.727710	153.727710	153.728
153.843810	153.843810	153.844
153.983129	153.983129	153.983
154.238549	154.238549	154.239
154.505578	154.505578	154.506
154.749388	154.749388	154.749
155.016417	155.016417	155.016
155.144127	155.144127	155.144
155.271837	155.271837	155.272
155.387937	155.387937	155.388
155.515646	155.515646	155.516
155.654966	155.654966	155.655
155.794286	155.794286	155.794
156.049705	156.049705	156.050
156.200635	156.200635	156.201
156.305125	156.305125	156.305
156.432834	156.432834	156.433
156.548934	156.548934	156.549
156.839184	156.839184	156.839
157.082993	157.082993	157.083
157.233923	157.233923	157.234
157.361633	157.361633	157.362
157.500952	157.500952	157.501
157.605442	157.605442	157.605
157.744762	157.744762	157.745
157.872472	157.872472	157.872
158.127891	158.127891	158.128
158.278821	158.278821	158.279
158.383311	158.383311	158.383
158.661950	158.661950	158.662
158.905760	158.905760	158.906
159.161179	159.161179	159.161
159.312109	159.312109	159.312
159.428209	159.428209	159.428
159.544308	159.544308	159.544
159.672018	159.672018	159.672
159.799728	159.799728	159.800
159.950658	159.950658	159.951
160.206077	160.206077	160.206
160.345397	160.345397	160.345
160.461497	160.461497	160.461
160.600816	160.600816	160.601
160.728526	160.728526	160.729
160.867846	160.867846	160.868
160.983946	160.983946	160.984
161.239365	161.239365	161.239
161.401905	161.401905	161.402
161.506395	161.506395	161.506
161.634104	161.634104	161.634
161.761814	161.761814	161.762
161.877914	161.877914	161.878
162.017234	162.017234	162.017
162.144943	162.144943	162.145
162.284263	162.284263	162.284
162.435193	162.435193	162.435
162.551293	162.551293	162.551
162.818322	162.818322	162.818
163.062132	163.062132	163.062
163.317551	163.317551	163.318
163.468481	163.468481	163.468
163.572971	163.572971	163.573
163.700680	163.700680	163.701
163.828390	163.828390	163.828
163.956100	163.956100	163.956
164.095419	164.095419	164.095
164.188299	164.188299	164.188
164.350839	164.350839	164.351
164.501769	164.501769	164.502
164.617868	164.617868	164.618
164.757188	164.757188	164.757
164.873288	164.873288	164.873
165.035828	165.035828	165.036
165.140317	165.140317	165.140
165.395737	165.395737	165.396
165.535057	165.535057	165.535
165.674376	165.674376	165.674
165.918186	165.918186	165.918
166.057506	166.057506	166.058
166.173605	166.173605	166.174
166.324535	166.324535	166.325
166.440635	166.440635	166.441
166.579955	166.579955	166.580
166.696054	166.696054	166.696
166.963084	166.963084	166.963
167.183673	167.183673	167.184
167.404263	167.404263	167.404
167.497143	167.497143	167.497
167.601633	167.601633	167.602
167.729342	167.729342	167.729
167.845442	167.845442	167.845
167.984762	167.984762	167.985
168.112472	168.112472	168.112
168.251791	168.251791	168.252
168.495601	168.495601	168.496
168.646531	168.646531	168.647
168.785850	168.785850	168.786
169.029660	169.029660	169.030
169.168980	169.168980	169.169
169.296689	169.296689	169.297
169.459229	169.459229	169.459
169.563719	169.563719	169.564
169.807528	169.807528	169.808
169.923628	169.923628	169.924
170.062948	170.062948	170.063
170.202268	170.202268	170.202
170.329977	170.329977	170.330
170.457687	170.457687	170.458
170.597007	170.597007	170.597
170.864036	170.864036	170.864
171.107846	171.107846	171.108
171.223946	171.223946	171.224
171.374875	171.374875	171.375
171.641905	171.641905	171.642
171.885714	171.885714	171.886
172.141134	172.141134	172.141
172.419773	172.419773	172.420
172.640363	172.640363	172.640
172.919002	172.919002	172.919
173.058322	173.058322	173.058
173.197642	173.197642	173.198
173.453061	173.453061	173.453
173.696871	173.696871	173.697
173.975510	173.975510	173.976
174.230930	174.230930	174.231
174.486349	174.486349	174.486
174.625669	174.625669	174.626
174.741769	174.741769	174.742
175.020408	175.020408	175.020
175.252608	175.252608	175.253
175.519637	175.519637	175.520
175.798277	175.798277	175.798
176.042086	176.042086	176.042
176.193016	176.193016	176.193
176.297506	176.297506	176.298
176.576145	176.576145	176.576
176.808345	176.808345	176.808
176.936054	176.936054	176.936
177.086984	177.086984	177.087
177.400454	177.400454	177.400
177.504943	177.504943	177.505
177.597823	177.597823	177.598
177.690703	177.690703	177.691
177.737143	177.737143	177.737
177.864853	177.864853	177.865
178.120272	178.120272	178.120
178.387302	178.387302	178.387
178.445351	178.445351	178.445
178.642721	178.642721	178.643
178.770431	178.770431	178.770
178.898141	178.898141	178.898
179.165170	179.165170	179.165
179.420590	179.420590	179.421
179.676009	179.676009	179.676
179.954649	179.954649	179.955
180.198458	180.198458	180.198
180.349388	180.349388	180.349
180.453878	180.453878	180.454
180.732517	180.732517	180.733
180.778957	180.778957	180.779
180.941497	180.941497	180.941
181.231746	181.231746	181.232
181.371066	181.371066	181.371
181.498776	181.498776	181.499
181.754195	181.754195	181.754
181.998005	181.998005	181.998
182.276644	182.276644	182.277
182.532063	182.532063	182.532
182.682993	182.682993	182.683
182.799093	182.799093	182.799
183.054512	183.054512	183.055
183.333152	183.333152	183.333
183.553741	183.553741	183.554
183.832381	183.832381	183.832
184.111020	184.111020	184.111
184.354830	184.354830	184.355
184.505760	184.505760	184.506
184.610249	184.610249	184.610
184.749569	184.749569	184.750
184.877279	184.877279	184.877
185.388118	185.388118	185.388
185.539048	185.539048	185.539
185.655147	185.655147	185.655
185.759637	185.759637	185.760
185.910567	185.910567	185.911
186.142766	186.142766	186.143
186.433016	186.433016	186.433
186.560726	186.560726	186.561
186.804535	186.804535	186.805
186.955465	186.955465	186.955
187.071565	187.071565	187.072
187.210884	187.210884	187.211
187.466304	187.466304	187.466
187.721723	187.721723	187.722
187.988753	187.988753	187.989
188.255782	188.255782	188.256
188.511202	188.511202	188.511
188.766621	188.766621	188.767
189.022041	189.022041	189.022
189.277460	189.277460	189.277
189.556100	189.556100	189.556
189.811519	189.811519	189.812
189.904399	189.904399	189.904
190.055329	190.055329	190.055
190.148209	190.148209	190.148
190.333968	190.333968	190.334
190.589388	190.589388	190.589
190.844807	190.844807	190.845
190.960907	190.960907	190.961
191.111837	191.111837	191.112
191.355646	191.355646	191.356
191.622676	191.622676	191.623
191.889705	191.889705	191.890
192.145125	192.145125	192.145
192.400544	192.400544	192.401
192.667574	192.667574	192.668
192.911383	192.911383	192.911
193.178413	193.178413	193.178
193.445442	193.445442	193.445
193.700862	193.700862	193.701
193.944671	193.944671	193.945
194.211701	194.211701	194.212
194.351020	194.351020	194.351
194.478730	194.478730	194.479
194.734150	194.734150	194.734
194.827029	194.827029	194.827
195.001179	195.001179	195.001
195.268209	195.268209	195.268
195.523628	195.523628	195.524
195.651338	195.651338	195.651
195.767438	195.767438	195.767
196.034467	196.034467	196.034
196.173787	196.173787	196.174
196.301497	196.301497	196.301
196.556916	196.556916	196.557
196.661406	196.661406	196.661
196.812336	196.812336	196.812
197.079365	197.079365	197.079
197.334785	197.334785	197.335
197.590204	197.590204	197.590
197.717914	197.717914	197.718
197.857234	197.857234	197.857
197.938503	197.938503	197.939
198.089433	198.089433	198.089
198.228753	198.228753	198.229
198.379683	198.379683	198.380
198.588662	198.588662	198.589
198.762812	198.762812	198.763
198.890522	198.890522	198.891
199.145941	199.145941	199.146
199.238821	199.238821	199.239
199.412971	199.412971	199.413
199.668390	199.668390	199.668
199.761270	199.761270	199.761
199.923810	199.923810	199.924
200.051519	200.051519	200.052
200.190839	200.190839	200.191
200.446259	200.446259	200.446
200.713288	200.713288	200.713
200.794558	200.794558	200.795
200.968707	200.968707	200.969
201.224127	201.224127	201.224
201.491156	201.491156	201.491
201.595646	201.595646	201.596
201.746576	201.746576	201.747
201.990385	201.990385	201.990
202.257415	202.257415	202.257
202.524444	202.524444	202.524
202.663764	202.663764	202.664
202.779864	202.779864	202.780
202.895964	202.895964	202.896
203.035283	203.035283	203.035
203.162993	203.162993	203.163
203.302313	203.302313	203.302
203.418413	203.418413	203.418
203.557732	203.557732	203.558
203.685442	203.685442	203.685
203.813152	203.813152	203.813
204.080181	204.080181	204.080
204.335601	204.335601	204.336
204.567800	204.567800	204.568
204.730340	204.730340	204.730
204.846440	204.846440	204.846
204.985760	204.985760	204.986
205.113469	205.113469	205.113
205.380499	205.380499	205.380
205.519819	205.519819	205.520
205.647528	205.647528	205.648
205.891338	205.891338	205.891
206.019048	206.019048	206.019
206.158367	206.158367	206.158
206.437007	206.437007	206.437
206.680816	206.680816	206.681
206.820136	206.820136	206.820
206.936236	206.936236	206.936
207.075556	207.075556	207.076
207.191655	207.191655	207.192
207.307755	207.307755	207.308
207.447075	207.447075	207.447
207.574785	207.574785	207.575
207.714104	207.714104	207.714
207.969524	207.969524	207.970
208.224943	208.224943	208.225
208.364263	208.364263	208.364
208.491973	208.491973	208.492
208.631293	208.631293	208.631
208.724172	208.724172	208.724
208.828662	208.828662	208.829
208.886712	208.886712	208.887
209.014422	209.014422	209.014
209.153741	209.153741	209.154
209.269841	209.269841	209.270
209.536871	209.536871	209.537
209.792290	209.792290	209.792
210.047710	210.047710	210.048
210.314739	210.314739	210.315
210.558549	210.558549	210.559
210.697868	210.697868	210.698
210.825578	210.825578	210.826
211.080998	211.080998	211.081
211.220317	211.220317	211.220
211.348027	211.348027	211.348
211.626667	211.626667	211.627
211.742766	211.742766	211.743
211.870476	211.870476	211.870
211.986576	211.986576	211.987
212.125896	212.125896	212.126
212.276825	212.276825	212.277
212.381315	212.381315	212.381
212.509025	212.509025	212.509
212.636735	212.636735	212.637
212.799274	212.799274	212.799
212.903764	212.903764	212.904
213.043084	213.043084	213.043
213.159184	213.159184	213.159
213.310113	213.310113	213.310
213.426213	213.426213	213.426
213.681633	213.681633	213.682
213.832562	213.832562	213.833
213.960272	213.960272	213.960
214.204082	214.204082	214.204
214.343401	214.343401	214.343
214.471111	214.471111	214.471
214.563991	214.563991	214.564
214.749751	214.749751	214.750
214.981950	214.981950	214.982
215.121270	215.121270	215.121
215.248980	215.248980	215.249
215.376689	215.376689	215.377
215.504399	215.504399	215.504
215.771429	215.771429	215.771
215.922358	215.922358	215.922
216.026848	216.026848	216.027
216.282268	216.282268	216.282
216.421587	216.421587	216.422
216.526077	216.526077	216.526
216.793107	216.793107	216.793
217.060136	217.060136	217.060
217.211066	217.211066	217.211
217.315556	217.315556	217.316
217.443265	217.443265	217.443
217.582585	217.582585	217.583
217.826395	217.826395	217.826
217.965714	217.965714	217.966
218.093424	218.093424	218.093
218.348844	218.348844	218.349
218.615873	218.615873	218.616
218.859683	218.859683	218.860
218.975782	218.975782	218.976
219.138322	219.138322	219.138
219.219592	219.219592	219.220
219.405351	219.405351	219.405
219.649161	219.649161	219.649
219.776871	219.776871	219.777
219.916190	219.916190	219.916
220.043900	220.043900	220.044
220.183220	220.183220	220.183
220.310930	220.310930	220.311
220.438639	220.438639	220.439
220.566349	220.566349	220.566
220.682449	220.682449	220.682
220.961088	220.961088	220.961
221.088798	221.088798	221.089
221.204898	221.204898	221.205
221.297778	221.297778	221.298
221.344218	221.344218	221.344
221.471927	221.471927	221.472
221.611247	221.611247	221.611
221.738957	221.738957	221.739
221.982766	221.982766	221.983
222.261406	222.261406	222.261
222.516825	222.516825	222.517
222.772245	222.772245	222.772
223.050884	223.050884	223.051
223.155374	223.155374	223.155
223.294694	223.294694	223.295
223.434014	223.434014	223.434
223.561723	223.561723	223.562
223.689433	223.689433	223.689
223.805533	223.805533	223.806
223.921633	223.921633	223.922
224.072562	224.072562	224.073
224.200272	224.200272	224.200
224.327982	224.327982	224.328
224.595011	224.595011	224.595
224.734331	224.734331	224.734
224.838821	224.838821	224.839
224.989751	224.989751	224.990
225.105850	225.105850	225.106
225.233560	225.233560	225.234
225.372880	225.372880	225.373
225.465760	225.465760	225.466
225.616689	225.616689	225.617
225.744399	225.744399	225.744
225.883719	225.883719	225.884
225.988209	225.988209	225.988
226.139138	226.139138	226.139
226.278458	226.278458	226.278
226.406168	226.406168	226.406
226.673197	226.673197	226.673
226.893787	226.893787	226.894
227.033107	227.033107	227.033
227.172426	227.172426	227.172
227.230476	227.230476	227.230
227.311746	227.311746	227.312
227.439456	227.439456	227.439
227.578776	227.578776	227.579
227.694875	227.694875	227.695
227.834195	227.834195	227.834
227.961905	227.961905	227.962
228.217324	228.217324	228.217
228.484354	228.484354	228.484
228.739773	228.739773	228.740
228.983583	228.983583	228.984
229.262222	229.262222	229.262
229.401542	229.401542	229.402
229.517642	229.517642	229.518
229.610522	229.610522	229.611
229.784671	229.784671	229.785
229.923991	229.923991	229.924
230.040091	230.040091	230.040
230.167800	230.167800	230.168
230.283900	230.283900	230.284
230.423220	230.423220	230.423
230.574150	230.574150	230.574
230.817959	230.817959	230.818
231.084989	231.084989	231.085
231.189478	231.189478	231.189
231.363628	231.363628	231.364
231.491338	231.491338	231.491
231.595828	231.595828	231.596
231.735147	231.735147	231.735
231.851247	231.851247	231.851
231.990567	231.990567	231.991
232.118277	232.118277	232.118
232.373696	232.373696	232.374
232.640726	232.640726	232.641
232.896145	232.896145	232.896
233.128345	233.128345	233.128
233.395374	233.395374	233.395
233.557914	233.557914	233.558
233.674014	233.674014	233.674
233.801723	233.801723	233.802
233.929433	233.929433	233.929
234.196463	234.196463	234.196
234.440272	234.440272	234.440
234.707302	234.707302	234.707
234.974331	234.974331	234.974
235.218141	235.218141	235.218
235.485170	235.485170	235.485
235.601270	235.601270	235.601
235.740590	235.740590	235.741
235.891519	235.891519	235.892
236.007619	236.007619	236.008
236.135329	236.135329	236.135
236.263039	236.263039	236.263
236.367528	236.367528	236.368
236.518458	236.518458	236.518
236.657778	236.657778	236.658
236.785488	236.785488	236.785
236.913197	236.913197	236.913
237.040907	237.040907	237.041
237.307937	237.307937	237.308
237.563356	237.563356	237.563
237.830385	237.830385	237.830
238.085805	238.085805	238.086
238.352834	238.352834	238.353
238.596644	238.596644	238.597
238.875283	238.875283	238.875
239.119093	239.119093	239.119
239.281633	239.281633	239.282
239.386122	239.386122	239.386
239.676372	239.676372	239.676
239.908571	239.908571	239.909
240.163991	240.163991	240.164
240.419410	240.419410	240.419
240.674830	240.674830	240.675
240.941859	240.941859	240.942
