0.371519	0.371519	0.372
0.557279	0.557279	0.557
0.743039	0.743039	0.743
0.940408	0.940408	0.940
1.126168	1.126168	1.126
1.323537	1.323537	1.324
1.474467	1.474467	1.474
1.706667	1.706667	1.707
2.089796	2.089796	2.090
2.252336	2.252336	2.252
2.438095	2.438095	2.438
2.612245	2.612245	2.612
2.798005	2.798005	2.798
2.983764	2.983764	2.984
3.192744	3.192744	3.193
3.552653	3.552653	3.553
3.726803	3.726803	3.727
3.924172	3.924172	3.924
4.098322	4.098322	4.098
4.295692	4.295692	4.296
4.458231	4.458231	4.458
4.678821	4.678821	4.679
5.050340	5.050340	5.050
5.212880	5.212880	5.213
5.410249	5.410249	5.410
5.572789	5.572789	5.573
5.770159	5.770159	5.770
5.955918	5.955918	5.956
6.176508	6.176508	6.177
6.513197	6.513197	6.513
6.687347	6.687347	6.687
6.873107	6.873107	6.873
7.070476	7.070476	7.070
7.256236	7.256236	7.256
7.441995	7.441995	7.442
7.627755	7.627755	7.628
7.674195	7.674195	7.674
7.801905	7.801905	7.802
7.987664	7.987664	7.988
8.185034	8.185034	8.185
8.370794	8.370794	8.371
8.533333	8.533333	8.533
8.753923	8.753923	8.754
8.928073	8.928073	8.928
9.125442	9.125442	9.125
9.473741	9.473741	9.474
9.636281	9.636281	9.636
9.833651	9.833651	9.834
10.007800	10.007800	10.008
10.205170	10.205170	10.205
10.390930	10.390930	10.391
10.576689	10.576689	10.577
10.948209	10.948209	10.948
11.099138	11.099138	11.099
11.308118	11.308118	11.308
11.470658	11.470658	11.471
11.668027	11.668027	11.668
11.830567	11.830567	11.831
12.051156	12.051156	12.051
12.399456	12.399456	12.399
12.573605	12.573605	12.574
12.759365	12.759365	12.759
12.933515	12.933515	12.934
13.119274	13.119274	13.119
13.305034	13.305034	13.305
13.490794	13.490794	13.491
13.664943	13.664943	13.665
13.850703	13.850703	13.851
14.036463	14.036463	14.036
14.222222	14.222222	14.222
14.396372	14.396372	14.396
14.454422	14.454422	14.454
14.593741	14.593741	14.594
14.779501	14.779501	14.780
14.965261	14.965261	14.965
15.510930	15.510930	15.511
15.685079	15.685079	15.685
15.859229	15.859229	15.859
16.056599	16.056599	16.057
16.230748	16.230748	16.231
16.428118	16.428118	16.428
16.799637	16.799637	16.800
16.973787	16.973787	16.974
17.147937	17.147937	17.148
17.194376	17.194376	17.194
17.322086	17.322086	17.322
17.519456	17.519456	17.519
17.693605	17.693605	17.694
17.902585	17.902585	17.903
18.262494	18.262494	18.262
18.436644	18.436644	18.437
18.622404	18.622404	18.622
18.784943	18.784943	18.785
18.993923	18.993923	18.994
19.168073	19.168073	19.168
19.365442	19.365442	19.365
19.539592	19.539592	19.540
19.748571	19.748571	19.749
19.911111	19.911111	19.911
20.096871	20.096871	20.097
20.271020	20.271020	20.271
20.456780	20.456780	20.457
20.619320	20.619320	20.619
20.839909	20.839909	20.840
21.188209	21.188209	21.188
21.362358	21.362358	21.362
21.548118	21.548118	21.548
21.722268	21.722268	21.722
21.919637	21.919637	21.920
22.093787	22.093787	22.094
22.267937	22.267937	22.268
22.453696	22.453696	22.454
22.639456	22.639456	22.639
22.825215	22.825215	22.825
23.022585	23.022585	23.023
23.196735	23.196735	23.197
23.394104	23.394104	23.394
23.545034	23.545034	23.545
23.754014	23.754014	23.754
24.113923	24.113923	24.114
24.276463	24.276463	24.276
24.473832	24.473832	24.474
24.647982	24.647982	24.648
24.833741	24.833741	24.834
25.007891	25.007891	25.008
25.228481	25.228481	25.228
25.588390	25.588390	25.588
25.727710	25.727710	25.728
25.948299	25.948299	25.948
26.110839	26.110839	26.111
26.296599	26.296599	26.297
26.459138	26.459138	26.459
26.668118	26.668118	26.668
27.016417	27.016417	27.016
27.190567	27.190567	27.191
27.387937	27.387937	27.388
27.562086	27.562086	27.562
27.759456	27.759456	27.759
27.921995	27.921995	27.922
28.096145	28.096145	28.096
28.281905	28.281905	28.282
28.665034	28.665034	28.665
28.839184	28.839184	28.839
29.013333	29.013333	29.013
29.199093	29.199093	29.199
29.373243	29.373243	29.373
29.582222	29.582222	29.582
29.733152	29.733152	29.733
29.953741	29.953741	29.954
30.104671	30.104671	30.105
30.302041	30.302041	30.302
30.476190	30.476190	30.476
30.661950	30.661950	30.662
30.824490	30.824490	30.824
31.010249	31.010249	31.010
31.393379	31.393379	31.393
31.567528	31.567528	31.568
31.939048	31.939048	31.939
32.113197	32.113197	32.113
32.298957	32.298957	32.299
32.484717	32.484717	32.485
32.867846	32.867846	32.868
33.030385	33.030385	33.030
33.204535	33.204535	33.205
33.378685	33.378685	33.379
33.576054	33.576054	33.576
33.773424	33.773424	33.773
33.959184	33.959184	33.959
34.342313	34.342313	34.342
34.481633	34.481633	34.482
34.679002	34.679002	34.679
34.853152	34.853152	34.853
35.038912	35.038912	35.039
35.201451	35.201451	35.201
35.422041	35.422041	35.422
35.584580	35.584580	35.585
35.770340	35.770340	35.770
35.944490	35.944490	35.944
36.141859	36.141859	36.142
36.234739	36.234739	36.235
36.513379	36.513379	36.513
36.675918	36.675918	36.676
36.861678	36.861678	36.862
37.047438	37.047438	37.047
37.233197	37.233197	37.233
37.395737	37.395737	37.396
37.593107	37.593107	37.593
37.790476	37.790476	37.790
37.941406	37.941406	37.941
38.127166	38.127166	38.127
38.324535	38.324535	38.325
38.475465	38.475465	38.475
38.661224	38.661224	38.661
38.835374	38.835374	38.835
39.021134	39.021134	39.021
39.253333	39.253333	39.253
39.392653	39.392653	39.393
39.543583	39.543583	39.544
39.740952	39.740952	39.741
39.915102	39.915102	39.915
40.100862	40.100862	40.101
40.263401	40.263401	40.263
40.472381	40.472381	40.472
40.646531	40.646531	40.647
40.820680	40.820680	40.821
40.994830	40.994830	40.995
41.192200	41.192200	41.192
41.343129	41.343129	41.343
41.528889	41.528889	41.529
41.691429	41.691429	41.691
41.888798	41.888798	41.889
42.271927	42.271927	42.272
42.411247	42.411247	42.411
42.608617	42.608617	42.609
42.794376	42.794376	42.794
42.991746	42.991746	42.992
43.142676	43.142676	43.143
43.340045	43.340045	43.340
43.514195	43.514195	43.514
43.688345	43.688345	43.688
43.874104	43.874104	43.874
44.036644	44.036644	44.037
44.234014	44.234014	44.234
44.419773	44.419773	44.420
44.593923	44.593923	44.594
44.814512	44.814512	44.815
45.000272	45.000272	45.000
45.174422	45.174422	45.174
45.325351	45.325351	45.325
45.557551	45.557551	45.558
45.929070	45.929070	45.929
46.033560	46.033560	46.034
46.091610	46.091610	46.092
46.277370	46.277370	46.277
46.451519	46.451519	46.452
46.637279	46.637279	46.637
46.788209	46.788209	46.788
46.997188	46.997188	46.997
47.357098	47.357098	47.357
47.519637	47.519637	47.520
47.705397	47.705397	47.705
47.879546	47.879546	47.880
48.065306	48.065306	48.065
48.251066	48.251066	48.251
48.425215	48.425215	48.425
48.599365	48.599365	48.599
48.796735	48.796735	48.797
48.994104	48.994104	48.994
49.179864	49.179864	49.180
49.400454	49.400454	49.400
49.551383	49.551383	49.551
49.725533	49.725533	49.726
49.922902	49.922902	49.923
50.271202	50.271202	50.271
50.445351	50.445351	50.445
50.619501	50.619501	50.620
50.805261	50.805261	50.805
50.979410	50.979410	50.979
51.176780	51.176780	51.177
51.374150	51.374150	51.374
51.525079	51.525079	51.525
51.734059	51.734059	51.734
51.908209	51.908209	51.908
52.093968	52.093968	52.094
52.268118	52.268118	52.268
52.453878	52.453878	52.454
52.639637	52.639637	52.640
52.837007	52.837007	52.837
53.185306	53.185306	53.185
53.359456	53.359456	53.359
53.545215	53.545215	53.545
53.742585	53.742585	53.743
53.916735	53.916735	53.917
54.114104	54.114104	54.114
54.288254	54.288254	54.288
54.462404	54.462404	54.462
54.833923	54.833923	54.834
55.019683	55.019683	55.020
55.240272	55.240272	55.240
55.391202	55.391202	55.391
55.565351	55.565351	55.565
55.774331	55.774331	55.774
55.913651	55.913651	55.914
56.145850	56.145850	56.146
56.296780	56.296780	56.297
56.482540	56.482540	56.483
56.656689	56.656689	56.657
56.854059	56.854059	56.854
57.039819	57.039819	57.040
57.225578	57.225578	57.226
57.597098	57.597098	57.597
57.782857	57.782857	57.783
57.957007	57.957007	57.957
58.142766	58.142766	58.143
58.328526	58.328526	58.329
58.502676	58.502676	58.503
58.711655	58.711655	58.712
59.071565	59.071565	59.072
59.245714	59.245714	59.246
59.419864	59.419864	59.420
59.594014	59.594014	59.594
59.791383	59.791383	59.791
59.965533	59.965533	59.966
60.174512	60.174512	60.175
60.546032	60.546032	60.546
60.720181	60.720181	60.720
60.905941	60.905941	60.906
61.080091	61.080091	61.080
61.451610	61.451610	61.452
61.637370	61.637370	61.637
61.834739	61.834739	61.835
62.008889	62.008889	62.009
62.171429	62.171429	62.171
62.357188	62.357188	62.357
62.531338	62.531338	62.531
62.728707	62.728707	62.729
62.902857	62.902857	62.903
63.100227	63.100227	63.100
63.285986	63.285986	63.286
63.483356	63.483356	63.483
63.645896	63.645896	63.646
63.843265	63.843265	63.843
64.017415	64.017415	64.017
64.214785	64.214785	64.215
64.377324	64.377324	64.377
64.574694	64.574694	64.575
64.946213	64.946213	64.946
65.097143	65.097143	65.097
65.294512	65.294512	65.295
65.457052	65.457052	65.457
65.654422	65.654422	65.654
65.805351	65.805351	65.805
66.049161	66.049161	66.049
66.397460	66.397460	66.397
66.548390	66.548390	66.548
66.757370	66.757370	66.757
66.931519	66.931519	66.932
67.117279	67.117279	67.117
67.268209	67.268209	67.268
67.477188	67.477188	67.477
68.231837	68.231837	68.232
68.614966	68.614966	68.615
68.812336	68.812336	68.812
68.986485	68.986485	68.986
69.160635	69.160635	69.161
69.532154	69.532154	69.532
69.741134	69.741134	69.741
69.926893	69.926893	69.927
70.124263	70.124263	70.124
70.286803	70.286803	70.287
70.472562	70.472562	70.473
70.646712	70.646712	70.647
70.844082	70.844082	70.844
71.029841	71.029841	71.030
71.203991	71.203991	71.204
71.378141	71.378141	71.378
71.563900	71.563900	71.564
71.749660	71.749660	71.750
71.935419	71.935419	71.935
72.097959	72.097959	72.098
72.295329	72.295329	72.295
72.469478	72.469478	72.469
72.655238	72.655238	72.655
72.840998	72.840998	72.841
73.026757	73.026757	73.027
73.200907	73.200907	73.201
73.386667	73.386667	73.387
73.560816	73.560816	73.561
73.758186	73.758186	73.758
73.932336	73.932336	73.932
74.118095	74.118095	74.118
74.280635	74.280635	74.281
74.489615	74.489615	74.490
74.640544	74.640544	74.641
74.837914	74.837914	74.838
75.000454	75.000454	75.000
75.058503	75.058503	75.059
75.186213	75.186213	75.186
75.360363	75.360363	75.360
75.557732	75.557732	75.558
75.731882	75.731882	75.732
75.917642	75.917642	75.918
76.091791	76.091791	76.092
76.277551	76.277551	76.278
76.463311	76.463311	76.463
76.637460	76.637460	76.637
76.823220	76.823220	76.823
76.985760	76.985760	76.986
77.171519	77.171519	77.172
77.368889	77.368889	77.369
77.543039	77.543039	77.543
77.728798	77.728798	77.729
77.891338	77.891338	77.891
78.088707	78.088707	78.089
78.274467	78.274467	78.274
78.448617	78.448617	78.449
78.622766	78.622766	78.623
78.843356	78.843356	78.843
78.971066	78.971066	78.971
79.180045	79.180045	79.180
79.365805	79.365805	79.366
79.528345	79.528345	79.528
79.714104	79.714104	79.714
79.923084	79.923084	79.923
80.074014	80.074014	80.074
80.282993	80.282993	80.283
80.457143	80.457143	80.457
80.631293	80.631293	80.631
80.805442	80.805442	80.805
81.002812	81.002812	81.003
81.176961	81.176961	81.177
81.362721	81.362721	81.363
81.536871	81.536871	81.537
81.722630	81.722630	81.723
81.908390	81.908390	81.908
82.082540	82.082540	82.083
82.256689	82.256689	82.257
82.442449	82.442449	82.442
82.639819	82.639819	82.640
82.825578	82.825578	82.826
83.011338	83.011338	83.011
83.185488	83.185488	83.185
83.359637	83.359637	83.360
83.545397	83.545397	83.545
83.719546	83.719546	83.720
83.916916	83.916916	83.917
84.091066	84.091066	84.091
84.253605	84.253605	84.254
84.311655	84.311655	84.312
84.474195	84.474195	84.474
84.648345	84.648345	84.648
84.822494	84.822494	84.822
85.019864	85.019864	85.020
85.182404	85.182404	85.182
85.379773	85.379773	85.380
85.565533	85.565533	85.566
85.751293	85.751293	85.751
85.913832	85.913832	85.914
86.111202	86.111202	86.111
86.296961	86.296961	86.297
86.529161	86.529161	86.529
86.656871	86.656871	86.657
86.854240	86.854240	86.854
87.028390	87.028390	87.028
87.214150	87.214150	87.214
87.388299	87.388299	87.388
87.585669	87.585669	87.586
87.759819	87.759819	87.760
87.933968	87.933968	87.934
88.108118	88.108118	88.108
88.305488	88.305488	88.305
88.479637	88.479637	88.480
88.653787	88.653787	88.654
88.839546	88.839546	88.840
89.013696	89.013696	89.014
89.211066	89.211066	89.211
89.396825	89.396825	89.397
89.466485	89.466485	89.466
89.570975	89.570975	89.571
89.745125	89.745125	89.745
89.942494	89.942494	89.942
90.116644	90.116644	90.117
90.302404	90.302404	90.302
90.488163	90.488163	90.488
90.662313	90.662313	90.662
90.859683	90.859683	90.860
91.033832	91.033832	91.034
91.393741	91.393741	91.394
91.579501	91.579501	91.580
91.742041	91.742041	91.742
91.951020	91.951020	91.951
92.125170	92.125170	92.125
92.310930	92.310930	92.311
92.508299	92.508299	92.508
92.694059	92.694059	92.694
92.868209	92.868209	92.868
93.042358	93.042358	93.042
93.228118	93.228118	93.228
93.437098	93.437098	93.437
93.599637	93.599637	93.600
93.773787	93.773787	93.774
93.959546	93.959546	93.960
94.156916	94.156916	94.157
94.354286	94.354286	94.354
94.551655	94.551655	94.552
94.714195	94.714195	94.714
94.911565	94.911565	94.912
95.085714	95.085714	95.086
95.294694	95.294694	95.295
95.642993	95.642993	95.643
95.817143	95.817143	95.817
96.014512	96.014512	96.015
96.188662	96.188662	96.189
96.386032	96.386032	96.386
96.536961	96.536961	96.537
96.769161	96.769161	96.769
97.129070	97.129070	97.129
97.291610	97.291610	97.292
97.500590	97.500590	97.501
97.686349	97.686349	97.686
97.860499	97.860499	97.860
98.011429	98.011429	98.011
98.220408	98.220408	98.220
98.568707	98.568707	98.569
98.742857	98.742857	98.743
98.928617	98.928617	98.929
99.114376	99.114376	99.114
99.300136	99.300136	99.300
99.474286	99.474286	99.474
99.660045	99.660045	99.660
99.834195	99.834195	99.834
100.205714	100.205714	100.206
100.414694	100.414694	100.415
100.565624	100.565624	100.566
100.762993	100.762993	100.763
100.925533	100.925533	100.926
101.134512	101.134512	101.135
101.389932	101.389932	101.390
101.494422	101.494422	101.494
101.668571	101.668571	101.669
101.854331	101.854331	101.854
102.028481	102.028481	102.028
102.214240	102.214240	102.214
102.411610	102.411610	102.412
102.585760	102.585760	102.586
102.968889	102.968889	102.969
103.143039	103.143039	103.143
103.328798	103.328798	103.329
103.502948	103.502948	103.503
103.700317	103.700317	103.700
103.862857	103.862857	103.863
104.071837	104.071837	104.072
104.443356	104.443356	104.443
104.489796	104.489796	104.490
104.594286	104.594286	104.594
104.780045	104.780045	104.780
104.965805	104.965805	104.966
105.163175	105.163175	105.163
105.325714	105.325714	105.326
105.546304	105.546304	105.546
105.906213	105.906213	105.906
106.057143	106.057143	106.057
106.266122	106.266122	106.266
106.440272	106.440272	106.440
106.626032	106.626032	106.626
106.788571	106.788571	106.789
106.985941	106.985941	106.986
107.102041	107.102041	107.102
107.357460	107.357460	107.357
107.508390	107.508390	107.508
107.717370	107.717370	107.717
107.891519	107.891519	107.892
108.077279	108.077279	108.077
108.251429	108.251429	108.251
108.437188	108.437188	108.437
108.820317	108.820317	108.820
108.982857	108.982857	108.983
109.180227	109.180227	109.180
109.354376	109.354376	109.354
109.540136	109.540136	109.540
109.702676	109.702676	109.703
109.911655	109.911655	109.912
110.283175	110.283175	110.283
110.445714	110.445714	110.446
110.631474	110.631474	110.631
110.817234	110.817234	110.817
111.002993	111.002993	111.003
111.165533	111.165533	111.166
111.397732	111.397732	111.398
111.537052	111.537052	111.537
111.757642	111.757642	111.758
111.908571	111.908571	111.909
112.117551	112.117551	112.118
112.280091	112.280091	112.280
112.477460	112.477460	112.477
112.628390	112.628390	112.628
112.848980	112.848980	112.849
113.603628	113.603628	113.604
113.963537	113.963537	113.964
114.218957	114.218957	114.219
114.358277	114.358277	114.358
114.741406	114.741406	114.741
115.008435	115.008435	115.008
115.136145	115.136145	115.136
115.403175	115.403175	115.403
115.507664	115.507664	115.508
115.763084	115.763084	115.763
115.890794	115.890794	115.891
116.273923	116.273923	116.274
116.540952	116.540952	116.541
116.633832	116.633832	116.634
116.761542	116.761542	116.762
117.028571	117.028571	117.029
117.272381	117.272381	117.272
117.411701	117.411701	117.412
117.794830	117.794830	117.795
118.177959	118.177959	118.178
118.468209	118.468209	118.468
118.549478	118.549478	118.549
118.944218	118.944218	118.944
119.315737	119.315737	119.316
119.617596	119.617596	119.618
119.745306	119.745306	119.745
119.861406	119.861406	119.861
119.989116	119.989116	119.989
120.093605	120.093605	120.094
120.221315	120.221315	120.221
120.337415	120.337415	120.337
120.465125	120.465125	120.465
120.604444	120.604444	120.604
120.848254	120.848254	120.848
121.103673	121.103673	121.104
121.231383	121.231383	121.231
121.498413	121.498413	121.498
121.614512	121.614512	121.615
121.869932	121.869932	121.870
122.032472	122.032472	122.032
122.369161	122.369161	122.369
122.671020	122.671020	122.671
122.763900	122.763900	122.764
122.880000	122.880000	122.880
123.065760	123.065760	123.066
123.135420	123.135420	123.135
123.425669	123.425669	123.426
123.541769	123.541769	123.542
123.623039	123.623039	123.623
123.832018	123.832018	123.832
123.913288	123.913288	123.913
124.180317	124.180317	124.180
124.319637	124.319637	124.320
124.586667	124.586667	124.587
124.679546	124.679546	124.680
125.074286	125.074286	125.074
125.457415	125.457415	125.457
125.747664	125.747664	125.748
125.875374	125.875374	125.875
126.223673	126.223673	126.224
126.502313	126.502313	126.502
126.630023	126.630023	126.630
126.885442	126.885442	126.885
127.013152	127.013152	127.013
127.280181	127.280181	127.280
127.442721	127.442721	127.443
127.523991	127.523991	127.524
127.605261	127.605261	127.605
127.791020	127.791020	127.791
128.058050	128.058050	128.058
128.185760	128.185760	128.186
128.568889	128.568889	128.569
128.870748	128.870748	128.871
128.952018	128.952018	128.952
128.998458	128.998458	128.998
129.021678	129.021678	129.022
129.056508	129.056508	129.057
129.219048	129.219048	129.219
129.335147	129.335147	129.335
129.428027	129.428027	129.428
129.625397	129.625397	129.625
129.718277	129.718277	129.718
129.799546	129.799546	129.800
130.020136	130.020136	130.020
130.124626	130.124626	130.125
130.205896	130.205896	130.206
130.403265	130.403265	130.403
130.507755	130.507755	130.508
130.670295	130.670295	130.670
130.774785	130.774785	130.775
130.890884	130.890884	130.891
131.041814	131.041814	131.042
131.169524	131.169524	131.170
131.285624	131.285624	131.286
131.424943	131.424943	131.425
131.529433	131.529433	131.529
131.657143	131.657143	131.657
131.784853	131.784853	131.785
131.912562	131.912562	131.913
132.040272	132.040272	132.040
132.167982	132.167982	132.168
132.272472	132.272472	132.272
132.411791	132.411791	132.412
132.516281	132.516281	132.516
132.585941	132.585941	132.586
132.678821	132.678821	132.679
132.783311	132.783311	132.783
133.038730	133.038730	133.039
133.154830	133.154830	133.155
133.433469	133.433469	133.433
133.549569	133.549569	133.550
133.607619	133.607619	133.608
133.642449	133.642449	133.642
133.793379	133.793379	133.793
133.932698	133.932698	133.933
134.188118	134.188118	134.188
134.304218	134.304218	134.304
134.710567	134.710567	134.711
134.977596	134.977596	134.978
135.082086	135.082086	135.082
135.174966	135.174966	135.175
135.372336	135.372336	135.372
135.465215	135.465215	135.465
135.546485	135.546485	135.546
135.732245	135.732245	135.732
135.918005	135.918005	135.918
136.231474	136.231474	136.231
136.510113	136.510113	136.510
136.614603	136.614603	136.615
136.881633	136.881633	136.882
137.009342	137.009342	137.009
137.055782	137.055782	137.056
137.276372	137.276372	137.276
137.369252	137.369252	137.369
137.473741	137.473741	137.474
137.647891	137.647891	137.648
137.763991	137.763991	137.764
138.031020	138.031020	138.031
138.181950	138.181950	138.182
138.379320	138.379320	138.379
138.553469	138.553469	138.553
138.739229	138.739229	138.739
138.936599	138.936599	138.937
139.145578	139.145578	139.146
139.331338	139.331338	139.331
139.528707	139.528707	139.529
139.691247	139.691247	139.691
139.877007	139.877007	139.877
140.062766	140.062766	140.063
140.248526	140.248526	140.249
140.434286	140.434286	140.434
140.631655	140.631655	140.632
140.829025	140.829025	140.829
141.038005	141.038005	141.038
141.270204	141.270204	141.270
141.409524	141.409524	141.410
141.583673	141.583673	141.584
141.792653	141.792653	141.793
142.152562	142.152562	142.153
142.338322	142.338322	142.338
142.524082	142.524082	142.524
142.709841	142.709841	142.710
142.895601	142.895601	142.896
143.069751	143.069751	143.070
143.301950	143.301950	143.302
143.685079	143.685079	143.685
143.824399	143.824399	143.824
144.033379	144.033379	144.033
144.219138	144.219138	144.219
144.393288	144.393288	144.393
144.567438	144.567438	144.567
144.776417	144.776417	144.776
145.124717	145.124717	145.125
145.310476	145.310476	145.310
145.496236	145.496236	145.496
145.681995	145.681995	145.682
145.867755	145.867755	145.868
146.041905	146.041905	146.042
146.262494	146.262494	146.262
146.413424	146.413424	146.413
146.610794	146.610794	146.611
146.784943	146.784943	146.785
146.982313	146.982313	146.982
147.168073	147.168073	147.168
147.353832	147.353832	147.354
147.527982	147.527982	147.528
147.736961	147.736961	147.737
148.120091	148.120091	148.120
148.271020	148.271020	148.271
148.480000	148.480000	148.480
148.665760	148.665760	148.666
148.851519	148.851519	148.852
149.002449	149.002449	149.002
149.223039	149.223039	149.223
149.432018	149.432018	149.432
149.594558	149.594558	149.595
149.757098	149.757098	149.757
149.954467	149.954467	149.954
150.128617	150.128617	150.129
150.325986	150.325986	150.326
150.476916	150.476916	150.477
150.685896	150.685896	150.686
151.069025	151.069025	151.069
151.231565	151.231565	151.232
151.428934	151.428934	151.429
151.614694	151.614694	151.615
151.800454	151.800454	151.800
151.962993	151.962993	151.963
152.183583	152.183583	152.184
152.334512	152.334512	152.335
152.555102	152.555102	152.555
152.694422	152.694422	152.694
152.915011	152.915011	152.915
153.089161	153.089161	153.089
153.274921	153.274921	153.275
153.425850	153.425850	153.426
153.634830	153.634830	153.635
153.994739	153.994739	153.995
154.157279	154.157279	154.157
154.354649	154.354649	154.355
154.528798	154.528798	154.529
154.726168	154.726168	154.726
154.888707	154.888707	154.889
155.074467	155.074467	155.074
155.631746	155.631746	155.632
155.805896	155.805896	155.806
155.980045	155.980045	155.980
156.189025	156.189025	156.189
156.351565	156.351565	156.352
156.548934	156.548934	156.549
156.920454	156.920454	156.920
157.082993	157.082993	157.083
157.291973	157.291973	157.292
157.454512	157.454512	157.455
157.663492	157.663492	157.663
157.802812	157.802812	157.803
158.023401	158.023401	158.023
158.220771	158.220771	158.221
158.383311	158.383311	158.383
158.557460	158.557460	158.557
158.754830	158.754830	158.755
158.928980	158.928980	158.929
159.103129	159.103129	159.103
159.288889	159.288889	159.289
159.486259	159.486259	159.486
159.637188	159.637188	159.637
159.846168	159.846168	159.846
160.020317	160.020317	160.020
160.194467	160.194467	160.194
160.380227	160.380227	160.380
160.565986	160.565986	160.566
160.740136	160.740136	160.740
160.925896	160.925896	160.926
161.309025	161.309025	161.309
161.471565	161.471565	161.472
161.657324	161.657324	161.657
161.854694	161.854694	161.855
162.028844	162.028844	162.029
162.202993	162.202993	162.203
162.411973	162.411973	162.412
162.574512	162.574512	162.575
162.771882	162.771882	162.772
162.934422	162.934422	162.934
163.131791	163.131791	163.132
163.305941	163.305941	163.306
163.514921	163.514921	163.515
163.665850	163.665850	163.666
163.874830	163.874830	163.875
164.037370	164.037370	164.037
164.234739	164.234739	164.235
164.397279	164.397279	164.397
164.606259	164.606259	164.606
164.780408	164.780408	164.780
164.966168	164.966168	164.966
165.117098	165.117098	165.117
165.337687	165.337687	165.338
165.685986	165.685986	165.686
165.848526	165.848526	165.849
166.011066	166.011066	166.011
166.185215	166.185215	166.185
166.370975	166.370975	166.371
166.533515	166.533515	166.534
166.707664	166.707664	166.708
166.881814	166.881814	166.882
167.044354	167.044354	167.044
167.218503	167.218503	167.219
167.392653	167.392653	167.393
167.555193	167.555193	167.555
167.938322	167.938322	167.938
168.112472	168.112472	168.112
168.298231	168.298231	168.298
168.507211	168.507211	168.507
168.669751	168.669751	168.670
168.855510	168.855510	168.856
169.064490	169.064490	169.064
169.227029	169.227029	169.227
169.401179	169.401179	169.401
169.610159	169.610159	169.610
169.981678	169.981678	169.982
170.132608	170.132608	170.133
170.318367	170.318367	170.318
170.504127	170.504127	170.504
170.701497	170.701497	170.701
170.852426	170.852426	170.852
171.061406	171.061406	171.061
171.421315	171.421315	171.421
171.583855	171.583855	171.584
171.792834	171.792834	171.793
171.966984	171.966984	171.967
172.152744	172.152744	172.153
172.303673	172.303673	172.304
172.524263	172.524263	172.524
172.698413	172.698413	172.698
172.884172	172.884172	172.884
173.035102	173.035102	173.035
173.220862	173.220862	173.221
173.383401	173.383401	173.383
173.592381	173.592381	173.592
173.743311	173.743311	173.743
173.963900	173.963900	173.964
174.335420	174.335420	174.335
174.474739	174.474739	174.475
174.683719	174.683719	174.684
174.869478	174.869478	174.869
175.055238	175.055238	175.055
175.217778	175.217778	175.218
175.415147	175.415147	175.415
175.786667	175.786667	175.787
175.937596	175.937596	175.938
176.123356	176.123356	176.123
176.309116	176.309116	176.309
176.506485	176.506485	176.506
176.669025	176.669025	176.669
176.889615	176.889615	176.890
178.863311	178.863311	178.863
