0.011610	0.011610	3
0.336689	0.336689	4
0.568889	0.568889	1
0.928798	0.928798	2
1.311927	1.311927	3
1.695057	1.695057	4
2.078186	2.078186	1
2.438095	2.438095	2
2.798005	2.798005	3
3.169524	3.169524	4
3.541043	3.541043	1
3.912562	3.912562	2
4.284082	4.284082	3
4.667211	4.667211	4
5.038730	5.038730	1
5.398639	5.398639	2
5.770159	5.770159	3
6.153288	6.153288	4
6.513197	6.513197	1
6.884717	6.884717	2
7.244626	7.244626	3
7.616145	7.616145	4
7.987664	7.987664	1
8.359184	8.359184	2
8.730703	8.730703	3
9.102222	9.102222	4
9.462132	9.462132	1
9.822041	9.822041	2
10.181950	10.181950	3
10.553469	10.553469	4
10.924989	10.924989	1
11.296508	11.296508	2
11.656417	11.656417	3
12.027937	12.027937	4
12.387846	12.387846	1
12.747755	12.747755	2
13.119274	13.119274	3
13.479184	13.479184	4
13.850703	13.850703	1
14.210612	14.210612	2
14.582132	14.582132	3
14.953651	14.953651	4
15.313560	15.313560	1
15.673469	15.673469	2
16.044989	16.044989	3
16.404898	16.404898	4
16.776417	16.776417	1
17.136327	17.136327	2
17.507846	17.507846	3
17.879365	17.879365	4
18.250884	18.250884	1
18.610794	18.610794	2
18.982313	18.982313	3
19.353832	19.353832	4
19.725351	19.725351	1
20.085261	20.085261	2
20.445170	20.445170	3
20.816689	20.816689	4
21.188209	21.188209	1
21.548118	21.548118	2
21.908027	21.908027	3
22.267937	22.267937	4
22.639456	22.639456	1
23.010975	23.010975	2
23.370884	23.370884	3
23.730794	23.730794	4
24.102313	24.102313	1
24.462222	24.462222	2
24.833741	24.833741	3
25.205261	25.205261	4
25.576780	25.576780	1
25.936689	25.936689	2
26.296599	26.296599	3
26.656508	26.656508	4
27.016417	27.016417	1
27.376327	27.376327	2
27.747846	27.747846	3
28.096145	28.096145	4
28.456054	28.456054	1
28.815964	28.815964	2
29.187483	29.187483	3
29.570612	29.570612	4
29.930522	29.930522	1
30.290431	30.290431	2
30.650340	30.650340	3
31.010249	31.010249	4
31.381769	31.381769	1
31.741678	31.741678	2
32.101587	32.101587	3
32.473107	32.473107	4
32.844626	32.844626	1
33.204535	33.204535	2
33.576054	33.576054	3
33.947574	33.947574	4
34.319093	34.319093	1
34.679002	34.679002	2
35.038912	35.038912	3
35.398821	35.398821	4
35.758730	35.758730	1
36.130249	36.130249	2
36.501769	36.501769	3
36.850068	36.850068	4
37.221587	37.221587	1
37.581497	37.581497	2
37.941406	37.941406	3
38.301315	38.301315	4
38.661224	38.661224	1
39.021134	39.021134	2
39.381043	39.381043	3
39.729342	39.729342	4
40.100862	40.100862	1
40.460771	40.460771	2
40.820680	40.820680	3
41.168980	41.168980	4
41.517279	41.517279	1
41.877188	41.877188	2
42.260317	42.260317	3
42.608617	42.608617	4
42.968526	42.968526	1
43.328435	43.328435	2
43.688345	43.688345	3
44.048254	44.048254	4
44.419773	44.419773	1
44.791293	44.791293	2
45.162812	45.162812	3
45.534331	45.534331	4
45.905850	45.905850	1
46.265760	46.265760	2
46.625669	46.625669	3
46.985578	46.985578	4
47.345488	47.345488	1
47.705397	47.705397	2
48.065306	48.065306	3
48.425215	48.425215	4
48.796735	48.796735	1
49.168254	49.168254	2
49.539773	49.539773	3
49.899683	49.899683	4
50.259592	50.259592	1
50.619501	50.619501	2
50.979410	50.979410	3
51.350930	51.350930	4
51.722449	51.722449	1
52.082358	52.082358	2
52.453878	52.453878	3
52.825397	52.825397	4
53.185306	53.185306	1
53.556825	53.556825	2
53.916735	53.916735	3
54.276644	54.276644	4
54.648163	54.648163	1
55.008073	55.008073	2
55.379592	55.379592	3
55.751111	55.751111	4
56.111020	56.111020	1
56.470930	56.470930	2
56.842449	56.842449	3
57.213968	57.213968	4
57.585488	57.585488	1
57.945397	57.945397	2
58.316916	58.316916	3
58.688435	58.688435	4
59.048345	59.048345	1
59.419864	59.419864	2
59.779773	59.779773	3
60.151293	60.151293	4
60.522812	60.522812	1
60.894331	60.894331	2
61.254240	61.254240	3
61.625760	61.625760	4
61.997279	61.997279	1
62.357188	62.357188	2
62.717098	62.717098	3
63.088617	63.088617	4
63.471746	63.471746	1
63.843265	63.843265	2
64.203175	64.203175	3
64.563084	64.563084	4
64.922993	64.922993	1
65.282902	65.282902	2
65.654422	65.654422	3
66.025941	66.025941	4
66.385850	66.385850	1
66.745760	66.745760	2
67.105669	67.105669	3
67.453968	67.453968	4
67.790658	67.790658	1
68.127347	68.127347	2
68.464036	68.464036	3
68.800726	68.800726	4
69.160635	69.160635	1
69.520544	69.520544	2
69.903673	69.903673	3
70.275193	70.275193	4
70.635102	70.635102	1
71.006621	71.006621	2
71.366531	71.366531	3
71.738050	71.738050	4
72.086349	72.086349	1
72.457868	72.457868	2
72.829388	72.829388	3
73.189297	73.189297	4
73.560816	73.560816	1
73.920726	73.920726	2
74.269025	74.269025	3
74.628934	74.628934	4
74.988844	74.988844	1
75.360363	75.360363	2
75.720272	75.720272	3
76.091791	76.091791	4
76.451701	76.451701	1
76.811610	76.811610	2
77.171519	77.171519	3
77.531429	77.531429	4
77.891338	77.891338	1
78.262857	78.262857	2
78.622766	78.622766	3
78.982676	78.982676	4
79.354195	79.354195	1
79.714104	79.714104	2
80.085624	80.085624	3
80.457143	80.457143	4
80.817052	80.817052	1
81.176961	81.176961	2
81.536871	81.536871	3
81.896780	81.896780	4
82.256689	82.256689	1
82.628209	82.628209	2
82.999728	82.999728	3
83.348027	83.348027	4
83.719546	83.719546	1
84.079456	84.079456	2
84.450975	84.450975	3
84.810884	84.810884	4
85.182404	85.182404	1
85.553923	85.553923	2
85.913832	85.913832	3
86.285351	86.285351	4
86.645261	86.645261	1
87.016780	87.016780	2
87.376689	87.376689	3
87.748209	87.748209	4
88.108118	88.108118	1
88.479637	88.479637	2
88.839546	88.839546	3
89.199456	89.199456	4
89.570975	89.570975	1
89.930884	89.930884	2
90.302404	90.302404	3
90.662313	90.662313	4
91.022222	91.022222	1
91.393741	91.393741	2
91.753651	91.753651	3
92.113560	92.113560	4
92.496689	92.496689	1
92.856599	92.856599	2
93.216508	93.216508	3
93.564807	93.564807	4
93.901497	93.901497	1
94.238186	94.238186	2
94.586485	94.586485	3
94.934785	94.934785	4
95.283084	95.283084	1
95.642993	95.642993	2
96.002902	96.002902	3
96.374422	96.374422	4
96.745941	96.745941	1
97.117460	97.117460	2
97.488980	97.488980	3
97.848889	97.848889	4
98.208798	98.208798	1
98.568707	98.568707	2
98.940227	98.940227	3
99.300136	99.300136	4
99.671655	99.671655	1
100.043175	100.043175	2
100.403084	100.403084	3
100.751383	100.751383	4
101.122902	101.122902	1
101.482812	101.482812	2
101.842721	101.842721	3
102.214240	102.214240	4
102.585760	102.585760	1
102.957279	102.957279	2
103.328798	103.328798	3
103.688707	103.688707	4
104.048617	104.048617	1
104.420136	104.420136	2
104.780045	104.780045	3
105.151565	105.151565	4
105.523084	105.523084	1
105.894603	105.894603	2
106.254512	106.254512	3
106.614422	106.614422	4
106.974331	106.974331	1
107.345850	107.345850	2
107.705760	107.705760	3
108.065669	108.065669	4
108.437188	108.437188	1
108.808707	108.808707	2
109.168617	109.168617	3
109.528526	109.528526	4
109.888435	109.888435	1
110.259955	110.259955	2
110.619864	110.619864	3
111.002993	111.002993	4
111.374512	111.374512	1
111.746032	111.746032	2
112.105941	112.105941	3
112.477460	112.477460	4
112.837370	112.837370	1
113.208889	113.208889	2
113.592018	113.592018	3
113.951927	113.951927	4
114.346667	114.346667	1
114.729796	114.729796	2
115.124535	115.124535	3
115.507664	115.507664	4
115.902404	115.902404	1
116.273923	116.273923	2
116.657052	116.657052	3
117.028571	117.028571	4
117.400091	117.400091	1
117.783220	117.783220	2
118.166349	118.166349	3
118.549478	118.549478	4
118.932608	118.932608	1
119.315737	119.315737	2
119.687256	119.687256	3
120.070385	120.070385	4
120.453515	120.453515	1
120.836644	120.836644	2
121.219773	121.219773	3
121.602902	121.602902	4
121.997642	121.997642	1
122.380771	122.380771	2
122.752290	122.752290	3
123.135420	123.135420	4
123.530159	123.530159	1
123.913288	123.913288	2
124.308027	124.308027	3
124.679546	124.679546	4
125.062676	125.062676	1
125.457415	125.457415	2
125.863764	125.863764	3
126.235283	126.235283	4
126.618413	126.618413	1
127.013152	127.013152	2
127.431111	127.431111	3
127.802630	127.802630	4
128.185760	128.185760	1
128.568889	128.568889	2
128.952018	128.952018	3
129.335147	129.335147	4
129.718277	129.718277	1
130.113016	130.113016	2
130.507755	130.507755	3
130.890884	130.890884	4
131.274014	131.274014	1
131.657143	131.657143	2
132.040272	132.040272	3
132.423401	132.423401	4
132.783311	132.783311	1
133.166440	133.166440	2
133.549569	133.549569	3
133.932698	133.932698	4
134.304218	134.304218	1
134.698957	134.698957	2
135.070476	135.070476	3
135.453605	135.453605	4
135.836735	135.836735	1
136.219864	136.219864	2
136.614603	136.614603	3
136.997732	136.997732	4
137.380862	137.380862	1
137.775601	137.775601	2
138.170340	138.170340	3
138.541859	138.541859	4
138.924989	138.924989	1
139.308118	139.308118	2
139.679637	139.679637	3
140.062766	140.062766	4
140.434286	140.434286	1
140.829025	140.829025	2
141.200544	141.200544	3
141.572063	141.572063	4
141.943583	141.943583	1
142.326712	142.326712	2
142.698231	142.698231	3
143.046531	143.046531	4
143.383220	143.383220	1
143.719909	143.719909	2
144.068209	144.068209	3
144.416508	144.416508	4
144.764807	144.764807	1
145.124717	145.124717	2
145.496236	145.496236	3
145.867755	145.867755	4
146.239274	146.239274	1
146.599184	146.599184	2
146.970703	146.970703	3
147.342222	147.342222	4
147.725351	147.725351	1
148.096871	148.096871	2
148.468390	148.468390	3
148.839909	148.839909	4
149.211429	149.211429	1
149.582948	149.582948	2
149.942857	149.942857	3
150.302766	150.302766	4
150.674286	150.674286	1
151.057415	151.057415	2
151.428934	151.428934	3
151.800454	151.800454	4
152.171973	152.171973	1
152.543492	152.543492	2
152.903401	152.903401	3
153.263311	153.263311	4
153.623220	153.623220	1
153.983129	153.983129	2
154.343039	154.343039	3
154.714558	154.714558	4
155.074467	155.074467	1
155.434376	155.434376	2
155.805896	155.805896	3
156.177415	156.177415	4
156.537324	156.537324	1
156.908844	156.908844	2
157.280363	157.280363	3
157.651882	157.651882	4
158.011791	158.011791	1
158.371701	158.371701	2
158.743220	158.743220	3
159.114739	159.114739	4
159.474649	159.474649	1
159.834558	159.834558	2
160.194467	160.194467	3
160.565986	160.565986	4
160.937506	160.937506	1
161.309025	161.309025	2
161.668934	161.668934	3
162.005624	162.005624	4
162.330703	162.330703	1
162.655782	162.655782	2
162.980862	162.980862	3
163.317551	163.317551	4
163.654240	163.654240	1
163.979320	163.979320	2
164.304399	164.304399	3
164.641088	164.641088	4
164.977778	164.977778	1
165.326077	165.326077	2
165.674376	165.674376	3
166.011066	166.011066	4
166.359365	166.359365	1
166.707664	166.707664	2
167.044354	167.044354	3
167.392653	167.392653	4
167.740952	167.740952	1
168.100862	168.100862	2
168.472381	168.472381	3
168.843900	168.843900	4
169.215420	169.215420	1
169.586939	169.586939	2
169.958458	169.958458	3
170.318367	170.318367	4
170.689887	170.689887	1
171.049796	171.049796	2
171.421315	171.421315	3
171.781224	171.781224	4
172.141134	172.141134	1
172.501043	172.501043	2
172.860952	172.860952	3
173.220862	173.220862	4
173.580771	173.580771	1
173.952290	173.952290	2
174.312200	174.312200	3
174.672109	174.672109	4
175.032018	175.032018	1
175.391927	175.391927	2
175.751837	175.751837	3
176.111746	176.111746	4
176.460045	176.460045	1
176.936054	176.936054	2
177.412063	177.412063	3
177.888073	177.888073	4
178.364082	178.364082	1
178.851701	178.851701	2
179.339320	179.339320	3
179.826939	179.826939	4
180.314558	180.314558	1
180.802177	180.802177	2
181.289796	181.289796	3
181.777415	181.777415	4
182.265034	182.265034	1
182.752653	182.752653	2
183.240272	183.240272	3
183.727891	183.727891	4
184.215510	184.215510	1
184.703129	184.703129	2
185.190748	185.190748	3
