0.278639	0.278639	1
0.801088	0.801088	2
1.346757	1.346757	3
1.880816	1.880816	1
2.380045	2.380045	2
2.902494	2.902494	3
3.436553	3.436553	1
3.959002	3.959002	2
4.469841	4.469841	3
5.003900	5.003900	1
5.526349	5.526349	2
6.060408	6.060408	3
6.582857	6.582857	1
7.116916	7.116916	2
7.627755	7.627755	3
8.150204	8.150204	1
8.672653	8.672653	2
9.195102	9.195102	3
9.740771	9.740771	1
10.274830	10.274830	2
10.797279	10.797279	3
11.319728	11.319728	1
11.842177	11.842177	2
12.364626	12.364626	3
12.898685	12.898685	1
13.421134	13.421134	2
13.943583	13.943583	3
14.466032	14.466032	1
14.988481	14.988481	2
15.510930	15.510930	3
16.033379	16.033379	1
16.544218	16.544218	2
17.043447	17.043447	3
17.542676	17.542676	1
18.065125	18.065125	2
18.587574	18.587574	3
19.110023	19.110023	1
19.632472	19.632472	2
20.154921	20.154921	3
20.677370	20.677370	1
21.199819	21.199819	2
21.722268	21.722268	3
22.244717	22.244717	1
22.767166	22.767166	2
23.243175	23.243175	3
23.730794	23.730794	1
24.218413	24.218413	2
24.706032	24.706032	3
25.216871	25.216871	1
25.750930	25.750930	2
26.273379	26.273379	3
26.795828	26.795828	1
27.318277	27.318277	2
27.840726	27.840726	3
28.363175	28.363175	1
28.885624	28.885624	2
29.396463	29.396463	3
29.756372	29.756372	1
30.093061	30.093061	2
30.452971	30.452971	3
30.801270	30.801270	1
31.161179	31.161179	2
31.509478	31.509478	3
31.857778	31.857778	1
32.194467	32.194467	2
32.542766	32.542766	3
32.891066	32.891066	1
33.239365	33.239365	2
33.587664	33.587664	3
33.947574	33.947574	1
34.295873	34.295873	2
34.632562	34.632562	3
34.969252	34.969252	1
35.305941	35.305941	2
35.642630	35.642630	3
36.002540	36.002540	1
36.362449	36.362449	2
36.722358	36.722358	3
37.082268	37.082268	1
37.442177	37.442177	2
37.802086	37.802086	3
38.161995	38.161995	1
38.521905	38.521905	2
38.870204	38.870204	3
39.218503	39.218503	1
39.555193	39.555193	2
39.880272	39.880272	3
40.216961	40.216961	1
40.565261	40.565261	2
40.913560	40.913560	3
41.273469	41.273469	1
41.633379	41.633379	2
41.970068	41.970068	3
42.318367	42.318367	1
42.666667	42.666667	2
43.003356	43.003356	3
43.374875	43.374875	1
43.723175	43.723175	2
44.071474	44.071474	3
44.408163	44.408163	1
44.768073	44.768073	2
45.104762	45.104762	3
45.464671	45.464671	1
45.801361	45.801361	2
46.149660	46.149660	3
46.497959	46.497959	1
46.834649	46.834649	2
47.171338	47.171338	3
47.519637	47.519637	1
48.030476	48.030476	2
48.552925	48.552925	3
49.052154	49.052154	1
49.528163	49.528163	2
50.027392	50.027392	3
50.526621	50.526621	1
51.025850	51.025850	2
51.548299	51.548299	3
52.082358	52.082358	1
52.593197	52.593197	2
53.127256	53.127256	3
53.649705	53.649705	1
54.172154	54.172154	2
54.706213	54.706213	3
55.217052	55.217052	1
55.739501	55.739501	2
56.261950	56.261950	3
56.784399	56.784399	1
57.306848	57.306848	2
57.829297	57.829297	3
58.351746	58.351746	1
58.874195	58.874195	2
59.396644	59.396644	3
59.919093	59.919093	1
60.441542	60.441542	2
60.975601	60.975601	3
61.498050	61.498050	1
62.020499	62.020499	2
62.542948	62.542948	3
63.077007	63.077007	1
63.587846	63.587846	2
64.110295	64.110295	3
64.632744	64.632744	1
65.155193	65.155193	2
65.677642	65.677642	3
66.200091	66.200091	1
66.722540	66.722540	2
67.256599	67.256599	3
67.790658	67.790658	1
68.313107	68.313107	2
68.835556	68.835556	3
69.358005	69.358005	1
69.868844	69.868844	2
70.391293	70.391293	3
70.913741	70.913741	1
71.436190	71.436190	2
71.958639	71.958639	3
72.481088	72.481088	1
73.003537	73.003537	2
73.525986	73.525986	3
74.048435	74.048435	1
74.570884	74.570884	2
75.093333	75.093333	3
75.627392	75.627392	1
76.149841	76.149841	2
76.660680	76.660680	3
77.194739	77.194739	1
77.717188	77.717188	2
78.239637	78.239637	3
78.762086	78.762086	1
79.284535	79.284535	2
79.806984	79.806984	3
80.329433	80.329433	1
80.851882	80.851882	2
81.374331	81.374331	3
81.896780	81.896780	1
82.419229	82.419229	2
82.953288	82.953288	3
83.475737	83.475737	1
83.998186	83.998186	2
84.520635	84.520635	3
85.043084	85.043084	1
85.565533	85.565533	2
86.087982	86.087982	3
86.610431	86.610431	1
87.132880	87.132880	2
87.655329	87.655329	3
88.177778	88.177778	1
88.700227	88.700227	2
89.222676	89.222676	3
89.745125	89.745125	1
90.279184	90.279184	2
90.790023	90.790023	3
91.324082	91.324082	1
91.846531	91.846531	2
92.368980	92.368980	3
92.891429	92.891429	1
93.413878	93.413878	2
93.936327	93.936327	3
94.493605	94.493605	1
95.108934	95.108934	2
95.689433	95.689433	3
96.281542	96.281542	1
96.931701	96.931701	2
97.593469	97.593469	3
98.232018	98.232018	1
98.870567	98.870567	2
99.509116	99.509116	3
100.147664	100.147664	1
100.786213	100.786213	2
101.424762	101.424762	3
102.063311	102.063311	1
102.701859	102.701859	2
103.328798	103.328798	3
103.955737	103.955737	1
104.454966	104.454966	2
104.977415	104.977415	3
105.511474	105.511474	1
106.022313	106.022313	2
106.544762	106.544762	3
107.067211	107.067211	1
107.601270	107.601270	2
108.135329	108.135329	3
108.657778	108.657778	1
109.180227	109.180227	2
109.702676	109.702676	3
110.213515	110.213515	1
110.735964	110.735964	2
111.246803	111.246803	3
111.734422	111.734422	1
112.245261	112.245261	2
112.779320	112.779320	3
113.313379	113.313379	1
113.824218	113.824218	2
114.346667	114.346667	3
114.869116	114.869116	1
115.391565	115.391565	2
115.914014	115.914014	3
116.436463	116.436463	1
116.958912	116.958912	2
117.481361	117.481361	3
118.015420	118.015420	1
118.537868	118.537868	2
119.048707	119.048707	3
119.571156	119.571156	1
120.093605	120.093605	2
120.627664	120.627664	3
121.161723	121.161723	1
121.684172	121.684172	2
122.195011	122.195011	3
122.717460	122.717460	1
123.228299	123.228299	2
123.762358	123.762358	3
124.284807	124.284807	1
124.807256	124.807256	2
125.329705	125.329705	3
125.852154	125.852154	1
126.374603	126.374603	2
126.897052	126.897052	3
127.419501	127.419501	1
127.941950	127.941950	2
128.476009	128.476009	3
128.998458	128.998458	1
129.520907	129.520907	2
130.031746	130.031746	3
130.554195	130.554195	1
131.088254	131.088254	2
131.610703	131.610703	3
132.156372	132.156372	1
132.667211	132.667211	2
133.178050	133.178050	3
133.712109	133.712109	1
134.234558	134.234558	2
134.757007	134.757007	3
135.279456	135.279456	1
135.813515	135.813515	2
136.324354	136.324354	3
136.846803	136.846803	1
137.369252	137.369252	2
137.891701	137.891701	3
138.414150	138.414150	1
138.936599	138.936599	2
139.459048	139.459048	3
139.981497	139.981497	1
140.515556	140.515556	2
141.026395	141.026395	3
141.548844	141.548844	1
142.082902	142.082902	2
142.605351	142.605351	3
143.127800	143.127800	1
143.650249	143.650249	2
144.184308	144.184308	3
144.695147	144.695147	1
145.217596	145.217596	2
145.740045	145.740045	3
146.262494	146.262494	1
146.784943	146.784943	2
147.307392	147.307392	3
147.829841	147.829841	1
148.352290	148.352290	2
148.863129	148.863129	3
149.397188	149.397188	1
149.919637	149.919637	2
150.453696	150.453696	3
150.987755	150.987755	1
151.498594	151.498594	2
152.021043	152.021043	3
152.566712	152.566712	1
153.077551	153.077551	2
153.588390	153.588390	3
154.110839	154.110839	1
154.644898	154.644898	2
155.167347	155.167347	3
155.678186	155.678186	1
156.223855	156.223855	2
156.746304	156.746304	3
157.268753	157.268753	1
157.779592	157.779592	2
158.302041	158.302041	3
158.836100	158.836100	1
159.358549	159.358549	2
159.869388	159.869388	3
160.391837	160.391837	1
160.925896	160.925896	2
161.448345	161.448345	3
161.959184	161.959184	1
162.481633	162.481633	2
163.015692	163.015692	3
163.538141	163.538141	1
164.048980	164.048980	2
164.583039	164.583039	3
165.117098	165.117098	1
165.639546	165.639546	2
166.150385	166.150385	3
166.498685	166.498685	1
166.846984	166.846984	2
167.206893	167.206893	3
167.543583	167.543583	1
167.891882	167.891882	2
168.240181	168.240181	3
168.588481	168.588481	1
168.948390	168.948390	2
169.296689	169.296689	3
169.644989	169.644989	1
169.993288	169.993288	2
170.341587	170.341587	3
170.689887	170.689887	1
171.038186	171.038186	2
171.386485	171.386485	3
171.734785	171.734785	1
172.083084	172.083084	2
172.431383	172.431383	3
172.779683	172.779683	1
173.127982	173.127982	2
173.476281	173.476281	3
173.824580	173.824580	1
174.172880	174.172880	2
174.521179	174.521179	3
174.869478	174.869478	1
175.229388	175.229388	2
175.589297	175.589297	3
175.937596	175.937596	1
176.285896	176.285896	2
176.622585	176.622585	3
176.970884	176.970884	1
177.307574	177.307574	2
177.667483	177.667483	3
178.027392	178.027392	1
178.375692	178.375692	2
178.735601	178.735601	3
179.072290	179.072290	1
179.420590	179.420590	2
179.768889	179.768889	3
180.117188	180.117188	1
180.453878	180.453878	2
180.802177	180.802177	3
181.150476	181.150476	1
181.498776	181.498776	2
181.847075	181.847075	3
182.195374	182.195374	1
182.566893	182.566893	2
182.973243	182.973243	3
183.356372	183.356372	1
183.762721	183.762721	2
184.157460	184.157460	3
184.552200	184.552200	1
184.958549	184.958549	2
185.353288	185.353288	3
185.840907	185.840907	1
186.328526	186.328526	2
186.816145	186.816145	3
187.303764	187.303764	1
187.791383	187.791383	2
188.267392	188.267392	3
188.755011	188.755011	1
189.231020	189.231020	2
189.718639	189.718639	3
190.206259	190.206259	1
190.693878	190.693878	2
191.181497	191.181497	3
191.669116	191.669116	1
