0.870748	0.870748	0.871
2.635465	2.635465	2.635
4.643991	4.643991	4.644
4.748481	4.748481	4.748
6.234558	6.234558	6.235
7.302676	7.302676	7.303
8.962902	8.962902	8.963
10.704399	10.704399	10.704
10.878549	10.878549	10.879
11.157188	11.157188	11.157
11.273288	11.273288	11.273
11.377778	11.377778	11.378
11.656417	11.656417	11.656
13.432744	13.432744	13.433
13.525624	13.525624	13.526
13.757823	13.757823	13.758
14.036463	14.036463	14.036
14.291882	14.291882	14.292
14.407982	14.407982	14.408
14.547302	14.547302	14.547
14.698231	14.698231	14.698
14.907211	14.907211	14.907
15.046531	15.046531	15.047
15.139410	15.139410	15.139
15.731519	15.731519	15.732
15.847619	15.847619	15.848
16.021769	16.021769	16.022
16.346848	16.346848	16.347
16.544218	16.544218	16.544
16.695147	16.695147	16.695
16.973787	16.973787	16.974
17.693605	17.693605	17.694
18.808163	18.808163	18.808
19.086803	19.086803	19.087
20.607710	20.607710	20.608
20.735419	20.735419	20.735
20.886349	20.886349	20.886
21.095329	21.095329	21.095
21.153379	21.153379	21.153
21.373968	21.373968	21.374
21.466848	21.466848	21.467
21.629388	21.629388	21.629
21.710658	21.710658	21.711
21.861587	21.861587	21.862
21.977687	21.977687	21.978
22.291156	22.291156	22.291
22.929705	22.929705	22.930
23.219955	23.219955	23.220
23.486984	23.486984	23.487
24.578322	24.578322	24.578
26.308209	26.308209	26.308
26.865488	26.865488	26.865
27.190567	27.190567	27.191
27.829116	27.829116	27.829
27.921995	27.921995	27.922
28.049705	28.049705	28.050
28.316735	28.316735	28.317
29.744762	29.744762	29.745
30.290431	30.290431	30.290
30.580680	30.580680	30.581
30.696780	30.696780	30.697
30.778050	30.778050	30.778
31.103129	31.103129	31.103
31.207619	31.207619	31.208
31.613968	31.613968	31.614
31.788118	31.788118	31.788
32.020317	32.020317	32.020
32.101587	32.101587	32.102
32.275737	32.275737	32.276
32.345397	32.345397	32.345
32.426667	32.426667	32.427
32.519546	32.519546	32.520
32.600816	32.600816	32.601
33.227755	33.227755	33.228
33.970794	33.970794	33.971
34.156553	34.156553	34.157
34.307483	34.307483	34.307
34.400363	34.400363	34.400
34.586122	34.586122	34.586
34.806712	34.806712	34.807
35.027302	35.027302	35.027
35.189841	35.189841	35.190
35.282721	35.282721	35.283
35.526531	35.526531	35.527
35.677460	35.677460	35.677
35.909660	35.909660	35.910
35.990930	35.990930	35.991
36.118639	36.118639	36.119
36.350839	36.350839	36.351
36.455329	36.455329	36.455
36.629478	36.629478	36.629
36.873288	36.873288	36.873
38.463855	38.463855	38.464
39.636463	39.636463	39.636
40.124082	40.124082	40.124
40.275011	40.275011	40.275
40.530431	40.530431	40.530
40.681361	40.681361	40.681
40.820680	40.820680	40.821
40.890340	40.890340	40.890
41.703039	41.703039	41.703
42.689887	42.689887	42.690
42.933696	42.933696	42.934
43.107846	43.107846	43.108
43.270385	43.270385	43.270
43.374875	43.374875	43.375
43.490975	43.490975	43.491
43.607075	43.607075	43.607
44.001814	44.001814	44.002
44.071474	44.071474	44.071
44.187574	44.187574	44.188
44.419773	44.419773	44.420
44.570703	44.570703	44.571
44.663583	44.663583	44.664
44.744853	44.744853	44.745
44.953832	44.953832	44.954
45.116372	45.116372	45.116
45.209252	45.209252	45.209
45.522721	45.522721	45.523
45.696871	45.696871	45.697
45.963900	45.963900	45.964
46.741769	46.741769	46.742
46.973968	46.973968	46.974
47.078458	47.078458	47.078
48.610975	48.610975	48.611
48.727075	48.727075	48.727
48.982494	48.982494	48.982
49.214694	49.214694	49.215
49.295964	49.295964	49.296
49.400454	49.400454	49.400
49.470113	49.470113	49.470
49.562993	49.562993	49.563
49.806803	49.806803	49.807
50.004172	50.004172	50.004
50.398912	50.398912	50.399
50.468571	50.468571	50.469
50.712381	50.712381	50.712
50.782041	50.782041	50.782
50.921361	50.921361	50.921
51.420590	51.420590	51.421
51.838549	51.838549	51.839
52.569977	52.569977	52.570
54.137324	54.137324	54.137
54.299864	54.299864	54.300
54.845533	54.845533	54.846
55.147392	55.147392	55.147
55.751111	55.751111	55.751
56.157460	56.157460	56.157
56.203900	56.203900	56.204
56.296780	56.296780	56.297
56.389660	56.389660	56.390
56.633469	56.633469	56.633
57.631927	57.631927	57.632
57.898957	57.898957	57.899
58.049887	58.049887	58.050
58.363356	58.363356	58.363
58.444626	58.444626	58.445
58.514286	58.514286	58.514
58.607166	58.607166	58.607
58.676825	58.676825	58.677
58.874195	58.874195	58.874
59.083175	59.083175	59.083
59.152834	59.152834	59.153
59.396644	59.396644	59.397
59.594014	59.594014	59.594
59.686893	59.686893	59.687
59.837823	59.837823	59.838
60.000363	60.000363	60.000
60.360272	60.360272	60.360
60.464762	60.464762	60.465
61.149751	61.149751	61.150
61.393560	61.393560	61.394
61.556100	61.556100	61.556
61.614150	61.614150	61.614
61.811519	61.811519	61.812
61.869569	61.869569	61.870
61.904399	61.904399	61.904
62.252698	62.252698	62.253
62.450068	62.450068	62.450
63.111837	63.111837	63.112
63.460136	63.460136	63.460
63.529796	63.529796	63.530
63.982585	63.982585	63.983
64.702404	64.702404	64.702
65.422222	65.422222	65.422
65.596372	65.596372	65.596
66.827029	66.827029	66.827
67.546848	67.546848	67.547
67.883537	67.883537	67.884
68.104127	68.104127	68.104
68.162177	68.162177	68.162
68.289887	68.289887	68.290
68.382766	68.382766	68.383
68.684626	68.684626	68.685
68.858776	68.858776	68.859
69.021315	69.021315	69.021
69.114195	69.114195	69.114
69.172245	69.172245	69.172
69.299955	69.299955	69.300
69.358005	69.358005	69.358
69.427664	69.427664	69.428
69.508934	69.508934	69.509
69.613424	69.613424	69.613
69.764354	69.764354	69.764
69.845624	69.845624	69.846
69.984943	69.984943	69.985
70.077823	70.077823	70.078
70.159093	70.159093	70.159
70.240363	70.240363	70.240
70.310023	70.310023	70.310
70.391293	70.391293	70.391
70.611882	70.611882	70.612
70.681542	70.681542	70.682
71.041451	71.041451	71.041
71.111111	71.111111	71.111
71.192381	71.192381	71.192
71.343311	71.343311	71.343
71.575510	71.575510	71.576
71.633560	71.633560	71.634
71.923810	71.923810	71.924
72.109569	72.109569	72.110
72.713288	72.713288	72.713
73.200907	73.200907	73.201
74.060045	74.060045	74.060
74.849524	74.849524	74.850
75.209433	75.209433	75.209
75.348753	75.348753	75.349
75.673832	75.673832	75.674
75.813152	75.813152	75.813
75.987302	75.987302	75.987
76.358821	76.358821	76.359
76.451701	76.451701	76.452
76.521361	76.521361	76.521
76.602630	76.602630	76.603
76.672290	76.672290	76.672
76.811610	76.811610	76.812
77.008980	77.008980	77.009
77.345669	77.345669	77.346
77.473379	77.473379	77.473
77.717188	77.717188	77.717
78.286077	78.286077	78.286
78.425397	78.425397	78.425
78.715646	78.715646	78.716
78.924626	78.924626	78.925
79.110385	79.110385	79.110
79.191655	79.191655	79.192
79.563175	79.563175	79.563
80.108844	80.108844	80.109
81.351111	81.351111	81.351
81.687800	81.687800	81.688
81.989660	81.989660	81.990
82.268299	82.268299	82.268
82.430839	82.430839	82.431
82.535329	82.535329	82.535
82.674649	82.674649	82.675
82.848798	82.848798	82.849
82.930068	82.930068	82.930
83.034558	83.034558	83.035
83.313197	83.313197	83.313
83.406077	83.406077	83.406
83.475737	83.475737	83.476
83.568617	83.568617	83.569
83.649887	83.649887	83.650
83.742766	83.742766	83.743
83.835646	83.835646	83.836
84.300045	84.300045	84.300
84.718005	84.718005	84.718
85.066304	85.066304	85.066
85.263673	85.263673	85.264
85.635193	85.635193	85.635
85.693243	85.693243	85.693
85.867392	85.867392	85.867
86.064762	86.064762	86.065
86.192472	86.192472	86.192
86.285351	86.285351	86.285
86.471111	86.471111	86.471
86.563991	86.563991	86.564
86.761361	86.761361	86.761
87.225760	87.225760	87.226
87.922358	87.922358	87.922
88.096508	88.096508	88.097
88.200998	88.200998	88.201
88.270658	88.270658	88.271
88.456417	88.456417	88.456
88.793107	88.793107	88.793
89.013696	89.013696	89.014
89.199456	89.199456	89.199
89.547755	89.547755	89.548
90.105034	90.105034	90.105
90.697143	90.697143	90.697
90.848073	90.848073	90.848
91.149932	91.149932	91.150
91.788481	91.788481	91.788
92.636009	92.636009	92.636
92.961088	92.961088	92.961
93.193288	93.193288	93.193
93.506757	93.506757	93.507
93.634467	93.634467	93.634
94.052426	94.052426	94.052
94.667755	94.667755	94.668
94.923175	94.923175	94.923
95.166984	95.166984	95.167
95.677823	95.677823	95.678
95.735873	95.735873	95.736
96.049342	96.049342	96.049
96.119002	96.119002	96.119
96.490522	96.490522	96.491
96.583401	96.583401	96.583
96.664671	96.664671	96.665
96.734331	96.734331	96.734
96.815601	96.815601	96.816
97.001361	97.001361	97.001
97.245170	97.245170	97.245
97.419320	97.419320	97.419
97.674739	97.674739	97.675
97.802449	97.802449	97.802
97.930159	97.930159	97.930
98.708027	98.708027	98.708
99.311746	99.311746	99.312
99.439456	99.439456	99.439
99.509116	99.509116	99.509
99.625215	99.625215	99.625
99.880635	99.880635	99.881
100.043175	100.043175	100.043
100.414694	100.414694	100.415
100.774603	100.774603	100.775
101.099683	101.099683	101.100
101.331882	101.331882	101.332
101.529252	101.529252	101.529
101.656961	101.656961	101.657
101.842721	101.842721	101.843
102.156190	102.156190	102.156
103.003719	103.003719	103.004
103.224308	103.224308	103.224
103.421678	103.421678	103.422
103.619048	103.619048	103.619
103.711927	103.711927	103.712
103.897687	103.897687	103.898
104.106667	104.106667	104.107
104.211156	104.211156	104.211
104.489796	104.489796	104.490
104.582676	104.582676	104.583
104.687166	104.687166	104.687
105.314104	105.314104	105.314
105.627574	105.627574	105.628
105.801723	105.801723	105.802
106.045533	106.045533	106.046
106.161633	106.161633	106.162
107.369070	107.369070	107.369
108.204989	108.204989	108.205
109.110567	109.110567	109.111
109.749116	109.749116	109.749
110.155465	110.155465	110.155
110.399274	110.399274	110.399
110.526984	110.526984	110.527
110.735964	110.735964	110.736
110.828844	110.828844	110.829
110.991383	110.991383	110.991
111.084263	111.084263	111.084
111.153923	111.153923	111.154
112.558730	112.558730	112.559
112.976689	112.976689	112.977
113.116009	113.116009	113.116
113.290159	113.290159	113.290
113.359819	113.359819	113.360
113.650068	113.650068	113.650
113.708118	113.708118	113.708
113.789388	113.789388	113.789
113.963537	113.963537	113.964
114.102857	114.102857	114.103
114.218957	114.218957	114.219
114.300227	114.300227	114.300
114.544036	114.544036	114.544
114.718186	114.718186	114.718
114.811066	114.811066	114.811
114.961995	114.961995	114.962
115.124535	115.124535	115.125
115.194195	115.194195	115.194
115.333515	115.333515	115.334
115.577324	115.577324	115.577
115.786304	115.786304	115.786
115.960454	115.960454	115.960
116.053333	116.053333	116.053
116.169433	116.169433	116.169
116.355193	116.355193	116.355
116.471293	116.471293	116.471
116.633832	116.633832	116.634
116.726712	116.726712	116.727
116.947302	116.947302	116.947
117.133061	117.133061	117.133
117.400091	117.400091	117.400
117.899320	117.899320	117.899
118.874558	118.874558	118.875
119.060317	119.060317	119.060
119.582766	119.582766	119.583
119.884626	119.884626	119.885
120.116825	120.116825	120.117
120.267755	120.267755	120.268
120.395465	120.395465	120.395
120.975964	120.975964	120.976
121.800272	121.800272	121.800
122.438821	122.438821	122.439
122.508481	122.508481	122.508
122.578141	122.578141	122.578
122.868390	122.868390	122.868
123.170249	123.170249	123.170
123.541769	123.541769	123.542
124.273197	124.273197	124.273
124.528617	124.528617	124.529
124.691156	124.691156	124.691
124.830476	124.830476	124.830
125.236825	125.236825	125.237
125.782494	125.782494	125.782
125.875374	125.875374	125.875
125.956644	125.956644	125.957
126.084354	126.084354	126.084
126.525533	126.525533	126.526
126.711293	126.711293	126.711
126.943492	126.943492	126.943
127.698141	127.698141	127.698
127.860680	127.860680	127.861
129.126168	129.126168	129.126
129.520907	129.520907	129.521
129.613787	129.613787	129.614
129.834376	129.834376	129.834
130.066576	130.066576	130.067
130.310385	130.310385	130.310
130.751565	130.751565	130.752
130.937324	130.937324	130.937
131.169524	131.169524	131.170
131.448163	131.448163	131.448
131.657143	131.657143	131.657
131.993832	131.993832	131.994
132.284082	132.284082	132.284
132.922630	132.922630	132.923
133.096780	133.096780	133.097
133.317370	133.317370	133.317
133.503129	133.503129	133.503
133.723719	133.723719	133.724
134.118458	134.118458	134.118
134.292608	134.292608	134.293
134.455147	134.455147	134.455
134.687347	134.687347	134.687
134.884717	134.884717	134.885
135.140136	135.140136	135.140
135.616145	135.616145	135.616
135.952834	135.952834	135.953
136.068934	136.068934	136.069
136.463673	136.463673	136.464
136.568163	136.568163	136.568
136.939683	136.939683	136.940
137.856871	137.856871	137.857
138.692789	138.692789	138.693
138.971429	138.971429	138.971
139.041088	139.041088	139.041
139.598367	139.598367	139.598
140.120816	140.120816	140.121
140.411066	140.411066	140.411
140.631655	140.631655	140.632
141.235374	141.235374	141.235
141.769433	141.769433	141.769
142.071293	142.071293	142.071
142.883991	142.883991	142.884
143.104580	143.104580	143.105
143.209070	143.209070	143.209
143.429660	143.429660	143.430
143.743129	143.743129	143.743
143.801179	143.801179	143.801
144.590658	144.590658	144.591
144.915737	144.915737	144.916
145.182766	145.182766	145.183
145.473016	145.473016	145.473
145.751655	145.751655	145.752
146.030295	146.030295	146.030
146.320544	146.320544	146.321
146.366984	146.366984	146.367
146.912653	146.912653	146.913
147.168073	147.168073	147.168
147.237732	147.237732	147.238
148.003991	148.003991	148.004
148.572880	148.572880	148.573
148.677370	148.677370	148.677
148.967619	148.967619	148.968
149.141769	149.141769	149.142
149.443628	149.443628	149.444
149.536508	149.536508	149.537
149.791927	149.791927	149.792
150.058957	150.058957	150.059
150.302766	150.302766	150.303
150.442086	150.442086	150.442
150.697506	150.697506	150.698
150.801995	150.801995	150.802
151.022585	151.022585	151.023
151.115465	151.115465	151.115
151.173515	151.173515	151.174
151.243175	151.243175	151.243
151.556644	151.556644	151.557
151.626304	151.626304	151.626
152.195193	152.195193	152.195
152.264853	152.264853	152.265
152.346122	152.346122	152.346
152.555102	152.555102	152.555
152.636372	152.636372	152.636
152.752472	152.752472	152.752
152.973061	152.973061	152.973
153.182041	153.182041	153.182
153.391020	153.391020	153.391
153.507120	153.507120	153.507
153.565170	153.565170	153.565
153.774150	153.774150	153.774
153.936689	153.936689	153.937
154.041179	154.041179	154.041
154.122449	154.122449	154.122
154.238549	154.238549	154.239
154.493968	154.493968	154.494
154.702948	154.702948	154.703
154.830658	154.830658	154.831
155.004807	155.004807	155.005
155.167347	155.167347	155.167
155.329887	155.329887	155.330
155.504036	155.504036	155.504
155.701406	155.701406	155.701
155.863946	155.863946	155.864
155.945215	155.945215	155.945
156.026485	156.026485	156.026
156.351565	156.351565	156.352
156.456054	156.456054	156.456
157.199093	157.199093	157.199
157.361633	157.361633	157.362
157.489342	157.489342	157.489
157.791202	157.791202	157.791
158.952200	158.952200	158.952
159.196009	159.196009	159.196
159.346939	159.346939	159.347
159.439819	159.439819	159.440
159.648798	159.648798	159.649
159.764898	159.764898	159.765
159.880998	159.880998	159.881
159.997098	159.997098	159.997
160.229297	160.229297	160.229
160.438277	160.438277	160.438
160.519546	160.519546	160.520
160.867846	160.867846	160.868
161.181315	161.181315	161.181
161.309025	161.309025	161.309
161.506395	161.506395	161.506
161.715374	161.715374	161.715
161.808254	161.808254	161.808
161.924354	161.924354	161.924
162.040454	162.040454	162.040
162.202993	162.202993	162.203
162.516463	162.516463	162.516
162.586122	162.586122	162.586
162.679002	162.679002	162.679
162.864762	162.864762	162.865
163.085351	163.085351	163.085
163.236281	163.236281	163.236
163.433651	163.433651	163.434
163.654240	163.654240	163.654
164.664308	164.664308	164.664
165.709206	165.709206	165.709
166.115556	166.115556	166.116
166.487075	166.487075	166.487
166.707664	166.707664	166.708
166.963084	166.963084	166.963
167.021134	167.021134	167.021
167.067574	167.067574	167.068
168.994830	168.994830	168.995
169.087710	169.087710	169.088
169.250249	169.250249	169.250
169.354739	169.354739	169.355
169.459229	169.459229	169.459
169.540499	169.540499	169.540
169.610159	169.610159	169.610
169.691429	169.691429	169.691
169.772698	169.772698	169.773
169.935238	169.935238	169.935
170.062948	170.062948	170.063
170.179048	170.179048	170.179
170.225488	170.225488	170.225
170.480907	170.480907	170.481
170.655057	170.655057	170.655
170.747937	170.747937	170.748
170.910476	170.910476	170.910
171.061406	171.061406	171.061
171.154286	171.154286	171.154
171.235556	171.235556	171.236
171.316825	171.316825	171.317
171.479365	171.479365	171.479
171.769615	171.769615	171.770
171.874104	171.874104	171.874
172.001814	172.001814	172.002
173.151202	173.151202	173.151
173.267302	173.267302	173.267
173.395011	173.395011	173.395
173.569161	173.569161	173.569
173.673651	173.673651	173.674
173.963900	173.963900	173.964
174.010340	174.010340	174.010
174.161270	174.161270	174.161
174.323810	174.323810	174.324
174.579229	174.579229	174.579
175.008798	175.008798	175.009
176.889615	176.889615	176.890
177.179864	177.179864	177.180
177.342404	177.342404	177.342
177.574603	177.574603	177.575
177.690703	177.690703	177.691
177.899683	177.899683	177.900
178.561451	178.561451	178.561
179.281270	179.281270	179.281
179.745669	179.745669	179.746
179.861769	179.861769	179.862
180.082358	180.082358	180.082
180.326168	180.326168	180.326
180.662857	180.662857	180.663
180.976327	180.976327	180.976
181.069206	181.069206	181.069
181.301406	181.301406	181.301
181.545215	181.545215	181.545
181.823855	181.823855	181.824
181.916735	181.916735	181.917
182.172154	182.172154	182.172
182.648163	182.648163	182.648
183.147392	183.147392	183.147
