0.464399	0.464399	0.464
0.743039	0.743039	0.743
1.160998	1.160998	1.161
1.346757	1.346757	1.347
1.509297	1.509297	1.509
1.660227	1.660227	1.660
1.869206	1.869206	1.869
2.205896	2.205896	2.206
2.391655	2.391655	2.392
2.542585	2.542585	2.543
2.751565	2.751565	2.752
2.914104	2.914104	2.914
3.262404	3.262404	3.262
3.424943	3.424943	3.425
3.587483	3.587483	3.587
3.959002	3.959002	3.959
4.156372	4.156372	4.156
4.307302	4.307302	4.307
4.469841	4.469841	4.470
4.829751	4.829751	4.830
5.003900	5.003900	5.004
5.340590	5.340590	5.341
5.537959	5.537959	5.538
5.688889	5.688889	5.689
6.037188	6.037188	6.037
6.431927	6.431927	6.432
6.571247	6.571247	6.571
6.722177	6.722177	6.722
6.919546	6.919546	6.920
7.116916	7.116916	7.117
7.441995	7.441995	7.442
7.627755	7.627755	7.628
7.778685	7.778685	7.779
8.150204	8.150204	8.150
8.347574	8.347574	8.348
8.498503	8.498503	8.499
9.206712	9.206712	9.207
9.543401	9.543401	9.543
9.717551	9.717551	9.718
9.891701	9.891701	9.892
10.065850	10.065850	10.066
10.251610	10.251610	10.252
10.576689	10.576689	10.577
10.797279	10.797279	10.797
10.948209	10.948209	10.948
11.331338	11.331338	11.331
11.644807	11.644807	11.645
11.853787	11.853787	11.854
11.981497	11.981497	11.981
12.178866	12.178866	12.179
12.376236	12.376236	12.376
12.689705	12.689705	12.690
12.898685	12.898685	12.899
13.026395	13.026395	13.026
13.200544	13.200544	13.201
13.409524	13.409524	13.410
13.722993	13.722993	13.723
13.931973	13.931973	13.932
14.071293	14.071293	14.071
14.268662	14.268662	14.269
14.466032	14.466032	14.466
14.767891	14.767891	14.768
14.976871	14.976871	14.977
15.116190	15.116190	15.116
15.325170	15.325170	15.325
15.510930	15.510930	15.511
15.812789	15.812789	15.813
16.033379	16.033379	16.033
16.161088	16.161088	16.161
16.358458	16.358458	16.358
16.544218	16.544218	16.544
16.880907	16.880907	16.881
17.078277	17.078277	17.078
17.229206	17.229206	17.229
17.403356	17.403356	17.403
17.554286	17.554286	17.554
17.902585	17.902585	17.903
18.076735	18.076735	18.077
18.250884	18.250884	18.251
18.425034	18.425034	18.425
18.599184	18.599184	18.599
18.692063	18.692063	18.692
18.750113	18.750113	18.750
18.947483	18.947483	18.947
19.133243	19.133243	19.133
19.307392	19.307392	19.307
19.469932	19.469932	19.470
19.644082	19.644082	19.644
19.829841	19.829841	19.830
19.992381	19.992381	19.992
20.166531	20.166531	20.167
20.340680	20.340680	20.341
20.503220	20.503220	20.503
20.688980	20.688980	20.689
20.886349	20.886349	20.886
21.037279	21.037279	21.037
21.211429	21.211429	21.211
21.408798	21.408798	21.409
21.571338	21.571338	21.571
21.733878	21.733878	21.734
22.082177	22.082177	22.082
22.256327	22.256327	22.256
22.430476	22.430476	22.430
22.616236	22.616236	22.616
22.790385	22.790385	22.790
22.883265	22.883265	22.883
23.138685	23.138685	23.139
23.312834	23.312834	23.313
23.498594	23.498594	23.499
23.672744	23.672744	23.673
23.835283	23.835283	23.835
24.009433	24.009433	24.009
24.183583	24.183583	24.184
24.357732	24.357732	24.358
24.531882	24.531882	24.532
24.706032	24.706032	24.706
24.880181	24.880181	24.880
25.054331	25.054331	25.054
25.228481	25.228481	25.228
25.402630	25.402630	25.403
25.495510	25.495510	25.496
25.588390	25.588390	25.588
25.797370	25.797370	25.797
25.925079	25.925079	25.925
26.273379	26.273379	26.273
26.447528	26.447528	26.448
26.621678	26.621678	26.622
26.795828	26.795828	26.796
26.969977	26.969977	26.970
27.062857	27.062857	27.063
27.318277	27.318277	27.318
27.492426	27.492426	27.492
27.689796	27.689796	27.690
27.852336	27.852336	27.852
28.014875	28.014875	28.015
28.189025	28.189025	28.189
28.374785	28.374785	28.375
28.537324	28.537324	28.537
28.723084	28.723084	28.723
28.897234	28.897234	28.897
29.059773	29.059773	29.060
29.245533	29.245533	29.246
29.408073	29.408073	29.408
29.593832	29.593832	29.594
29.779592	29.779592	29.780
29.965351	29.965351	29.965
30.104671	30.104671	30.105
30.464580	30.464580	30.465
30.638730	30.638730	30.639
30.801270	30.801270	30.801
30.987029	30.987029	30.987
31.161179	31.161179	31.161
31.254059	31.254059	31.254
31.509478	31.509478	31.509
31.695238	31.695238	31.695
31.880998	31.880998	31.881
32.055147	32.055147	32.055
32.206077	32.206077	32.206
32.380227	32.380227	32.380
32.496327	32.496327	32.496
32.565986	32.565986	32.566
32.728526	32.728526	32.729
32.914286	32.914286	32.914
33.088435	33.088435	33.088
33.250975	33.250975	33.251
33.425125	33.425125	33.425
33.599274	33.599274	33.599
33.773424	33.773424	33.773
33.877914	33.877914	33.878
34.133333	34.133333	34.133
34.307483	34.307483	34.307
34.632562	34.632562	34.633
34.829932	34.829932	34.830
35.004082	35.004082	35.004
35.247891	35.247891	35.248
35.607800	35.607800	35.608
35.874830	35.874830	35.875
36.072200	36.072200	36.072
36.374059	36.374059	36.374
36.687528	36.687528	36.688
37.024218	37.024218	37.024
37.221587	37.221587	37.222
37.569887	37.569887	37.570
37.813696	37.813696	37.814
37.941406	37.941406	37.941
38.185215	38.185215	38.185
38.359365	38.359365	38.359
38.533515	38.533515	38.534
38.696054	38.696054	38.696
38.754104	38.754104	38.754
38.951474	38.951474	38.951
39.090794	39.090794	39.091
39.613243	39.613243	39.613
40.054422	40.054422	40.054
40.193741	40.193741	40.194
40.565261	40.565261	40.565
40.925170	40.925170	40.925
41.145760	41.145760	41.146
41.285079	41.285079	41.285
41.656599	41.656599	41.657
41.807528	41.807528	41.808
41.958458	41.958458	41.958
42.144218	42.144218	42.144
42.666667	42.666667	42.667
43.014966	43.014966	43.015
43.189116	43.189116	43.189
43.374875	43.374875	43.375
43.537415	43.537415	43.537
43.734785	43.734785	43.735
44.164354	44.164354	44.164
44.338503	44.338503	44.339
44.791293	44.791293	44.791
45.093152	45.093152	45.093
45.290522	45.290522	45.291
45.789751	45.789751	45.790
45.894240	45.894240	45.894
46.161270	46.161270	46.161
46.335420	46.335420	46.335
46.532789	46.532789	46.533
46.892698	46.892698	46.893
47.124898	47.124898	47.125
47.299048	47.299048	47.299
47.368707	47.368707	47.369
47.612517	47.612517	47.613
47.891156	47.891156	47.891
48.204626	48.204626	48.205
48.413605	48.413605	48.414
48.541315	48.541315	48.541
48.680635	48.680635	48.681
48.959274	48.959274	48.959
49.133424	49.133424	49.133
49.307574	49.307574	49.308
49.528163	49.528163	49.528
49.644263	49.644263	49.644
49.760363	49.760363	49.760
50.108662	50.108662	50.109
50.340862	50.340862	50.341
50.515011	50.515011	50.515
50.689161	50.689161	50.689
50.863311	50.863311	50.863
51.037460	51.037460	51.037
51.408980	51.408980	51.409
51.559909	51.559909	51.560
51.745669	51.745669	51.746
51.908209	51.908209	51.908
52.082358	52.082358	52.082
52.407438	52.407438	52.407
52.593197	52.593197	52.593
52.709297	52.709297	52.709
52.790567	52.790567	52.791
52.953107	52.953107	52.953
53.138866	53.138866	53.139
53.371066	53.371066	53.371
53.649705	53.649705	53.650
53.835465	53.835465	53.835
54.009615	54.009615	54.010
54.172154	54.172154	54.172
54.357914	54.357914	54.358
54.532063	54.532063	54.532
54.648163	54.648163	54.648
54.729433	54.729433	54.729
54.880363	54.880363	54.880
55.042902	55.042902	55.043
55.251882	55.251882	55.252
55.402812	55.402812	55.403
55.507302	55.507302	55.507
55.565351	55.565351	55.565
55.751111	55.751111	55.751
55.948481	55.948481	55.948
56.087800	56.087800	56.088
56.273560	56.273560	56.274
56.424490	56.424490	56.424
56.621859	56.621859	56.622
56.784399	56.784399	56.784
56.888889	56.888889	56.889
57.028209	57.028209	57.028
57.132698	57.132698	57.133
57.318458	57.318458	57.318
57.631927	57.631927	57.632
57.840907	57.840907	57.841
57.957007	57.957007	57.957
58.107937	58.107937	58.108
58.189206	58.189206	58.189
58.363356	58.363356	58.363
58.560726	58.560726	58.561
58.804535	58.804535	58.805
58.943855	58.943855	58.944
59.071565	59.071565	59.072
59.234104	59.234104	59.234
59.408254	59.408254	59.408
59.582404	59.582404	59.582
59.768163	59.768163	59.768
59.930703	59.930703	59.931
60.116463	60.116463	60.116
60.279002	60.279002	60.279
60.464762	60.464762	60.465
60.546032	60.546032	60.546
60.685351	60.685351	60.685
60.778231	60.778231	60.778
61.033651	61.033651	61.034
61.161361	61.161361	61.161
61.323900	61.323900	61.324
61.381950	61.381950	61.382
61.498050	61.498050	61.498
61.683810	61.683810	61.684
61.927619	61.927619	61.928
62.020499	62.020499	62.020
62.217868	62.217868	62.218
62.275918	62.275918	62.276
62.368798	62.368798	62.369
62.554558	62.554558	62.555
62.740317	62.740317	62.740
62.798367	62.798367	62.798
62.902857	62.902857	62.903
63.088617	63.088617	63.089
63.251156	63.251156	63.251
63.402086	63.402086	63.402
63.599456	63.599456	63.599
64.029025	64.029025	64.029
64.121905	64.121905	64.122
64.226395	64.226395	64.226
64.470204	64.470204	64.470
64.644354	64.644354	64.644
65.039093	65.039093	65.039
65.166803	65.166803	65.167
65.294512	65.294512	65.295
65.515102	65.515102	65.515
65.689252	65.689252	65.689
65.805351	65.805351	65.805
66.025941	66.025941	66.026
66.211701	66.211701	66.212
66.397460	66.397460	66.397
66.560000	66.560000	66.560
66.734150	66.734150	66.734
67.070839	67.070839	67.071
67.256599	67.256599	67.257
67.604898	67.604898	67.605
67.662948	67.662948	67.663
67.790658	67.790658	67.791
68.162177	68.162177	68.162
68.324717	68.324717	68.325
68.510476	68.510476	68.510
68.847166	68.847166	68.847
69.207075	69.207075	69.207
69.555374	69.555374	69.555
69.868844	69.868844	69.869
70.147483	70.147483	70.147
70.228753	70.228753	70.229
70.391293	70.391293	70.391
70.577052	70.577052	70.577
70.751202	70.751202	70.751
70.913741	70.913741	70.914
71.099501	71.099501	71.100
71.273651	71.273651	71.274
71.447800	71.447800	71.448
71.621950	71.621950	71.622
71.796100	71.796100	71.796
71.970249	71.970249	71.970
72.144399	72.144399	72.144
72.318549	72.318549	72.319
72.492698	72.492698	72.493
72.666848	72.666848	72.667
72.852608	72.852608	72.853
73.015147	73.015147	73.015
73.189297	73.189297	73.189
73.363447	73.363447	73.363
73.537596	73.537596	73.538
73.711746	73.711746	73.712
73.897506	73.897506	73.898
74.060045	74.060045	74.060
74.222585	74.222585	74.223
74.338685	74.338685	74.339
74.408345	74.408345	74.408
74.582494	74.582494	74.582
74.756644	74.756644	74.757
74.942404	74.942404	74.942
75.104943	75.104943	75.105
75.290703	75.290703	75.291
75.453243	75.453243	75.453
75.639002	75.639002	75.639
75.801542	75.801542	75.802
75.987302	75.987302	75.987
76.149841	76.149841	76.150
76.335601	76.335601	76.336
76.440091	76.440091	76.440
76.509751	76.509751	76.510
76.672290	76.672290	76.672
76.858050	76.858050	76.858
77.032200	77.032200	77.032
77.206349	77.206349	77.206
77.392109	77.392109	77.392
77.543039	77.543039	77.543
77.728798	77.728798	77.729
77.902948	77.902948	77.903
78.251247	78.251247	78.251
78.344127	78.344127	78.344
78.599546	78.599546	78.600
78.773696	78.773696	78.774
78.947846	78.947846	78.948
79.133605	79.133605	79.134
79.296145	79.296145	79.296
79.528345	79.528345	79.528
79.656054	79.656054	79.656
79.830204	79.830204	79.830
80.027574	80.027574	80.028
80.178503	80.178503	80.179
80.341043	80.341043	80.341
80.515193	80.515193	80.515
80.689342	80.689342	80.689
80.863492	80.863492	80.863
81.026032	81.026032	81.026
81.223401	81.223401	81.223
81.385941	81.385941	81.386
81.571701	81.571701	81.572
81.734240	81.734240	81.734
81.885170	81.885170	81.885
82.105760	82.105760	82.106
82.256689	82.256689	82.257
82.430839	82.430839	82.431
82.779138	82.779138	82.779
82.953288	82.953288	82.953
83.127438	83.127438	83.127
83.313197	83.313197	83.313
83.487347	83.487347	83.487
83.765986	83.765986	83.766
83.847256	83.847256	83.847
84.009796	84.009796	84.010
84.207166	84.207166	84.207
84.358095	84.358095	84.358
84.532245	84.532245	84.532
84.706395	84.706395	84.706
84.880544	84.880544	84.881
85.054694	85.054694	85.055
85.240454	85.240454	85.240
85.402993	85.402993	85.403
85.577143	85.577143	85.577
85.751293	85.751293	85.751
85.925442	85.925442	85.925
86.099592	86.099592	86.100
86.296961	86.296961	86.297
86.505941	86.505941	86.506
86.622041	86.622041	86.622
86.761361	86.761361	86.761
86.970340	86.970340	86.970
87.144490	87.144490	87.144
87.318639	87.318639	87.319
87.492789	87.492789	87.493
87.666939	87.666939	87.667
88.015238	88.015238	88.015
88.189388	88.189388	88.189
88.398367	88.398367	88.398
88.537687	88.537687	88.538
88.711837	88.711837	88.712
88.885986	88.885986	88.886
89.071746	89.071746	89.072
89.234286	89.234286	89.234
89.420045	89.420045	89.420
89.582585	89.582585	89.583
89.756735	89.756735	89.757
89.942494	89.942494	89.942
90.105034	90.105034	90.105
90.279184	90.279184	90.279
90.476553	90.476553	90.477
90.639093	90.639093	90.639
90.801633	90.801633	90.802
91.161542	91.161542	91.162
91.324082	91.324082	91.324
91.498231	91.498231	91.498
91.683991	91.683991	91.684
91.858141	91.858141	91.858
92.009070	92.009070	92.009
92.206440	92.206440	92.206
92.380590	92.380590	92.381
92.577959	92.577959	92.578
92.728889	92.728889	92.729
92.903039	92.903039	92.903
93.077188	93.077188	93.077
93.262948	93.262948	93.263
93.425488	93.425488	93.425
93.599637	93.599637	93.600
93.773787	93.773787	93.774
93.947937	93.947937	93.948
94.122086	94.122086	94.122
94.296236	94.296236	94.296
94.458776	94.458776	94.459
94.656145	94.656145	94.656
94.888345	94.888345	94.888
95.004444	95.004444	95.004
95.306304	95.306304	95.306
95.364354	95.364354	95.364
95.689433	95.689433	95.689
95.933243	95.933243	95.933
96.060952	96.060952	96.061
96.281542	96.281542	96.282
96.560181	96.560181	96.560
96.734331	96.734331	96.734
97.071020	97.071020	97.071
97.349660	97.349660	97.350
97.732789	97.732789	97.733
98.173968	98.173968	98.174
98.348118	98.348118	98.348
98.626757	98.626757	98.627
98.858957	98.858957	98.859
101.273832	101.273832	101.274
101.923991	101.923991	101.924
102.643810	102.643810	102.644
103.189478	103.189478	103.189
103.352018	103.352018	103.352
103.410068	103.410068	103.410
103.560998	103.560998	103.561
103.607438	103.607438	103.607
103.804807	103.804807	103.805
103.990567	103.990567	103.991
104.129887	104.129887	104.130
104.431746	104.431746	104.432
104.617506	104.617506	104.618
104.791655	104.791655	104.792
105.000635	105.000635	105.001
105.093515	105.093515	105.094
105.221224	105.221224	105.221
105.337324	105.337324	105.337
105.453424	105.453424	105.453
105.778503	105.778503	105.779
106.033923	106.033923	106.034
106.196463	106.196463	106.196
106.370612	106.370612	106.371
106.544762	106.544762	106.545
106.695692	106.695692	106.696
106.846621	106.846621	106.847
107.067211	107.067211	107.067
107.206531	107.206531	107.207
107.461950	107.461950	107.462
107.589660	107.589660	107.590
107.914739	107.914739	107.915
108.123719	108.123719	108.124
108.274649	108.274649	108.275
108.518458	108.518458	108.518
108.646168	108.646168	108.646
108.913197	108.913197	108.913
109.168617	109.168617	109.169
109.319546	109.319546	109.320
109.691066	109.691066	109.691
110.004535	110.004535	110.005
110.213515	110.213515	110.214
110.352834	110.352834	110.353
110.735964	110.735964	110.736
110.944943	110.944943	110.945
111.270023	111.270023	111.270
111.386122	111.386122	111.386
111.548662	111.548662	111.549
111.734422	111.734422	111.734
111.850522	111.850522	111.851
112.082721	112.082721	112.083
112.256871	112.256871	112.257
112.442630	112.442630	112.443
112.605170	112.605170	112.605
112.779320	112.779320	112.779
113.162449	113.162449	113.162
113.324989	113.324989	113.325
113.417868	113.417868	113.418
113.650068	113.650068	113.650
113.835828	113.835828	113.836
113.998367	113.998367	113.998
114.195737	114.195737	114.196
114.346667	114.346667	114.347
114.532426	114.532426	114.532
114.694966	114.694966	114.695
114.880726	114.880726	114.881
115.043265	115.043265	115.043
115.229025	115.229025	115.229
115.577324	115.577324	115.577
115.751474	115.751474	115.751
115.937234	115.937234	115.937
115.983673	115.983673	115.984
116.250703	116.250703	116.251
116.436463	116.436463	116.436
116.796372	116.796372	116.796
116.970522	116.970522	116.971
117.307211	117.307211	117.307
117.492971	117.492971	117.493
117.585850	117.585850	117.586
117.713560	117.713560	117.714
117.841270	117.841270	117.841
118.015419	118.015419	118.015
118.143129	118.143129	118.143
118.328889	118.328889	118.329
118.537868	118.537868	118.538
118.653968	118.653968	118.654
118.804898	118.804898	118.805
118.886168	118.886168	118.886
119.060317	119.060317	119.060
119.257687	119.257687	119.258
119.408617	119.408617	119.409
119.571156	119.571156	119.571
119.652426	119.652426	119.652
119.814966	119.814966	119.815
119.931066	119.931066	119.931
120.035556	120.035556	120.036
120.453515	120.453515	120.454
120.825034	120.825034	120.825
120.987574	120.987574	120.988
121.173333	121.173333	121.173
121.382313	121.382313	121.382
121.544853	121.544853	121.545
121.695782	121.695782	121.696
121.858322	121.858322	121.858
121.951202	121.951202	121.951
122.032472	122.032472	122.032
122.206621	122.206621	122.207
122.369161	122.369161	122.369
122.868390	122.868390	122.868
123.065760	123.065760	123.066
123.181859	123.181859	123.182
123.321179	123.321179	123.321
123.611429	123.611429	123.611
123.762358	123.762358	123.762
123.936508	123.936508	123.937
124.296417	124.296417	124.296
124.458957	124.458957	124.459
124.644717	124.644717	124.645
124.818866	124.818866	124.819
124.993016	124.993016	124.993
125.167166	125.167166	125.167
125.341315	125.341315	125.341
125.515465	125.515465	125.515
125.689615	125.689615	125.690
125.875374	125.875374	125.875
125.968254	125.968254	125.968
126.037914	126.037914	126.038
126.212063	126.212063	126.212
126.386213	126.386213	126.386
126.560363	126.560363	126.560
126.734512	126.734512	126.735
126.908662	126.908662	126.909
127.094422	127.094422	127.094
127.256961	127.256961	127.257
127.431111	127.431111	127.431
127.616871	127.616871	127.617
127.779410	127.779410	127.779
127.849070	127.849070	127.849
127.953560	127.953560	127.954
128.127710	128.127710	128.128
128.301859	128.301859	128.302
128.487619	128.487619	128.488
128.638549	128.638549	128.639
128.754649	128.754649	128.755
128.812698	128.812698	128.813
128.882358	128.882358	128.882
129.126168	129.126168	129.126
129.219048	129.219048	129.219
129.346757	129.346757	129.347
129.439637	129.439637	129.440
129.544127	129.544127	129.544
129.729887	129.729887	129.730
129.938866	129.938866	129.939
130.043356	130.043356	130.043
130.205896	130.205896	130.206
130.333605	130.333605	130.334
130.565805	130.565805	130.566
130.623855	130.623855	130.624
130.751565	130.751565	130.752
130.879274	130.879274	130.879
131.099864	131.099864	131.100
131.297234	131.297234	131.297
131.448163	131.448163	131.448
131.610703	131.610703	131.611
131.796463	131.796463	131.796
131.970612	131.970612	131.971
132.318912	132.318912	132.319
132.411791	132.411791	132.412
132.667211	132.667211	132.667
132.760091	132.760091	132.760
133.178050	133.178050	133.178
133.305760	133.305760	133.306
133.723719	133.723719	133.724
133.781769	133.781769	133.782
133.851429	133.851429	133.851
134.664127	134.664127	134.664
134.757007	134.757007	134.757
134.907937	134.907937	134.908
135.070476	135.070476	135.070
135.279456	135.279456	135.279
135.465215	135.465215	135.465
135.627755	135.627755	135.628
135.801905	135.801905	135.802
135.976054	135.976054	135.976
136.138594	136.138594	136.139
136.335964	136.335964	136.336
136.498503	136.498503	136.499
136.672653	136.672653	136.673
136.846803	136.846803	136.847
137.079002	137.079002	137.079
137.241542	137.241542	137.242
137.369252	137.369252	137.369
137.555011	137.555011	137.555
137.717551	137.717551	137.718
137.914921	137.914921	137.915
138.077460	138.077460	138.077
138.251610	138.251610	138.252
138.425760	138.425760	138.426
138.588299	138.588299	138.588
138.785669	138.785669	138.786
138.948209	138.948209	138.948
139.284898	139.284898	139.285
139.470658	139.470658	139.471
139.644807	139.644807	139.645
139.818957	139.818957	139.819
139.993107	139.993107	139.993
140.167256	140.167256	140.167
140.341406	140.341406	140.341
140.480726	140.480726	140.481
140.689705	140.689705	140.690
140.852245	140.852245	140.852
141.038005	141.038005	141.038
141.188934	141.188934	141.189
141.316644	141.316644	141.317
141.386304	141.386304	141.386
141.560454	141.560454	141.560
141.746213	141.746213	141.746
141.908753	141.908753	141.909
142.059683	142.059683	142.060
142.268662	142.268662	142.269
142.431202	142.431202	142.431
142.616961	142.616961	142.617
142.779501	142.779501	142.780
142.953651	142.953651	142.954
143.139410	143.139410	143.139
143.313560	143.313560	143.314
143.429660	143.429660	143.430
143.487710	143.487710	143.488
143.650249	143.650249	143.650
143.836009	143.836009	143.836
144.010159	144.010159	144.010
144.184308	144.184308	144.184
144.346848	144.346848	144.347
144.520998	144.520998	144.521
144.683537	144.683537	144.684
144.880907	144.880907	144.881
145.055057	145.055057	145.055
145.229206	145.229206	145.229
145.623946	145.623946	145.624
145.740045	145.740045	145.740
145.925805	145.925805	145.926
146.088345	146.088345	146.088
146.285714	146.285714	146.286
146.448254	146.448254	146.448
146.622404	146.622404	146.622
146.796553	146.796553	146.797
146.970703	146.970703	146.971
147.144853	147.144853	147.145
147.319002	147.319002	147.319
147.667302	147.667302	147.667
147.841451	147.841451	147.841
148.027211	148.027211	148.027
148.189751	148.189751	148.190
148.363900	148.363900	148.364
148.549660	148.549660	148.550
148.712200	148.712200	148.712
148.851519	148.851519	148.852
148.909569	148.909569	148.910
149.060499	149.060499	149.060
149.234649	149.234649	149.235
149.408798	149.408798	149.409
149.687438	149.687438	149.687
149.757098	149.757098	149.757
149.931247	149.931247	149.931
150.117007	150.117007	150.117
150.279546	150.279546	150.280
150.430476	150.430476	150.430
150.639456	150.639456	150.639
150.801995	150.801995	150.802
150.999365	150.999365	150.999
151.150295	151.150295	151.150
151.336054	151.336054	151.336
151.510204	151.510204	151.510
151.835283	151.835283	151.835
152.032653	152.032653	152.033
152.206803	152.206803	152.207
152.380952	152.380952	152.381
152.566712	152.566712	152.567
152.717642	152.717642	152.718
152.891791	152.891791	152.892
153.112381	153.112381	153.112
153.251701	153.251701	153.252
153.425850	153.425850	153.426
153.600000	153.600000	153.600
153.867029	153.867029	153.867
153.994739	153.994739	153.995
154.110839	154.110839	154.111
154.296599	154.296599	154.297
154.470748	154.470748	154.471
154.656508	154.656508	154.657
154.819048	154.819048	154.819
154.993197	154.993197	154.993
155.341497	155.341497	155.341
155.527256	155.527256	155.527
155.689796	155.689796	155.690
155.887166	155.887166	155.887
156.003265	156.003265	156.003
156.223855	156.223855	156.224
156.398005	156.398005	156.398
156.560544	156.560544	156.561
156.746304	156.746304	156.746
156.920454	156.920454	156.920
157.082993	157.082993	157.083
157.257143	157.257143	157.257
157.431293	157.431293	157.431
157.582222	157.582222	157.582
157.791202	157.791202	157.791
158.058231	158.058231	158.058
158.302041	158.302041	158.302
158.487800	158.487800	158.488
158.650340	158.650340	158.650
158.836100	158.836100	158.836
159.010249	159.010249	159.010
159.184399	159.184399	159.184
159.370159	159.370159	159.370
159.532698	159.532698	159.533
159.706848	159.706848	159.707
159.880998	159.880998	159.881
160.066757	160.066757	160.067
160.229297	160.229297	160.229
160.403447	160.403447	160.403
160.577596	160.577596	160.578
160.751746	160.751746	160.752
160.937506	160.937506	160.938
161.088435	161.088435	161.088
161.274195	161.274195	161.274
161.448345	161.448345	161.448
161.622494	161.622494	161.622
161.796644	161.796644	161.797
161.970794	161.970794	161.971
162.365533	162.365533	162.366
162.493243	162.493243	162.493
162.667392	162.667392	162.667
162.841542	162.841542	162.842
163.027302	163.027302	163.027
163.189841	163.189841	163.190
163.363991	163.363991	163.364
163.712290	163.712290	163.712
163.898050	163.898050	163.898
164.060590	164.060590	164.061
164.246349	164.246349	164.246
164.397279	164.397279	164.397
164.583039	164.583039	164.583
164.768798	164.768798	164.769
164.931338	164.931338	164.931
165.117098	165.117098	165.117
165.291247	165.291247	165.291
165.453787	165.453787	165.454
165.639546	165.639546	165.640
165.813696	165.813696	165.814
165.953016	165.953016	165.953
166.150385	166.150385	166.150
166.429025	166.429025	166.429
166.498685	166.498685	166.499
166.672834	166.672834	166.673
166.858594	166.858594	166.859
167.021134	167.021134	167.021
167.218503	167.218503	167.219
167.381043	167.381043	167.381
167.555193	167.555193	167.555
167.740952	167.740952	167.741
167.903492	167.903492	167.903
168.066032	168.066032	168.066
168.240181	168.240181	168.240
169.842358	169.842358	169.842
170.179048	170.179048	170.179
170.271927	170.271927	170.272
170.399637	170.399637	170.400
170.689887	170.689887	170.690
171.038186	171.038186	171.038
171.200726	171.200726	171.201
171.398095	171.398095	171.398
171.746395	171.746395	171.746
171.885714	171.885714	171.886
172.094694	172.094694	172.095
172.280454	172.280454	172.280
172.431383	172.431383	172.431
172.791293	172.791293	172.791
172.977052	172.977052	172.977
173.127982	173.127982	173.128
173.487891	173.487891	173.488
173.673651	173.673651	173.674
173.836190	173.836190	173.836
174.021950	174.021950	174.022
174.196100	174.196100	174.196
174.532789	174.532789	174.533
174.881088	174.881088	174.881
175.229388	175.229388	175.229
175.577687	175.577687	175.578
175.925986	175.925986	175.926
176.285896	176.285896	176.286
176.448435	176.448435	176.448
176.634195	176.634195	176.634
176.982494	176.982494	176.982
177.168254	177.168254	177.168
177.319184	177.319184	177.319
177.470113	177.470113	177.470
177.528163	177.528163	177.528
177.679093	177.679093	177.679
178.027392	178.027392	178.027
178.375692	178.375692	178.376
178.619501	178.619501	178.620
178.747211	178.747211	178.747
178.816871	178.816871	178.817
179.072290	179.072290	179.072
179.234830	179.234830	179.235
179.432200	179.432200	179.432
179.617959	179.617959	179.618
179.780499	179.780499	179.780
180.105578	180.105578	180.106
180.326168	180.326168	180.326
180.639637	180.639637	180.640
180.813787	180.813787	180.814
181.162086	181.162086	181.162
181.336236	181.336236	181.336
181.510385	181.510385	181.510
182.044444	182.044444	182.044
182.195374	182.195374	182.195
182.566893	182.566893	182.567
182.984853	182.984853	182.985
183.367982	183.367982	183.368
183.518912	183.518912	183.519
183.646621	183.646621	183.647
183.774331	183.774331	183.774
183.820771	183.820771	183.821
184.668299	184.668299	184.668
184.784399	184.784399	184.784
185.957007	185.957007	185.957
186.224036	186.224036	186.224
187.791383	187.791383	187.791
189.219410	189.219410	189.219
