1.160998	1.160998	1
2.530975	2.530975	2
3.900952	3.900952	3
5.282540	5.282540	4
6.652517	6.652517	5
8.010884	8.010884	6
9.380862	9.380862	7
10.762449	10.762449	8
12.109206	12.109206	9
13.467574	13.467574	10
14.837551	14.837551	11
16.230748	16.230748	12
17.612336	17.612336	13
18.993923	18.993923	14
20.363900	20.363900	15
21.722268	21.722268	16
23.092245	23.092245	17
24.462222	24.462222	18
25.832200	25.832200	19
27.190567	27.190567	20
28.560544	28.560544	21
29.942132	29.942132	22
31.312109	31.312109	23
32.682086	32.682086	24
34.075283	34.075283	25
35.445261	35.445261	26
36.803628	36.803628	27
38.173605	38.173605	28
39.555193	39.555193	29
40.913560	40.913560	30
42.283537	42.283537	31
43.653515	43.653515	32
45.035102	45.035102	33
46.405079	46.405079	34
47.786667	47.786667	35
49.145034	49.145034	36
50.526621	50.526621	37
51.884989	51.884989	38
53.266576	53.266576	39
54.648163	54.648163	40
56.006531	56.006531	41
57.388118	57.388118	42
58.769705	58.769705	43
60.128073	60.128073	44
61.498050	61.498050	45
62.856417	62.856417	46
64.238005	64.238005	47
65.619592	65.619592	48
66.977959	66.977959	49
68.336327	68.336327	50
69.729524	69.729524	51
71.111111	71.111111	52
72.481088	72.481088	53
73.851066	73.851066	54
75.221043	75.221043	55
76.591020	76.591020	56
77.984218	77.984218	57
79.354195	79.354195	58
80.700952	80.700952	59
82.082540	82.082540	60
83.440907	83.440907	61
84.799274	84.799274	62
86.180862	86.180862	63
87.550839	87.550839	64
88.932426	88.932426	65
90.314014	90.314014	66
91.683991	91.683991	67
93.042358	93.042358	68
94.423946	94.423946	69
95.770703	95.770703	70
97.152290	97.152290	71
98.510658	98.510658	72
99.892245	99.892245	73
101.262222	101.262222	74
102.632200	102.632200	75
104.013787	104.013787	76
105.372154	105.372154	77
106.753741	106.753741	78
108.135329	108.135329	79
109.505306	109.505306	80
110.875283	110.875283	81
112.233651	112.233651	82
113.626848	113.626848	83
114.996825	114.996825	84
116.378413	116.378413	85
117.736780	117.736780	86
119.118367	119.118367	87
120.476735	120.476735	88
121.835102	121.835102	89
123.205079	123.205079	90
124.586667	124.586667	91
125.956644	125.956644	92
127.326621	127.326621	93
128.696599	128.696599	94
130.066576	130.066576	95
131.436553	131.436553	96
132.818141	132.818141	97
134.211338	134.211338	98
135.569705	135.569705	99
136.928073	136.928073	100
138.286440	138.286440	101
139.679637	139.679637	102
141.049615	141.049615	103
142.419592	142.419592	104
143.789569	143.789569	105
145.159546	145.159546	106
146.541134	146.541134	107
147.887891	147.887891	108
149.269478	149.269478	109
150.651066	150.651066	110
152.009433	152.009433	111
153.367800	153.367800	112
154.691338	154.691338	113
156.038095	156.038095	114
157.384853	157.384853	115
158.743220	158.743220	116
160.089977	160.089977	117
161.459955	161.459955	118
162.771882	162.771882	119
164.095420	164.095420	120
165.465397	165.465397	121
166.777324	166.777324	122
168.124082	168.124082	123
169.482449	169.482449	124
170.852426	170.852426	125
172.210794	172.210794	126
173.615601	173.615601	127
174.973968	174.973968	128
176.343946	176.343946	129
177.702313	177.702313	130
179.083900	179.083900	131
180.697687	180.697687	132
182.485624	182.485624	133
184.261950	184.261950	134
185.608707	185.608707	135
186.990295	186.990295	136
188.371882	188.371882	137
189.753469	189.753469	138
191.100227	191.100227	139
192.458594	192.458594	140
193.875011	193.875011	141
195.221769	195.221769	142
196.614966	196.614966	143
198.042993	198.042993	144
199.563900	199.563900	145
201.282177	201.282177	146
203.139773	203.139773	147
204.997370	204.997370	148
206.796916	206.796916	149
208.619683	208.619683	150
210.430839	210.430839	151
212.241995	212.241995	152
