0.243810	0.243810	0.244
0.476009	0.476009	0.476
0.615329	0.615329	0.615
0.801088	0.801088	0.801
1.056508	1.056508	1.057
1.160998	1.160998	1.161
1.253878	1.253878	1.254
1.497687	1.497687	1.498
1.718277	1.718277	1.718
1.869206	1.869206	1.869
1.938866	1.938866	1.939
2.020136	2.020136	2.020
2.171066	2.171066	2.171
2.345215	2.345215	2.345
2.530975	2.530975	2.531
2.693515	2.693515	2.694
2.890884	2.890884	2.891
3.065034	3.065034	3.065
3.227574	3.227574	3.228
3.424943	3.424943	3.425
3.575873	3.575873	3.576
3.773243	3.773243	3.773
3.889342	3.889342	3.889
4.237642	4.237642	4.238
4.423401	4.423401	4.423
4.597551	4.597551	4.598
4.899410	4.899410	4.899
5.096780	5.096780	5.097
5.294150	5.294150	5.294
5.445079	5.445079	5.445
5.619229	5.619229	5.619
5.793379	5.793379	5.793
5.967528	5.967528	5.968
6.118458	6.118458	6.118
6.199728	6.199728	6.200
6.315828	6.315828	6.316
6.478367	6.478367	6.478
6.652517	6.652517	6.653
6.815057	6.815057	6.815
6.989206	6.989206	6.989
7.198186	7.198186	7.198
7.267846	7.267846	7.268
7.337506	7.337506	7.338
7.500045	7.500045	7.500
7.650975	7.650975	7.651
7.801905	7.801905	7.802
8.010884	8.010884	8.011
8.161814	8.161814	8.162
8.370794	8.370794	8.371
8.510113	8.510113	8.510
8.695873	8.695873	8.696
8.858413	8.858413	8.858
9.044172	9.044172	9.044
9.137052	9.137052	9.137
9.346032	9.346032	9.346
9.555011	9.555011	9.555
9.729161	9.729161	9.729
10.089070	10.089070	10.089
10.425760	10.425760	10.426
10.588299	10.588299	10.588
10.750839	10.750839	10.751
10.866939	10.866939	10.867
11.110748	11.110748	11.111
11.261678	11.261678	11.262
11.447438	11.447438	11.447
11.621587	11.621587	11.622
11.760907	11.760907	11.761
12.120816	12.120816	12.121
12.260136	12.260136	12.260
12.445896	12.445896	12.446
12.620045	12.620045	12.620
12.794195	12.794195	12.794
12.956735	12.956735	12.957
13.061224	13.061224	13.061
13.154104	13.154104	13.154
13.328254	13.328254	13.328
13.467574	13.467574	13.468
13.560454	13.560454	13.560
13.653333	13.653333	13.653
13.815873	13.815873	13.816
14.013243	14.013243	14.013
14.175782	14.175782	14.176
14.257052	14.257052	14.257
14.349932	14.349932	14.350
14.489252	14.489252	14.489
14.651791	14.651791	14.652
14.721451	14.721451	14.721
14.849161	14.849161	14.849
15.000091	15.000091	15.000
15.197460	15.197460	15.197
15.371610	15.371610	15.372
15.557370	15.557370	15.557
15.696689	15.696689	15.697
15.801179	15.801179	15.801
15.882449	15.882449	15.882
16.044989	16.044989	16.045
16.242358	16.242358	16.242
16.404898	16.404898	16.405
16.590658	16.590658	16.591
16.764807	16.764807	16.765
16.834467	16.834467	16.834
16.950567	16.950567	16.951
17.078277	17.078277	17.078
17.264036	17.264036	17.264
17.473016	17.473016	17.473
17.623946	17.623946	17.624
17.809705	17.809705	17.810
17.972245	17.972245	17.972
18.123175	18.123175	18.123
18.320544	18.320544	18.321
18.471474	18.471474	18.471
18.645624	18.645624	18.646
18.993923	18.993923	18.994
19.156463	19.156463	19.156
19.342222	19.342222	19.342
19.655692	19.655692	19.656
20.038821	20.038821	20.039
20.178141	20.178141	20.178
20.421950	20.421950	20.422
20.526440	20.526440	20.526
20.619320	20.619320	20.619
20.712200	20.712200	20.712
20.874739	20.874739	20.875
20.967619	20.967619	20.968
21.060499	21.060499	21.060
21.211429	21.211429	21.211
21.397188	21.397188	21.397
21.710658	21.710658	21.711
21.873197	21.873197	21.873
21.977687	21.977687	21.978
22.082177	22.082177	22.082
22.244717	22.244717	22.245
22.407256	22.407256	22.407
22.581406	22.581406	22.581
22.755556	22.755556	22.756
22.894875	22.894875	22.895
23.103855	23.103855	23.104
23.266395	23.266395	23.266
23.440544	23.440544	23.441
23.591474	23.591474	23.591
23.765624	23.765624	23.766
23.916553	23.916553	23.917
24.137143	24.137143	24.137
24.276463	24.276463	24.276
24.473832	24.473832	24.474
24.682812	24.682812	24.683
24.822132	24.822132	24.822
25.170431	25.170431	25.170
25.425850	25.425850	25.426
25.518730	25.518730	25.519
25.727710	25.727710	25.728
25.843810	25.843810	25.844
26.006349	26.006349	26.006
26.180499	26.180499	26.180
26.528798	26.528798	26.529
26.702948	26.702948	26.703
26.853878	26.853878	26.854
27.028027	27.028027	27.028
27.202177	27.202177	27.202
27.527256	27.527256	27.527
27.887166	27.887166	27.887
28.049705	28.049705	28.050
28.235465	28.235465	28.235
28.409615	28.409615	28.410
28.537324	28.537324	28.537
28.746304	28.746304	28.746
28.920454	28.920454	28.920
29.048163	29.048163	29.048
29.280363	29.280363	29.280
29.431293	29.431293	29.431
29.512562	29.512562	29.513
29.593832	29.593832	29.594
29.756372	29.756372	29.756
29.942132	29.942132	29.942
30.267211	30.267211	30.267
30.464580	30.464580	30.465
30.603900	30.603900	30.604
30.812880	30.812880	30.813
30.987029	30.987029	30.987
31.149569	31.149569	31.150
31.312109	31.312109	31.312
31.672018	31.672018	31.672
31.846168	31.846168	31.846
32.008707	32.008707	32.009
32.171247	32.171247	32.171
32.229297	32.229297	32.229
32.357007	32.357007	32.357
32.507937	32.507937	32.508
32.693696	32.693696	32.694
33.901134	33.901134	33.901
34.086893	34.086893	34.087
34.179773	34.179773	34.180
34.818322	34.818322	34.818
35.468481	35.468481	35.468
35.607800	35.607800	35.608
35.793560	35.793560	35.794
35.944490	35.944490	35.944
36.130249	36.130249	36.130
36.292789	36.292789	36.293
36.478549	36.478549	36.479
36.629478	36.629478	36.629
36.815238	36.815238	36.815
36.989388	36.989388	36.989
37.163537	37.163537	37.164
37.314467	37.314467	37.314
37.500227	37.500227	37.500
37.674376	37.674376	37.674
37.860136	37.860136	37.860
38.161995	38.161995	38.162
38.266485	38.266485	38.266
38.336145	38.336145	38.336
38.533515	38.533515	38.534
38.684444	38.684444	38.684
38.881814	38.881814	38.882
39.114014	39.114014	39.114
39.218503	39.218503	39.219
39.311383	39.311383	39.311
39.566803	39.566803	39.567
39.648073	39.648073	39.648
39.891882	39.891882	39.892
40.251791	40.251791	40.252
40.321451	40.321451	40.321
40.414331	40.414331	40.414
40.588481	40.588481	40.588
40.727800	40.727800	40.728
40.925170	40.925170	40.925
41.261859	41.261859	41.262
41.424399	41.424399	41.424
41.621769	41.621769	41.622
41.807528	41.807528	41.808
41.935238	41.935238	41.935
42.097778	42.097778	42.098
42.295147	42.295147	42.295
42.446077	42.446077	42.446
42.643447	42.643447	42.643
42.980136	42.980136	42.980
43.316825	43.316825	43.317
43.363265	43.363265	43.363
43.467755	43.467755	43.468
43.665125	43.665125	43.665
43.804444	43.804444	43.804
44.001814	44.001814	44.002
44.094694	44.094694	44.095
44.175964	44.175964	44.176
44.280454	44.280454	44.280
44.384943	44.384943	44.385
44.512653	44.512653	44.513
44.710023	44.710023	44.710
44.814512	44.814512	44.815
45.000272	45.000272	45.000
45.081542	45.081542	45.082
45.186032	45.186032	45.186
45.336961	45.336961	45.337
45.569161	45.569161	45.569
45.685261	45.685261	45.685
45.882630	45.882630	45.883
46.068390	46.068390	46.068
46.207710	46.207710	46.208
46.416689	46.416689	46.417
46.556009	46.556009	46.556
46.718549	46.718549	46.719
46.997188	46.997188	46.997
47.101678	47.101678	47.102
47.299048	47.299048	47.299
47.449977	47.449977	47.450
47.531247	47.531247	47.531
47.624127	47.624127	47.624
47.809887	47.809887	47.810
48.134966	48.134966	48.135
48.309116	48.309116	48.309
48.471655	48.471655	48.472
48.703855	48.703855	48.704
48.819955	48.819955	48.820
48.970884	48.970884	48.971
49.156644	49.156644	49.157
49.319184	49.319184	49.319
49.400454	49.400454	49.400
49.853243	49.853243	49.853
49.992562	49.992562	49.993
50.062222	50.062222	50.062
50.201542	50.201542	50.202
50.340862	50.340862	50.341
50.526621	50.526621	50.527
50.689161	50.689161	50.689
50.863311	50.863311	50.863
50.991020	50.991020	50.991
51.200000	51.200000	51.200
51.316100	51.316100	51.316
51.548299	51.548299	51.548
51.722449	51.722449	51.722
51.884989	51.884989	51.885
52.035918	52.035918	52.036
52.128798	52.128798	52.129
52.244898	52.244898	52.245
52.419048	52.419048	52.419
52.569977	52.569977	52.570
52.813787	52.813787	52.814
52.929887	52.929887	52.930
53.057596	53.057596	53.058
53.266576	53.266576	53.267
53.429116	53.429116	53.429
53.626485	53.626485	53.626
53.777415	53.777415	53.777
53.963175	53.963175	53.963
54.125714	54.125714	54.126
54.311474	54.311474	54.311
54.485624	54.485624	54.486
54.659773	54.659773	54.660
54.810703	54.810703	54.811
54.984853	54.984853	54.985
55.135782	55.135782	55.136
55.286712	55.286712	55.287
55.553741	55.553741	55.554
55.669841	55.669841	55.670
55.843991	55.843991	55.844
56.006531	56.006531	56.007
56.169070	56.169070	56.169
56.250340	56.250340	56.250
56.366440	56.366440	56.366
56.470930	56.470930	56.471
56.563810	56.563810	56.564
56.703129	56.703129	56.703
56.888889	56.888889	56.889
57.051429	57.051429	57.051
57.213968	57.213968	57.214
57.411338	57.411338	57.411
57.562268	57.562268	57.562
57.748027	57.748027	57.748
58.073107	58.073107	58.073
58.316916	58.316916	58.317
58.433016	58.433016	58.433
58.537506	58.537506	58.538
58.769705	58.769705	58.770
58.920635	58.920635	58.921
59.129615	59.129615	59.130
59.617234	59.617234	59.617
59.802993	59.802993	59.803
60.290612	60.290612	60.291
60.476372	60.476372	60.476
60.963991	60.963991	60.964
61.172971	61.172971	61.173
61.602540	61.602540	61.603
61.846349	61.846349	61.846
61.985669	61.985669	61.986
62.206259	62.206259	62.206
62.345578	62.345578	62.346
62.531338	62.531338	62.531
62.693878	62.693878	62.694
62.868027	62.868027	62.868
63.018957	63.018957	63.019
63.193107	63.193107	63.193
63.378866	63.378866	63.379
63.564626	63.564626	63.565
63.715556	63.715556	63.716
63.901315	63.901315	63.901
64.075465	64.075465	64.075
64.238005	64.238005	64.238
64.597914	64.597914	64.598
64.748844	64.748844	64.749
64.934603	64.934603	64.935
65.073923	65.073923	65.074
65.282902	65.282902	65.283
65.549932	65.549932	65.550
65.631202	65.631202	65.631
65.956281	65.956281	65.956
66.072381	66.072381	66.072
66.316190	66.316190	66.316
66.571610	66.571610	66.572
66.652880	66.652880	66.653
66.803810	66.803810	66.804
66.989569	66.989569	66.990
67.140499	67.140499	67.140
67.337868	67.337868	67.338
67.407528	67.407528	67.408
67.604898	67.604898	67.605
67.674558	67.674558	67.675
67.802268	67.802268	67.802
68.011247	68.011247	68.011
68.185397	68.185397	68.185
68.324717	68.324717	68.325
68.498866	68.498866	68.499
68.684626	68.684626	68.685
68.847166	68.847166	68.847
69.032925	69.032925	69.033
69.358005	69.358005	69.358
69.578594	69.578594	69.579
69.741134	69.741134	69.741
69.892063	69.892063	69.892
70.101043	70.101043	70.101
70.263583	70.263583	70.264
70.449342	70.449342	70.449
70.588662	70.588662	70.589
70.658322	70.658322	70.658
70.774422	70.774422	70.774
70.971791	70.971791	70.972
71.122721	71.122721	71.123
71.296871	71.296871	71.297
71.471020	71.471020	71.471
71.645170	71.645170	71.645
71.807710	71.807710	71.808
71.970249	71.970249	71.970
72.121179	72.121179	72.121
72.306939	72.306939	72.307
72.481088	72.481088	72.481
72.655238	72.655238	72.655
72.817778	72.817778	72.818
73.166077	73.166077	73.166
73.433107	73.433107	73.433
73.514376	73.514376	73.514
73.700136	73.700136	73.700
73.851066	73.851066	73.851
74.048435	74.048435	74.048
74.199365	74.199365	74.199
74.454785	74.454785	74.455
74.547664	74.547664	74.548
74.745034	74.745034	74.745
74.884354	74.884354	74.884
75.070113	75.070113	75.070
75.232653	75.232653	75.233
75.406803	75.406803	75.407
75.569342	75.569342	75.569
75.917642	75.917642	75.918
76.254331	76.254331	76.254
76.440091	76.440091	76.440
76.591020	76.591020	76.591
76.718730	76.718730	76.719
76.939320	76.939320	76.939
77.287619	77.287619	77.288
77.647528	77.647528	77.648
77.810068	77.810068	77.810
77.984218	77.984218	77.984
78.135147	78.135147	78.135
78.332517	78.332517	78.333
78.657596	78.657596	78.658
79.017506	79.017506	79.018
79.191655	79.191655	79.192
79.354195	79.354195	79.354
79.528345	79.528345	79.528
79.690884	79.690884	79.691
79.865034	79.865034	79.865
80.027574	80.027574	80.028
80.201723	80.201723	80.202
80.375873	80.375873	80.376
80.526803	80.526803	80.527
80.724172	80.724172	80.724
80.875102	80.875102	80.875
80.933152	80.933152	80.933
81.060862	81.060862	81.061
81.200181	81.200181	81.200
81.432381	81.432381	81.432
81.560091	81.560091	81.560
81.757460	81.757460	81.757
81.989660	81.989660	81.990
82.094150	82.094150	82.094
82.430839	82.430839	82.431
82.767528	82.767528	82.768
82.906848	82.906848	82.907
83.104218	83.104218	83.104
83.266757	83.266757	83.267
83.452517	83.452517	83.453
83.591837	83.591837	83.592
83.789206	83.789206	83.789
84.114286	84.114286	84.114
84.265215	84.265215	84.265
84.346485	84.346485	84.346
84.462585	84.462585	84.463
84.636735	84.636735	84.637
84.799274	84.799274	84.799
84.903764	84.903764	84.904
85.147574	85.147574	85.148
85.298503	85.298503	85.299
85.495873	85.495873	85.496
85.751293	85.751293	85.751
85.832562	85.832562	85.833
85.937052	85.937052	85.937
86.192472	86.192472	86.192
86.343401	86.343401	86.343
86.552381	86.552381	86.552
86.610431	86.610431	86.610
86.703311	86.703311	86.703
86.796190	86.796190	86.796
86.877460	86.877460	86.877
86.970340	86.970340	86.970
87.051610	87.051610	87.052
87.121270	87.121270	87.121
87.225760	87.225760	87.226
87.550839	87.550839	87.551
87.899138	87.899138	87.899
88.142948	88.142948	88.143
88.259048	88.259048	88.259
88.340317	88.340317	88.340
88.421587	88.421587	88.422
88.584127	88.584127	88.584
88.758277	88.758277	88.758
88.944036	88.944036	88.944
89.083356	89.083356	89.083
89.292336	89.292336	89.292
89.640635	89.640635	89.641
89.803175	89.803175	89.803
89.965714	89.965714	89.966
90.058594	90.058594	90.059
90.151474	90.151474	90.151
90.314014	90.314014	90.314
90.453333	90.453333	90.453
90.662313	90.662313	90.662
90.801633	90.801633	90.802
90.906122	90.906122	90.906
90.999002	90.999002	90.999
91.115102	91.115102	91.115
91.370522	91.370522	91.371
91.498231	91.498231	91.498
91.695601	91.695601	91.696
91.823311	91.823311	91.823
91.881361	91.881361	91.881
92.032290	92.032290	92.032
92.276100	92.276100	92.276
92.450249	92.450249	92.450
92.519909	92.519909	92.520
92.728889	92.728889	92.729
92.868209	92.868209	92.868
93.065578	93.065578	93.066
93.402268	93.402268	93.402
93.541587	93.541587	93.542
93.738957	93.738957	93.739
94.110476	94.110476	94.110
94.249796	94.249796	94.250
94.435556	94.435556	94.436
94.772245	94.772245	94.772
94.899955	94.899955	94.900
95.120544	95.120544	95.121
95.271474	95.271474	95.271
95.457234	95.457234	95.457
95.782313	95.782313	95.782
95.933243	95.933243	95.933
96.130612	96.130612	96.131
96.281542	96.281542	96.282
96.467302	96.467302	96.467
96.641451	96.641451	96.641
96.827211	96.827211	96.827
96.966531	96.966531	96.967
97.152290	97.152290	97.152
97.326440	97.326440	97.326
97.512200	97.512200	97.512
97.651519	97.651519	97.652
97.837279	97.837279	97.837
98.011429	98.011429	98.011
98.173968	98.173968	98.174
98.510658	98.510658	98.511
98.684807	98.684807	98.685
98.870567	98.870567	98.871
99.033107	99.033107	99.033
99.242086	99.242086	99.242
99.369796	99.369796	99.370
99.567166	99.567166	99.567
99.648435	99.648435	99.648
99.903855	99.903855	99.904
100.240544	100.240544	100.241
100.437914	100.437914	100.438
100.658503	100.658503	100.659
100.762993	100.762993	100.763
100.925533	100.925533	100.926
101.273832	101.273832	101.274
101.610522	101.610522	101.611
101.773061	101.773061	101.773
101.842721	101.842721	101.843
101.958821	101.958821	101.959
102.109751	102.109751	102.110
102.295510	102.295510	102.296
102.434830	102.434830	102.435
102.632200	102.632200	102.632
102.771519	102.771519	102.772
102.829569	102.829569	102.830
102.980499	102.980499	102.980
103.293968	103.293968	103.294
103.665488	103.665488	103.665
103.758367	103.758367	103.758
103.932517	103.932517	103.933
104.025397	104.025397	104.025
104.211156	104.211156	104.211
104.385306	104.385306	104.385
104.536236	104.536236	104.536
104.629116	104.629116	104.629
104.710385	104.710385	104.710
105.047075	105.047075	105.047
105.174785	105.174785	105.175
105.383764	105.383764	105.384
105.523084	105.523084	105.523
105.732063	105.732063	105.732
105.871383	105.871383	105.871
106.068753	106.068753	106.069
106.231293	106.231293	106.231
106.417052	106.417052	106.417
106.567982	106.567982	106.568
106.765351	106.765351	106.765
106.927891	106.927891	106.928
107.113651	107.113651	107.114
107.276190	107.276190	107.276
107.461950	107.461950	107.462
107.612880	107.612880	107.613
107.810249	107.810249	107.810
107.961179	107.961179	107.961
108.135329	108.135329	108.135
108.297868	108.297868	108.298
108.495238	108.495238	108.495
108.646168	108.646168	108.646
108.831927	108.831927	108.832
108.971247	108.971247	108.971
109.168617	109.168617	109.169
109.319546	109.319546	109.320
109.505306	109.505306	109.505
109.667846	109.667846	109.668
109.783946	109.783946	109.784
109.865215	109.865215	109.865
110.004535	110.004535	110.005
110.201905	110.201905	110.202
110.352834	110.352834	110.353
110.526984	110.526984	110.527
110.701134	110.701134	110.701
110.875283	110.875283	110.875
111.037823	111.037823	111.038
111.223583	111.223583	111.224
111.374512	111.374512	111.375
111.560272	111.560272	111.560
111.734422	111.734422	111.734
111.908571	111.908571	111.909
112.059501	112.059501	112.060
112.245261	112.245261	112.245
112.442630	112.442630	112.443
112.605170	112.605170	112.605
112.744490	112.744490	112.744
112.930249	112.930249	112.930
113.127619	113.127619	113.128
113.290159	113.290159	113.290
113.452698	113.452698	113.453
113.638458	113.638458	113.638
113.719728	113.719728	113.720
113.812608	113.812608	113.813
113.975147	113.975147	113.975
114.114467	114.114467	114.114
114.311837	114.311837	114.312
114.497596	114.497596	114.498
114.671746	114.671746	114.672
114.822676	114.822676	114.823
115.008435	115.008435	115.008
115.182585	115.182585	115.183
115.356735	115.356735	115.357
115.484444	115.484444	115.484
115.693424	115.693424	115.693
115.867574	115.867574	115.868
116.041723	116.041723	116.042
116.192653	116.192653	116.193
116.390023	116.390023	116.390
116.529342	116.529342	116.529
116.726712	116.726712	116.727
116.854422	116.854422	116.854
117.051791	117.051791	117.052
117.237551	117.237551	117.238
117.400091	117.400091	117.400
117.562630	117.562630	117.563
117.736780	117.736780	117.737
117.968980	117.968980	117.969
118.096689	118.096689	118.097
118.247619	118.247619	118.248
118.433379	118.433379	118.433
118.688798	118.688798	118.689
118.781678	118.781678	118.782
118.979048	118.979048	118.979
119.118367	119.118367	119.118
119.292517	119.292517	119.293
119.466667	119.466667	119.467
119.617596	119.617596	119.618
119.814966	119.814966	119.815
120.151655	120.151655	120.152
120.314195	120.314195	120.314
120.499955	120.499955	120.500
120.650884	120.650884	120.651
120.836644	120.836644	120.837
120.952744	120.952744	120.953
121.173333	121.173333	121.173
121.312653	121.312653	121.313
121.510023	121.510023	121.510
121.846712	121.846712	121.847
121.939592	121.939592	121.940
122.195011	122.195011	122.195
122.334331	122.334331	122.334
122.543311	122.543311	122.543
122.682630	122.682630	122.683
122.880000	122.880000	122.880
122.972880	122.972880	122.973
123.054150	123.054150	123.054
123.216689	123.216689	123.217
123.367619	123.367619	123.368
123.576599	123.576599	123.577
123.704308	123.704308	123.704
123.855238	123.855238	123.855
123.936508	123.936508	123.937
124.064218	124.064218	124.064
124.203537	124.203537	124.204
124.261587	124.261587	124.262
124.540227	124.540227	124.540
124.656327	124.656327	124.656
124.760816	124.760816	124.761
124.946576	124.946576	124.947
125.097506	125.097506	125.098
125.283265	125.283265	125.283
125.422585	125.422585	125.423
125.585125	125.585125	125.585
125.875374	125.875374	125.875
125.968254	125.968254	125.968
126.142404	126.142404	126.142
126.316553	126.316553	126.317
126.653243	126.653243	126.653
126.989932	126.989932	126.990
127.326621	127.326621	127.327
127.582041	127.582041	127.582
127.674921	127.674921	127.675
127.825850	127.825850	127.826
128.011610	128.011610	128.012
128.162540	128.162540	128.163
128.255419	128.255419	128.255
128.359909	128.359909	128.360
128.441179	128.441179	128.441
128.522449	128.522449	128.522
128.673379	128.673379	128.673
128.859138	128.859138	128.859
129.044898	129.044898	129.045
129.195828	129.195828	129.196
129.393197	129.393197	129.393
129.532517	129.532517	129.533
129.718277	129.718277	129.718
129.869206	129.869206	129.869
130.054966	130.054966	130.055
130.194286	130.194286	130.194
130.426485	130.426485	130.426
130.600635	130.600635	130.601
130.739955	130.739955	130.740
130.983764	130.983764	130.984
131.099864	131.099864	131.100
131.436553	131.436553	131.437
131.796463	131.796463	131.796
131.924172	131.924172	131.924
132.156372	132.156372	132.156
132.307302	132.307302	132.307
132.481451	132.481451	132.481
132.632381	132.632381	132.632
132.818141	132.818141	132.818
133.027120	133.027120	133.027
133.259320	133.259320	133.259
133.503129	133.503129	133.503
133.839819	133.839819	133.840
134.002358	134.002358	134.002
134.211338	134.211338	134.211
134.536417	134.536417	134.536
134.640907	134.640907	134.641
134.733787	134.733787	134.734
134.861497	134.861497	134.861
135.163356	135.163356	135.163
135.244626	135.244626	135.245
135.407166	135.407166	135.407
135.569705	135.569705	135.570
135.709025	135.709025	135.709
135.906395	135.906395	135.906
136.068934	136.068934	136.069
136.231474	136.231474	136.231
136.394014	136.394014	136.394
136.591383	136.591383	136.591
136.742313	136.742313	136.742
136.939683	136.939683	136.940
137.079002	137.079002	137.079
137.276372	137.276372	137.276
137.427302	137.427302	137.427
137.613061	137.613061	137.613
137.775601	137.775601	137.776
137.972971	137.972971	137.973
138.274830	138.274830	138.275
138.530249	138.530249	138.530
138.634739	138.634739	138.635
138.797279	138.797279	138.797
138.983039	138.983039	138.983
139.110748	139.110748	139.111
139.354558	139.354558	139.355
139.505488	139.505488	139.505
139.691247	139.691247	139.691
139.842177	139.842177	139.842
140.027937	140.027937	140.028
140.248526	140.248526	140.249
140.387846	140.387846	140.388
140.573605	140.573605	140.574
140.712925	140.712925	140.713
140.898685	140.898685	140.899
141.049615	141.049615	141.050
141.258594	141.258594	141.259
141.386304	141.386304	141.386
141.572063	141.572063	141.572
141.734603	141.734603	141.735
141.873923	141.873923	141.874
142.082902	142.082902	142.083
142.129342	142.129342	142.129
142.779501	142.779501	142.780
143.151020	143.151020	143.151
143.255510	143.255510	143.256
143.441270	143.441270	143.441
143.952109	143.952109	143.952
144.137868	144.137868	144.138
144.822857	144.822857	144.823
144.973787	144.973787	144.974
145.159546	145.159546	145.160
145.310476	145.310476	145.310
145.507846	145.507846	145.508
145.681995	145.681995	145.682
145.856145	145.856145	145.856
146.007075	146.007075	146.007
146.192834	146.192834	146.193
146.366984	146.366984	146.367
146.541134	146.541134	146.541
146.703673	146.703673	146.704
146.901043	146.901043	146.901
147.051973	147.051973	147.052
147.249342	147.249342	147.249
147.435102	147.435102	147.435
147.562812	147.562812	147.563
147.736961	147.736961	147.737
147.899501	147.899501	147.900
148.073651	148.073651	148.074
148.224580	148.224580	148.225
148.596100	148.596100	148.596
148.770249	148.770249	148.770
148.944399	148.944399	148.944
149.234649	149.234649	149.235
149.315918	149.315918	149.316
149.617778	149.617778	149.618
149.791927	149.791927	149.792
149.966077	149.966077	149.966
150.117007	150.117007	150.117
150.302766	150.302766	150.303
150.662676	150.662676	150.663
150.825215	150.825215	150.825
151.010975	151.010975	151.011
151.196735	151.196735	151.197
151.347664	151.347664	151.348
151.498594	151.498594	151.499
151.684354	151.684354	151.684
151.823673	151.823673	151.824
152.021043	152.021043	152.021
152.079093	152.079093	152.079
152.346122	152.346122	152.346
152.694422	152.694422	152.694
152.810522	152.810522	152.811
153.042721	153.042721	153.043
153.205261	153.205261	153.205
153.379410	153.379410	153.379
153.518730	153.518730	153.519
153.727710	153.727710	153.728
153.820590	153.820590	153.821
154.087619	154.087619	154.088
154.273379	154.273379	154.273
154.459138	154.459138	154.459
155.004807	155.004807	155.005
155.353107	155.353107	155.353
155.469206	155.469206	155.469
155.654966	155.654966	155.655
155.817506	155.817506	155.818
155.980045	155.980045	155.980
156.142585	156.142585	156.143
156.514104	156.514104	156.514
157.257143	157.257143	157.257
157.361633	157.361633	157.362
157.582222	157.582222	157.582
157.895692	157.895692	157.896
158.069841	158.069841	158.070
158.209161	158.209161	158.209
158.383311	158.383311	158.383
158.580680	158.580680	158.581
158.963810	158.963810	158.964
159.404989	159.404989	159.405
159.613968	159.613968	159.614
160.101587	160.101587	160.102
160.275737	160.275737	160.276
160.438277	160.438277	160.438
160.612426	160.612426	160.612
160.949116	160.949116	160.949
161.297415	161.297415	161.297
161.471565	161.471565	161.472
161.657324	161.657324	161.657
161.843084	161.843084	161.843
162.144943	162.144943	162.145
162.411973	162.411973	162.412
163.189841	163.189841	163.190
163.329161	163.329161	163.329
164.072200	164.072200	164.072
164.397279	164.397279	164.397
164.559819	164.559819	164.560
164.896508	164.896508	164.897
164.977778	164.977778	164.978
165.477007	165.477007	165.477
166.278095	166.278095	166.278
166.626395	166.626395	166.626
166.788934	166.788934	166.789
167.439093	167.439093	167.439
167.590023	167.590023	167.590
167.787392	167.787392	167.787
167.926712	167.926712	167.927
168.007982	168.007982	168.008
168.112472	168.112472	168.112
168.263401	168.263401	168.263
168.472381	168.472381	168.472
168.611701	168.611701	168.612
168.820680	168.820680	168.821
169.052880	169.052880	169.053
169.157370	169.157370	169.157
169.482449	169.482449	169.482
169.819138	169.819138	169.819
170.062948	170.062948	170.063
170.155828	170.155828	170.156
170.295147	170.295147	170.295
170.504127	170.504127	170.504
170.666667	170.666667	170.667
170.852426	170.852426	170.852
171.223946	171.223946	171.224
171.316825	171.316825	171.317
171.549025	171.549025	171.549
171.885714	171.885714	171.886
172.013424	172.013424	172.013
172.199184	172.199184	172.199
172.373333	172.373333	172.373
172.570703	172.570703	172.571
172.663583	172.663583	172.664
172.919002	172.919002	172.919
172.988662	172.988662	172.989
173.278912	173.278912	173.279
173.406621	173.406621	173.407
173.638821	173.638821	173.639
173.743311	173.743311	173.743
173.940680	173.940680	173.941
174.103220	174.103220	174.103
174.207710	174.207710	174.208
174.312200	174.312200	174.312
174.637279	174.637279	174.637
174.799819	174.799819	174.800
174.950748	174.950748	174.951
175.171338	175.171338	175.171
175.333878	175.333878	175.334
175.508027	175.508027	175.508
175.658957	175.658957	175.659
175.763447	175.763447	175.763
175.844717	175.844717	175.845
175.984036	175.984036	175.984
176.146576	176.146576	176.147
176.355556	176.355556	176.356
176.518095	176.518095	176.518
176.715465	176.715465	176.715
176.854785	176.854785	176.855
177.052154	177.052154	177.052
177.121814	177.121814	177.122
177.330794	177.330794	177.331
177.621043	177.621043	177.621
177.725533	177.725533	177.726
178.050612	178.050612	178.051
178.143492	178.143492	178.143
178.306032	178.306032	178.306
178.468571	178.468571	178.469
178.642721	178.642721	178.643
178.735601	178.735601	178.736
178.816871	178.816871	178.817
179.060680	179.060680	179.061
179.327710	179.327710	179.328
179.583129	179.583129	179.583
179.908209	179.908209	179.908
180.140408	180.140408	180.140
180.302948	180.302948	180.303
180.430658	180.430658	180.431
180.511927	180.511927	180.512
180.604807	180.604807	180.605
180.686077	180.686077	180.686
180.778957	180.778957	180.779
180.953107	180.953107	180.953
181.138866	181.138866	181.139
181.278186	181.278186	181.278
181.510385	181.510385	181.510
181.614875	181.614875	181.615
182.056054	182.056054	182.056
182.125714	182.125714	182.126
182.299864	182.299864	182.300
182.381134	182.381134	182.381
182.508844	182.508844	182.509
182.706213	182.706213	182.706
183.124172	183.124172	183.124
183.217052	183.217052	183.217
183.275102	183.275102	183.275
183.402812	183.402812	183.403
183.542132	183.542132	183.542
183.693061	183.693061	183.693
183.867211	183.867211	183.867
184.261950	184.261950	184.262
184.494150	184.494150	184.494
184.714739	184.714739	184.715
184.819229	184.819229	184.819
184.946939	184.946939	184.947
185.004989	185.004989	185.005
185.167528	185.167528	185.168
185.399728	185.399728	185.400
185.689977	185.689977	185.690
185.852517	185.852517	185.853
186.073107	186.073107	186.073
186.282086	186.282086	186.282
186.340136	186.340136	186.340
186.502676	186.502676	186.503
186.734875	186.734875	186.735
186.978685	186.978685	186.979
187.094785	187.094785	187.095
187.187664	187.187664	187.188
187.326984	187.326984	187.327
187.431474	187.431474	187.431
187.535964	187.535964	187.536
187.675283	187.675283	187.675
187.779773	187.779773	187.780
187.895873	187.895873	187.896
188.035193	188.035193	188.035
188.139683	188.139683	188.140
188.255782	188.255782	188.256
188.371882	188.371882	188.372
188.499592	188.499592	188.500
188.720181	188.720181	188.720
188.836281	188.836281	188.836
188.963991	188.963991	188.964
189.080091	189.080091	189.080
189.184580	189.184580	189.185
189.300680	189.300680	189.301
189.428390	189.428390	189.428
189.614150	189.614150	189.614
189.765079	189.765079	189.765
189.881179	189.881179	189.881
190.124989	190.124989	190.125
190.287528	190.287528	190.288
190.473288	190.473288	190.473
190.763537	190.763537	190.764
190.949297	190.949297	190.949
191.111837	191.111837	191.112
191.367256	191.367256	191.367
191.425306	191.425306	191.425
191.785215	191.785215	191.785
191.959365	191.959365	191.959
192.110295	192.110295	192.110
192.481814	192.481814	192.482
192.806893	192.806893	192.807
192.957823	192.957823	192.958
193.166803	193.166803	193.167
193.236463	193.236463	193.236
193.329342	193.329342	193.329
193.642812	193.642812	193.643
193.793741	193.793741	193.794
193.886621	193.886621	193.887
193.967891	193.967891	193.968
194.560000	194.560000	194.560
194.606440	194.606440	194.606
194.885079	194.885079	194.885
195.244989	195.244989	195.245
195.395918	195.395918	195.396
195.825488	195.825488	195.825
195.918367	195.918367	195.918
196.580136	196.580136	196.580
196.986485	196.986485	196.986
198.031383	198.031383	198.031
199.575510	199.575510	199.576
199.656780	199.656780	199.657
199.947029	199.947029	199.947
200.318549	200.318549	200.319
201.061587	201.061587	201.062
201.328617	201.328617	201.329
202.826304	202.826304	202.826
202.930794	202.930794	202.931
203.627392	203.627392	203.627
203.952472	203.952472	203.952
204.834830	204.834830	204.835
205.101859	205.101859	205.102
205.334059	205.334059	205.334
205.543039	205.543039	205.543
205.868118	205.868118	205.868
206.077098	206.077098	206.077
206.251247	206.251247	206.251
206.402177	206.402177	206.402
206.750476	206.750476	206.750
206.808526	206.808526	206.809
207.249705	207.249705	207.250
208.178503	208.178503	208.179
