0.545669	0.545669	0.546
0.824308	0.824308	0.824
1.137778	1.137778	1.138
1.265488	1.265488	1.265
1.381587	1.381587	1.382
1.497687	1.497687	1.498
1.695057	1.695057	1.695
1.962086	1.962086	1.962
2.229116	2.229116	2.229
2.321995	2.321995	2.322
2.507755	2.507755	2.508
2.635465	2.635465	2.635
2.809615	2.809615	2.810
3.065034	3.065034	3.065
3.355283	3.355283	3.355
3.622313	3.622313	3.622
3.924172	3.924172	3.924
4.179592	4.179592	4.180
4.435011	4.435011	4.435
4.736871	4.736871	4.737
4.899410	4.899410	4.899
5.015510	5.015510	5.016
5.224490	5.224490	5.224
5.468299	5.468299	5.468
5.561179	5.561179	5.561
5.665669	5.665669	5.666
5.770159	5.770159	5.770
5.955918	5.955918	5.956
6.060408	6.060408	6.060
6.141678	6.141678	6.142
6.269388	6.269388	6.269
6.443537	6.443537	6.444
6.524807	6.524807	6.525
6.594467	6.594467	6.594
6.722177	6.722177	6.722
6.849887	6.849887	6.850
7.024036	7.024036	7.024
7.163356	7.163356	7.163
7.244626	7.244626	7.245
7.383946	7.383946	7.384
7.581315	7.581315	7.581
7.836735	7.836735	7.837
8.010884	8.010884	8.011
8.092154	8.092154	8.092
8.266304	8.266304	8.266
8.370794	8.370794	8.371
8.800363	8.800363	8.800
8.904853	8.904853	8.905
9.055782	9.055782	9.056
9.787211	9.787211	9.787
10.181950	10.181950	10.182
10.402540	10.402540	10.403
10.576689	10.576689	10.577
10.855329	10.855329	10.855
11.075918	11.075918	11.076
11.203628	11.203628	11.204
11.400998	11.400998	11.401
11.551927	11.551927	11.552
11.679637	11.679637	11.680
12.062766	12.062766	12.063
12.190476	12.190476	12.190
12.260136	12.260136	12.260
12.376236	12.376236	12.376
12.945125	12.945125	12.945
13.072834	13.072834	13.073
13.339864	13.339864	13.340
13.432744	13.432744	13.433
13.664943	13.664943	13.665
13.815873	13.815873	13.816
14.733061	14.733061	14.733
15.185850	15.185850	15.186
15.429660	15.429660	15.430
15.568980	15.568980	15.569
15.685079	15.685079	15.685
15.777959	15.777959	15.778
15.882449	15.882449	15.882
15.986939	15.986939	15.987
16.091429	16.091429	16.091
16.172698	16.172698	16.173
16.567438	16.567438	16.567
16.776417	16.776417	16.776
16.869297	16.869297	16.869
16.962177	16.962177	16.962
17.055057	17.055057	17.055
17.147937	17.147937	17.148
17.240816	17.240816	17.241
17.333696	17.333696	17.334
17.414966	17.414966	17.415
17.856145	17.856145	17.856
17.937415	17.937415	17.937
18.018685	18.018685	18.019
18.204444	18.204444	18.204
18.274104	18.274104	18.274
18.471474	18.471474	18.471
19.098413	19.098413	19.098
19.713741	19.713741	19.714
20.305850	20.305850	20.306
20.468390	20.468390	20.468
20.642540	20.642540	20.643
20.828299	20.828299	20.828
21.072109	21.072109	21.072
21.234649	21.234649	21.235
21.408798	21.408798	21.409
21.490068	21.490068	21.490
21.664218	21.664218	21.664
21.826757	21.826757	21.827
21.989297	21.989297	21.989
22.256327	22.256327	22.256
22.593016	22.593016	22.593
22.918095	22.918095	22.918
23.138685	23.138685	23.139
23.510204	23.510204	23.510
23.765624	23.765624	23.766
23.823673	23.823673	23.824
23.928163	23.928163	23.928
24.079093	24.079093	24.079
24.717642	24.717642	24.718
25.193651	25.193651	25.194
25.600000	25.600000	25.600
25.704490	25.704490	25.704
25.808980	25.808980	25.809
25.890249	25.890249	25.890
26.122449	26.122449	26.122
26.203719	26.203719	26.204
26.296599	26.296599	26.297
26.354649	26.354649	26.355
26.575238	26.575238	26.575
26.737778	26.737778	26.738
26.865488	26.865488	26.865
26.981587	26.981587	26.982
27.062857	27.062857	27.063
27.167347	27.167347	27.167
27.237007	27.237007	27.237
27.318277	27.318277	27.318
27.422766	27.422766	27.423
27.585306	27.585306	27.585
27.654966	27.654966	27.655
27.829116	27.829116	27.829
28.049705	28.049705	28.050
28.490884	28.490884	28.491
28.769524	28.769524	28.770
28.839184	28.839184	28.839
29.059773	29.059773	29.060
29.698322	29.698322	29.698
29.907302	29.907302	29.907
30.394921	30.394921	30.395
30.511020	30.511020	30.511
30.801270	30.801270	30.801
30.975420	30.975420	30.975
31.404989	31.404989	31.405
31.799728	31.799728	31.800
32.287347	32.287347	32.287
32.891066	32.891066	32.891
33.041995	33.041995	33.042
33.204535	33.204535	33.205
33.355465	33.355465	33.355
33.448345	33.448345	33.448
33.610884	33.610884	33.611
33.703764	33.703764	33.704
33.785034	33.785034	33.785
34.133333	34.133333	34.133
34.481633	34.481633	34.482
34.609342	34.609342	34.609
34.760272	34.760272	34.760
35.387211	35.387211	35.387
35.747120	35.747120	35.747
35.840000	35.840000	35.840
35.921270	35.921270	35.921
36.025760	36.025760	36.026
36.118639	36.118639	36.119
36.211519	36.211519	36.212
36.316009	36.316009	36.316
36.408889	36.408889	36.409
36.501769	36.501769	36.502
36.664308	36.664308	36.664
36.757188	36.757188	36.757
36.908118	36.908118	36.908
37.012608	37.012608	37.013
37.326077	37.326077	37.326
37.465397	37.465397	37.465
37.593107	37.593107	37.593
37.732426	37.732426	37.732
37.848526	37.848526	37.849
38.034286	38.034286	38.034
38.382585	38.382585	38.383
38.475465	38.475465	38.475
38.672834	38.672834	38.673
38.986304	38.986304	38.986
39.288163	39.288163	39.288
39.891882	39.891882	39.892
40.170522	40.170522	40.171
40.356281	40.356281	40.356
40.600091	40.600091	40.600
40.809070	40.809070	40.809
41.076100	41.076100	41.076
41.215420	41.215420	41.215
41.343129	41.343129	41.343
41.633379	41.633379	41.633
41.830748	41.830748	41.831
42.225488	42.225488	42.225
42.353197	42.353197	42.353
42.469297	42.469297	42.469
42.817596	42.817596	42.818
43.026576	43.026576	43.027
43.281995	43.281995	43.282
43.374875	43.374875	43.375
43.467755	43.467755	43.468
43.676735	43.676735	43.677
43.804444	43.804444	43.804
43.920544	43.920544	43.921
44.059864	44.059864	44.060
44.187574	44.187574	44.188
44.535873	44.535873	44.536
44.628753	44.628753	44.629
44.826122	44.826122	44.826
45.035102	45.035102	45.035
45.220862	45.220862	45.221
45.336961	45.336961	45.337
45.511111	45.511111	45.511
45.754921	45.754921	45.755
45.905850	45.905850	45.906
46.242540	46.242540	46.243
46.416689	46.416689	46.417
46.544399	46.544399	46.544
46.706939	46.706939	46.707
46.834649	46.834649	46.835
46.997188	46.997188	46.997
47.159728	47.159728	47.160
47.299048	47.299048	47.299
47.391927	47.391927	47.392
47.484807	47.484807	47.485
47.566077	47.566077	47.566
47.658957	47.658957	47.659
48.239456	48.239456	48.239
48.471655	48.471655	48.472
48.657415	48.657415	48.657
48.761905	48.761905	48.762
48.843175	48.843175	48.843
48.936054	48.936054	48.936
49.052154	49.052154	49.052
49.203084	49.203084	49.203
49.377234	49.377234	49.377
49.562993	49.562993	49.563
50.004172	50.004172	50.004
50.224762	50.224762	50.225
50.398912	50.398912	50.399
50.607891	50.607891	50.608
50.677551	50.677551	50.678
50.874921	50.874921	50.875
50.967800	50.967800	50.968
51.072290	51.072290	51.072
51.246440	51.246440	51.246
51.339320	51.339320	51.339
51.501859	51.501859	51.502
51.734059	51.734059	51.734
51.954649	51.954649	51.955
52.163628	52.163628	52.164
52.268118	52.268118	52.268
52.384218	52.384218	52.384
52.500317	52.500317	52.500
52.546757	52.546757	52.547
52.651247	52.651247	52.651
52.767347	52.767347	52.767
52.987937	52.987937	52.988
53.162086	53.162086	53.162
53.359456	53.359456	53.359
53.777415	53.777415	53.777
53.998005	53.998005	53.998
54.125714	54.125714	54.126
54.206984	54.206984	54.207
54.299864	54.299864	54.300
54.613333	54.613333	54.613
54.729433	54.729433	54.729
55.240272	55.240272	55.240
55.460862	55.460862	55.461
55.646621	55.646621	55.647
55.855601	55.855601	55.856
55.948481	55.948481	55.948
56.018141	56.018141	56.018
56.122630	56.122630	56.123
56.238730	56.238730	56.239
56.494150	56.494150	56.494
56.610249	56.610249	56.610
56.726349	56.726349	56.726
56.900499	56.900499	56.900
57.121088	57.121088	57.121
57.213968	57.213968	57.214
57.341678	57.341678	57.342
57.492608	57.492608	57.493
57.736417	57.736417	57.736
57.806077	57.806077	57.806
57.933787	57.933787	57.934
58.142766	58.142766	58.143
58.212426	58.212426	58.212
58.340136	58.340136	58.340
58.467846	58.467846	58.468
58.734875	58.734875	58.735
58.804535	58.804535	58.805
58.967075	58.967075	58.967
59.094785	59.094785	59.095
59.210884	59.210884	59.211
59.338594	59.338594	59.339
59.640454	59.640454	59.640
59.744943	59.744943	59.745
59.802993	59.802993	59.803
59.965533	59.965533	59.966
60.302222	60.302222	60.302
60.604082	60.604082	60.604
60.836281	60.836281	60.836
60.952381	60.952381	60.952
61.010431	61.010431	61.010
61.219410	61.219410	61.219
61.440000	61.440000	61.440
61.498050	61.498050	61.498
61.590930	61.590930	61.591
61.660590	61.660590	61.661
61.823129	61.823129	61.823
62.043719	62.043719	62.044
62.183039	62.183039	62.183
62.275918	62.275918	62.276
62.426848	62.426848	62.427
62.635828	62.635828	62.636
62.751927	62.751927	62.752
62.821587	62.821587	62.822
62.984127	62.984127	62.984
63.239546	63.239546	63.240
63.564626	63.564626	63.565
63.820045	63.820045	63.820
63.959365	63.959365	63.959
64.156735	64.156735	64.157
64.365714	64.365714	64.366
64.992653	64.992653	64.993
65.143583	65.143583	65.144
65.306122	65.306122	65.306
65.538322	65.538322	65.538
65.712472	65.712472	65.712
65.909841	65.909841	65.910
66.049161	66.049161	66.049
66.165261	66.165261	66.165
66.560000	66.560000	66.560
66.792200	66.792200	66.792
66.989569	66.989569	66.990
67.163719	67.163719	67.164
67.512018	67.512018	67.512
67.744218	67.744218	67.744
67.837098	67.837098	67.837
68.069297	68.069297	68.069
68.359546	68.359546	68.360
68.452426	68.452426	68.452
69.009705	69.009705	69.010
69.311565	69.311565	69.312
69.659864	69.659864	69.660
69.775964	69.775964	69.776
69.961723	69.961723	69.962
70.344853	70.344853	70.345
70.414512	70.414512	70.415
70.588662	70.588662	70.589
70.669932	70.669932	70.670
70.867302	70.867302	70.867
71.111111	71.111111	71.111
71.227211	71.227211	71.227
71.378141	71.378141	71.378
71.424580	71.424580	71.425
71.656780	71.656780	71.657
71.970249	71.970249	71.970
72.214059	72.214059	72.214
72.295329	72.295329	72.295
72.376599	72.376599	72.377
72.515918	72.515918	72.516
72.933878	72.933878	72.934
73.595646	73.595646	73.596
73.758186	73.758186	73.758
73.897506	73.897506	73.898
74.048435	74.048435	74.048
74.094875	74.094875	74.095
74.408345	74.408345	74.408
74.640544	74.640544	74.641
74.745034	74.745034	74.745
75.012063	75.012063	75.012
75.302313	75.302313	75.302
75.418413	75.418413	75.418
75.488073	75.488073	75.488
75.639002	75.639002	75.639
75.731882	75.731882	75.732
75.894422	75.894422	75.894
76.115011	76.115011	76.115
76.184671	76.184671	76.185
76.312381	76.312381	76.312
76.451701	76.451701	76.452
76.730340	76.730340	76.730
76.823220	76.823220	76.823
77.020590	77.020590	77.021
77.101859	77.101859	77.102
77.194739	77.194739	77.195
77.276009	77.276009	77.276
77.368889	77.368889	77.369
77.450159	77.450159	77.450
77.543039	77.543039	77.543
77.717188	77.717188	77.717
77.868118	77.868118	77.868
78.019048	78.019048	78.019
78.251247	78.251247	78.251
78.634376	78.634376	78.634
78.692426	78.692426	78.692
78.866576	78.866576	78.867
78.982676	78.982676	78.983
79.087166	79.087166	79.087
79.447075	79.447075	79.447
79.574785	79.574785	79.575
79.667664	79.667664	79.668
79.725714	79.725714	79.726
79.806984	79.806984	79.807
79.899864	79.899864	79.900
80.085624	80.085624	80.086
80.550023	80.550023	80.550
80.596463	80.596463	80.596
80.735782	80.735782	80.736
80.898322	80.898322	80.898
80.991202	80.991202	80.991
81.072472	81.072472	81.072
81.165351	81.165351	81.165
81.281451	81.281451	81.281
81.420771	81.420771	81.421
81.513651	81.513651	81.514
81.594921	81.594921	81.595
81.676190	81.676190	81.676
81.769070	81.769070	81.769
81.931610	81.931610	81.932
82.001270	82.001270	82.001
82.175420	82.175420	82.175
82.326349	82.326349	82.326
82.546939	82.546939	82.547
82.674649	82.674649	82.675
82.744308	82.744308	82.744
82.988118	82.988118	82.988
83.394467	83.394467	83.394
83.475737	83.475737	83.476
83.568617	83.568617	83.569
83.661497	83.661497	83.661
83.742766	83.742766	83.743
83.835646	83.835646	83.836
83.940136	83.940136	83.940
84.125896	84.125896	84.126
84.230385	84.230385	84.230
84.323265	84.323265	84.323
85.043084	85.043084	85.043
85.426213	85.426213	85.426
85.565533	85.565533	85.566
85.751293	85.751293	85.751
85.960272	85.960272	85.960
86.169252	86.169252	86.169
86.378231	86.378231	86.378
86.610431	86.610431	86.610
86.668481	86.668481	86.668
86.772971	86.772971	86.773
86.877460	86.877460	86.877
87.121270	87.121270	87.121
87.260590	87.260590	87.261
87.423129	87.423129	87.423
87.550839	87.550839	87.551
87.643719	87.643719	87.644
87.713379	87.713379	87.713
87.957188	87.957188	87.957
88.026848	88.026848	88.027
88.200998	88.200998	88.201
88.328707	88.328707	88.329
88.375147	88.375147	88.375
88.584127	88.584127	88.584
88.885986	88.885986	88.886
89.222676	89.222676	89.223
89.849615	89.849615	89.850
90.499773	90.499773	90.500
90.836463	90.836463	90.836
91.010612	91.010612	91.011
91.138322	91.138322	91.138
91.254422	91.254422	91.254
91.544671	91.544671	91.545
91.811701	91.811701	91.812
91.951020	91.951020	91.951
92.276100	92.276100	92.276
92.368980	92.368980	92.369
92.485079	92.485079	92.485
92.577959	92.577959	92.578
93.112018	93.112018	93.112
93.228118	93.228118	93.228
93.541587	93.541587	93.542
93.622857	93.622857	93.623
93.820227	93.820227	93.820
93.901497	93.901497	93.901
93.994376	93.994376	93.994
94.075646	94.075646	94.076
94.168526	94.168526	94.169
94.261406	94.261406	94.261
94.423946	94.423946	94.424
94.772245	94.772245	94.772
95.074104	95.074104	95.074
95.724263	95.724263	95.724
96.026122	96.026122	96.026
96.211882	96.211882	96.212
96.432472	96.432472	96.432
96.676281	96.676281	96.676
96.954921	96.954921	96.955
97.094240	97.094240	97.094
97.152290	97.152290	97.152
97.256780	97.256780	97.257
97.488980	97.488980	97.489
97.639909	97.639909	97.640
97.744399	97.744399	97.744
97.837279	97.837279	97.837
98.301678	98.301678	98.302
98.615147	98.615147	98.615
98.800907	98.800907	98.801
98.858957	98.858957	98.859
99.021497	99.021497	99.021
99.253696	99.253696	99.254
99.311746	99.311746	99.312
99.497506	99.497506	99.498
99.671655	99.671655	99.672
100.170884	100.170884	100.171
100.275374	100.275374	100.275
100.356644	100.356644	100.357
100.646893	100.646893	100.647
100.844263	100.844263	100.844
101.041633	101.041633	101.042
101.169342	101.169342	101.169
101.262222	101.262222	101.262
101.424762	101.424762	101.425
101.517642	101.517642	101.518
101.656961	101.656961	101.657
101.738231	101.738231	101.738
101.796281	101.796281	101.796
101.889161	101.889161	101.889
102.202630	102.202630	102.203
102.423220	102.423220	102.423
102.574150	102.574150	102.574
102.817959	102.817959	102.818
102.934059	102.934059	102.934
103.084989	103.084989	103.085
103.177868	103.177868	103.178
103.259138	103.259138	103.259
103.352018	103.352018	103.352
103.433288	103.433288	103.433
103.526168	103.526168	103.526
103.607438	103.607438	103.607
103.758367	103.758367	103.758
103.851247	103.851247	103.851
103.955737	103.955737	103.956
104.060227	104.060227	104.060
104.222766	104.222766	104.223
104.373696	104.373696	104.374
104.478186	104.478186	104.478
104.571066	104.571066	104.571
104.698776	104.698776	104.699
105.198005	105.198005	105.198
105.314104	105.314104	105.314
105.999093	105.999093	105.999
106.393832	106.393832	106.394
106.626032	106.626032	106.626
106.881451	106.881451	106.881
107.055601	107.055601	107.056
107.252971	107.252971	107.253
107.670930	107.670930	107.671
107.891519	107.891519	107.892
107.996009	107.996009	107.996
108.170159	108.170159	108.170
108.472018	108.472018	108.472
108.541678	108.541678	108.542
108.820317	108.820317	108.820
109.064127	109.064127	109.064
109.168617	109.168617	109.169
109.273107	109.273107	109.273
109.400816	109.400816	109.401
109.760726	109.760726	109.761
110.492154	110.492154	110.492
110.585034	110.585034	110.585
110.701134	110.701134	110.701
110.898503	110.898503	110.899
111.119093	111.119093	111.119
111.328073	111.328073	111.328
111.502222	111.502222	111.502
111.734422	111.734422	111.734
111.955011	111.955011	111.955
112.152381	112.152381	112.152
112.372971	112.372971	112.373
112.465850	112.465850	112.466
112.976689	112.976689	112.977
113.185669	113.185669	113.186
113.371429	113.371429	113.371
113.603628	113.603628	113.604
113.859048	113.859048	113.859
113.998367	113.998367	113.998
114.335057	114.335057	114.335
114.729796	114.729796	114.730
114.880726	114.880726	114.881
115.031655	115.031655	115.032
115.496054	115.496054	115.496
115.588934	115.588934	115.589
116.378413	116.378413	116.378
116.448073	116.448073	116.448
116.645442	116.645442	116.645
116.761542	116.761542	116.762
116.877642	116.877642	116.878
117.214331	117.214331	117.214
117.400091	117.400091	117.400
117.736780	117.736780	117.737
117.864490	117.864490	117.864
118.038639	118.038639	118.039
118.154739	118.154739	118.155
118.491429	118.491429	118.491
118.712018	118.712018	118.712
118.781678	118.781678	118.782
118.932608	118.932608	118.933
119.025488	119.025488	119.025
119.397007	119.397007	119.397
119.559546	119.559546	119.560
119.664036	119.664036	119.664
119.861406	119.861406	119.861
119.965896	119.965896	119.966
120.081995	120.081995	120.082
120.290975	120.290975	120.291
120.592834	120.592834	120.593
120.917914	120.917914	120.918
121.219773	121.219773	121.220
121.835102	121.835102	121.835
121.951202	121.951202	121.951
122.299501	122.299501	122.300
122.450431	122.450431	122.450
122.543311	122.543311	122.543
122.787120	122.787120	122.787
122.856780	122.856780	122.857
123.065760	123.065760	123.066
123.158639	123.158639	123.159
123.472109	123.472109	123.472
123.681088	123.681088	123.681
123.773968	123.773968	123.774
124.087438	124.087438	124.087
124.284807	124.284807	124.285
124.923356	124.923356	124.923
124.969796	124.969796	124.970
125.132336	125.132336	125.132
125.248435	125.248435	125.248
125.573515	125.573515	125.574
126.304943	126.304943	126.305
126.467483	126.467483	126.467
126.676463	126.676463	126.676
126.908662	126.908662	126.909
127.071202	127.071202	127.071
127.291791	127.291791	127.292
127.523991	127.523991	127.524
128.000000	128.000000	128.000
128.232200	128.232200	128.232
128.290249	128.290249	128.290
128.406349	128.406349	128.406
128.510839	128.510839	128.511
128.882358	128.882358	128.882
129.555737	129.555737	129.556
130.298776	130.298776	130.299
130.472925	130.472925	130.473
130.565805	130.565805	130.566
130.670295	130.670295	130.670
130.786395	130.786395	130.786
131.448163	131.448163	131.448
132.191202	132.191202	132.191
132.318912	132.318912	132.319
132.458231	132.458231	132.458
132.539501	132.539501	132.540
132.632381	132.632381	132.632
132.771701	132.771701	132.772
132.899410	132.899410	132.899
133.143220	133.143220	133.143
133.247710	133.247710	133.248
133.445079	133.445079	133.445
133.572789	133.572789	133.573
133.642449	133.642449	133.642
133.746939	133.746939	133.747
133.816599	133.816599	133.817
133.886259	133.886259	133.886
133.944308	133.944308	133.944
134.722177	134.722177	134.722
134.826667	134.826667	134.827
134.989206	134.989206	134.989
135.070476	135.070476	135.070
135.256236	135.256236	135.256
135.337506	135.337506	135.338
135.453605	135.453605	135.454
135.534875	135.534875	135.535
135.697415	135.697415	135.697
135.813515	135.813515	135.814
136.428844	136.428844	136.429
137.032562	137.032562	137.033
137.125442	137.125442	137.125
137.264762	137.264762	137.265
137.334422	137.334422	137.334
137.555011	137.555011	137.555
137.636281	137.636281	137.636
137.717551	137.717551	137.718
137.868481	137.868481	137.868
138.019410	138.019410	138.019
138.158730	138.158730	138.159
138.286440	138.286440	138.286
138.460590	138.460590	138.461
138.820499	138.820499	138.820
139.017868	139.017868	139.018
139.447438	139.447438	139.447
139.644807	139.644807	139.645
139.911837	139.911837	139.912
140.085986	140.085986	140.086
140.236916	140.236916	140.237
140.422676	140.422676	140.423
140.561995	140.561995	140.562
140.898685	140.898685	140.899
140.991565	140.991565	140.992
141.119274	141.119274	141.119
141.258594	141.258594	141.259
141.374694	141.374694	141.375
141.444354	141.444354	141.444
141.537234	141.537234	141.537
141.653333	141.653333	141.653
141.873923	141.873923	141.874
142.001633	142.001633	142.002
142.164172	142.164172	142.164
142.291882	142.291882	142.292
142.466032	142.466032	142.466
142.616961	142.616961	142.617
142.733061	142.733061	142.733
142.825941	142.825941	142.826
142.930431	142.930431	142.930
143.011701	143.011701	143.012
143.104580	143.104580	143.105
143.209070	143.209070	143.209
143.290340	143.290340	143.290
143.394830	143.394830	143.395
143.499320	143.499320	143.499
143.627029	143.627029	143.627
143.696689	143.696689	143.697
143.801179	143.801179	143.801
143.894059	143.894059	143.894
143.998549	143.998549	143.999
144.091429	144.091429	144.091
144.184308	144.184308	144.184
144.253968	144.253968	144.254
145.275646	145.275646	145.276
145.368526	145.368526	145.369
145.438186	145.438186	145.438
145.589116	145.589116	145.589
145.937415	145.937415	145.937
146.111565	146.111565	146.112
146.285714	146.285714	146.286
146.378594	146.378594	146.379
146.459864	146.459864	146.460
146.552744	146.552744	146.553
146.657234	146.657234	146.657
146.750113	146.750113	146.750
146.854603	146.854603	146.855
146.959093	146.959093	146.959
147.040363	147.040363	147.040
147.144853	147.144853	147.145
147.226122	147.226122	147.226
147.527982	147.527982	147.528
147.736961	147.736961	147.737
147.795011	147.795011	147.795
147.887891	147.887891	147.888
147.980771	147.980771	147.981
148.062041	148.062041	148.062
148.143311	148.143311	148.143
148.247800	148.247800	148.248
148.329070	148.329070	148.329
148.410340	148.410340	148.410
148.503220	148.503220	148.503
148.584490	148.584490	148.584
148.665760	148.665760	148.666
148.921179	148.921179	148.921
149.130159	149.130159	149.130
149.269478	149.269478	149.269
149.339138	149.339138	149.339
149.466848	149.466848	149.467
149.536508	149.536508	149.537
149.629388	149.629388	149.629
149.733878	149.733878	149.734
149.838367	149.838367	149.838
149.942857	149.942857	149.943
150.035737	150.035737	150.036
150.140227	150.140227	150.140
150.233107	150.233107	150.233
150.337596	150.337596	150.338
150.430476	150.430476	150.430
150.534966	150.534966	150.535
150.627846	150.627846	150.628
150.732336	150.732336	150.732
150.825215	150.825215	150.825
150.918095	150.918095	150.918
151.103855	151.103855	151.104
151.208345	151.208345	151.208
151.301224	151.301224	151.301
151.579864	151.579864	151.580
151.846893	151.846893	151.847
151.951383	151.951383	151.951
153.193651	153.193651	153.194
153.298141	153.298141	153.298
153.588390	153.588390	153.588
153.762540	153.762540	153.763
153.878639	153.878639	153.879
154.168889	154.168889	154.169
154.250159	154.250159	154.250
154.644898	154.644898	154.645
154.726168	154.726168	154.726
154.923537	154.923537	154.924
155.016417	155.016417	155.016
155.109297	155.109297	155.109
155.283447	155.283447	155.283
155.387937	155.387937	155.388
155.480816	155.480816	155.481
155.759456	155.759456	155.759
155.863946	155.863946	155.864
156.014875	156.014875	156.015
156.177415	156.177415	156.177
156.270295	156.270295	156.270
157.315193	157.315193	157.315
157.396463	157.396463	157.396
157.477732	157.477732	157.478
157.535782	157.535782	157.536
157.698322	157.698322	157.698
157.849252	157.849252	157.849
157.988571	157.988571	157.989
158.058231	158.058231	158.058
158.162721	158.162721	158.163
158.255601	158.255601	158.256
158.348481	158.348481	158.348
158.452971	158.452971	158.453
158.534240	158.534240	158.534
158.627120	158.627120	158.627
158.720000	158.720000	158.720
158.812880	158.812880	158.813
158.894150	158.894150	158.894
158.987029	158.987029	158.987
159.079909	159.079909	159.080
159.219229	159.219229	159.219
159.451429	159.451429	159.451
159.706848	159.706848	159.707
159.788118	159.788118	159.788
160.066757	160.066757	160.067
160.171247	160.171247	160.171
160.438277	160.438277	160.438
160.577596	160.577596	160.578
160.624036	160.624036	160.624
160.670476	160.670476	160.670
161.169705	161.169705	161.170
161.436735	161.436735	161.437
161.703764	161.703764	161.704
161.982404	161.982404	161.982
162.261043	162.261043	162.261
162.353923	162.353923	162.354
162.551293	162.551293	162.551
162.667392	162.667392	162.667
162.829932	162.829932	162.830
163.108571	163.108571	163.109
