0.023220	0.023220	4
0.243810	0.243810	1
0.661769	0.661769	2
1.056508	1.056508	3
1.474467	1.474467	4
1.880816	1.880816	1
2.298776	2.298776	2
2.705125	2.705125	3
3.099864	3.099864	4
3.506213	3.506213	1
3.912562	3.912562	2
4.307302	4.307302	3
4.713651	4.713651	4
5.120000	5.120000	1
5.526349	5.526349	2
5.932698	5.932698	3
6.339048	6.339048	4
6.745397	6.745397	1
7.140136	7.140136	2
7.534875	7.534875	3
7.941224	7.941224	4
8.347574	8.347574	1
8.753923	8.753923	2
9.148662	9.148662	3
9.555011	9.555011	4
9.961361	9.961361	1
10.367710	10.367710	2
10.774059	10.774059	3
11.180408	11.180408	4
11.586757	11.586757	1
11.993107	11.993107	2
12.387846	12.387846	3
12.794195	12.794195	4
13.200544	13.200544	1
13.618503	13.618503	2
14.013243	14.013243	3
14.419592	14.419592	4
14.825941	14.825941	1
15.232290	15.232290	2
15.627029	15.627029	3
16.033379	16.033379	4
16.439728	16.439728	1
16.846077	16.846077	2
17.252426	17.252426	3
17.647166	17.647166	4
18.053515	18.053515	1
18.459864	18.459864	2
18.866213	18.866213	3
19.272562	19.272562	4
19.678912	19.678912	1
20.073651	20.073651	2
20.480000	20.480000	3
20.886349	20.886349	4
21.292698	21.292698	1
21.687438	21.687438	2
22.082177	22.082177	3
22.488526	22.488526	4
22.894875	22.894875	1
23.301224	23.301224	2
23.707574	23.707574	3
24.113923	24.113923	4
24.508662	24.508662	1
24.915011	24.915011	2
25.321361	25.321361	3
25.727710	25.727710	4
26.134059	26.134059	1
26.540408	26.540408	2
26.946757	26.946757	3
27.341497	27.341497	4
27.747846	27.747846	1
28.154195	28.154195	2
28.560544	28.560544	3
28.955283	28.955283	4
29.361633	29.361633	1
29.779592	29.779592	2
30.174331	30.174331	3
30.580680	30.580680	4
30.998639	30.998639	1
31.404989	31.404989	2
31.811338	31.811338	3
32.206077	32.206077	4
32.612426	32.612426	1
33.018776	33.018776	2
33.413515	33.413515	3
33.819864	33.819864	4
34.226213	34.226213	1
34.632562	34.632562	2
35.038912	35.038912	3
35.445261	35.445261	4
35.840000	35.840000	1
36.246349	36.246349	2
36.652698	36.652698	3
37.059048	37.059048	4
37.453787	37.453787	1
37.860136	37.860136	2
38.266485	38.266485	3
38.672834	38.672834	4
39.079184	39.079184	1
39.473923	39.473923	2
39.880272	39.880272	3
40.286621	40.286621	4
40.704580	40.704580	1
41.110930	41.110930	2
41.505669	41.505669	3
41.912018	41.912018	4
42.318367	42.318367	1
42.713107	42.713107	2
43.119456	43.119456	3
43.514195	43.514195	4
43.920544	43.920544	1
44.326893	44.326893	2
44.733243	44.733243	3
45.139592	45.139592	4
45.545941	45.545941	1
45.952290	45.952290	2
46.358639	46.358639	3
46.753379	46.753379	4
47.159728	47.159728	1
47.554467	47.554467	2
47.960816	47.960816	3
48.367166	48.367166	4
48.773515	48.773515	1
49.179864	49.179864	2
49.586213	49.586213	3
49.992562	49.992562	4
50.410522	50.410522	1
50.805261	50.805261	2
51.200000	51.200000	3
51.606349	51.606349	4
52.024308	52.024308	1
52.430658	52.430658	2
52.837007	52.837007	3
53.231746	53.231746	4
53.626485	53.626485	1
54.032834	54.032834	2
54.439184	54.439184	3
54.857143	54.857143	4
55.263492	55.263492	1
55.669841	55.669841	2
56.064580	56.064580	3
56.470930	56.470930	4
56.877279	56.877279	1
57.283628	57.283628	2
57.689977	57.689977	3
58.096327	58.096327	4
58.502676	58.502676	1
58.909025	58.909025	2
59.315374	59.315374	3
59.710113	59.710113	4
60.116463	60.116463	1
60.511202	60.511202	2
60.917551	60.917551	3
61.323900	61.323900	4
61.730249	61.730249	1
62.136599	62.136599	2
62.542948	62.542948	3
62.937687	62.937687	4
63.355646	63.355646	1
63.761995	63.761995	2
64.168345	64.168345	3
64.574694	64.574694	4
64.981043	64.981043	1
65.375782	65.375782	2
65.782132	65.782132	3
66.176871	66.176871	4
66.583220	66.583220	1
66.977959	66.977959	2
67.384308	67.384308	3
67.790658	67.790658	4
68.197007	68.197007	1
68.603356	68.603356	2
68.998095	68.998095	3
69.404444	69.404444	4
69.810794	69.810794	1
70.205533	70.205533	2
70.611882	70.611882	3
71.018231	71.018231	4
71.424580	71.424580	1
71.830930	71.830930	2
72.237279	72.237279	3
72.643628	72.643628	4
73.038367	73.038367	1
73.433107	73.433107	2
73.839456	73.839456	3
74.245805	74.245805	4
74.652154	74.652154	1
75.058503	75.058503	2
75.453243	75.453243	3
75.859592	75.859592	4
76.277551	76.277551	1
76.683900	76.683900	2
77.090249	77.090249	3
77.496599	77.496599	4
77.902948	77.902948	1
78.297687	78.297687	2
78.704036	78.704036	3
79.110385	79.110385	4
79.516735	79.516735	1
79.911474	79.911474	2
80.317823	80.317823	3
80.724172	80.724172	4
81.118912	81.118912	1
81.525261	81.525261	2
81.931610	81.931610	3
82.337959	82.337959	4
82.744308	82.744308	1
83.150658	83.150658	2
83.557007	83.557007	3
83.963356	83.963356	4
84.369705	84.369705	1
84.764444	84.764444	2
85.159184	85.159184	3
85.565533	85.565533	4
85.971882	85.971882	1
86.378231	86.378231	2
86.784580	86.784580	3
87.190930	87.190930	4
87.585669	87.585669	1
87.980408	87.980408	2
88.386757	88.386757	3
88.793107	88.793107	4
89.211066	89.211066	1
89.605805	89.605805	2
90.012154	90.012154	3
90.406893	90.406893	4
90.801633	90.801633	1
91.207982	91.207982	2
91.614331	91.614331	3
92.020680	92.020680	4
92.427029	92.427029	1
92.833379	92.833379	2
93.239728	93.239728	3
93.646077	93.646077	4
94.052426	94.052426	1
94.458776	94.458776	2
94.865125	94.865125	3
95.271474	95.271474	4
95.677823	95.677823	1
96.095782	96.095782	2
96.502132	96.502132	3
96.896871	96.896871	4
97.280000	97.280000	1
97.686349	97.686349	2
98.092698	98.092698	3
98.510658	98.510658	4
98.928617	98.928617	1
99.323356	99.323356	2
99.729705	99.729705	3
100.136054	100.136054	4
100.542404	100.542404	1
100.948753	100.948753	2
101.355102	101.355102	3
101.749841	101.749841	4
102.144580	102.144580	1
102.550930	102.550930	2
102.968889	102.968889	3
103.363628	103.363628	4
103.758367	103.758367	1
104.164717	104.164717	2
104.571066	104.571066	3
104.977415	104.977415	4
105.383764	105.383764	1
105.790113	105.790113	2
106.196463	106.196463	3
106.602812	106.602812	4
107.009161	107.009161	1
107.427120	107.427120	2
107.833469	107.833469	3
108.228209	108.228209	4
108.622948	108.622948	1
109.029297	109.029297	2
109.435646	109.435646	3
109.841995	109.841995	4
110.236735	110.236735	1
110.654694	110.654694	2
111.061043	111.061043	3
111.467392	111.467392	4
111.862132	111.862132	1
112.268481	112.268481	2
112.674830	112.674830	3
113.081179	113.081179	4
113.475918	113.475918	1
113.882268	113.882268	2
114.277007	114.277007	3
114.683356	114.683356	4
115.078095	115.078095	1
115.484444	115.484444	2
115.902404	115.902404	3
116.297143	116.297143	4
116.691882	116.691882	1
117.098231	117.098231	2
117.504580	117.504580	3
117.910930	117.910930	4
118.305669	118.305669	1
118.723628	118.723628	2
119.141587	119.141587	3
119.547937	119.547937	4
119.954286	119.954286	1
120.349025	120.349025	2
120.755374	120.755374	3
121.161723	121.161723	4
121.556463	121.556463	1
121.951202	121.951202	2
122.357551	122.357551	3
122.752290	122.752290	4
123.147029	123.147029	1
123.564989	123.564989	2
123.971338	123.971338	3
124.377687	124.377687	4
124.784036	124.784036	1
125.190385	125.190385	2
125.596735	125.596735	3
126.003084	126.003084	4
126.421043	126.421043	1
126.815782	126.815782	2
127.210522	127.210522	3
127.605261	127.605261	4
128.011610	128.011610	1
128.429569	128.429569	2
128.835918	128.835918	3
129.242268	129.242268	4
129.637007	129.637007	1
130.054966	130.054966	2
130.449705	130.449705	3
130.844444	130.844444	4
131.262404	131.262404	1
131.668753	131.668753	2
132.075102	132.075102	3
132.481451	132.481451	4
132.876190	132.876190	1
133.282540	133.282540	2
133.677279	133.677279	3
134.083628	134.083628	4
134.489977	134.489977	1
134.896327	134.896327	2
135.302676	135.302676	3
135.709025	135.709025	4
136.103764	136.103764	1
136.510113	136.510113	2
136.916463	136.916463	3
137.322812	137.322812	4
137.729161	137.729161	1
138.123900	138.123900	2
138.541859	138.541859	3
138.948209	138.948209	4
139.342948	139.342948	1
139.737687	139.737687	2
140.144036	140.144036	3
140.550385	140.550385	4
140.956735	140.956735	1
141.363084	141.363084	2
141.769433	141.769433	3
142.175782	142.175782	4
142.582132	142.582132	1
142.976871	142.976871	2
143.371610	143.371610	3
143.777959	143.777959	4
144.184308	144.184308	1
144.579048	144.579048	2
144.985397	144.985397	3
145.391746	145.391746	4
145.798095	145.798095	1
146.204444	146.204444	2
146.610794	146.610794	3
147.005533	147.005533	4
147.411882	147.411882	1
147.818231	147.818231	2
148.236190	148.236190	3
148.630930	148.630930	4
149.037279	149.037279	1
149.443628	149.443628	2
149.849977	149.849977	3
150.256327	150.256327	4
150.662676	150.662676	1
151.057415	151.057415	2
151.463764	151.463764	3
151.870113	151.870113	4
152.276463	152.276463	1
152.682812	152.682812	2
153.077551	153.077551	3
153.483900	153.483900	4
153.890249	153.890249	1
154.296599	154.296599	2
154.691338	154.691338	3
155.097687	155.097687	4
155.504036	155.504036	1
155.910385	155.910385	2
156.316735	156.316735	3
156.723084	156.723084	4
157.129433	157.129433	1
157.524172	157.524172	2
157.930522	157.930522	3
158.336871	158.336871	4
158.743220	158.743220	1
159.149569	159.149569	2
159.555918	159.555918	3
159.962268	159.962268	4
160.368617	160.368617	1
160.774966	160.774966	2
161.181315	161.181315	3
161.576054	161.576054	4
161.982404	161.982404	1
162.388753	162.388753	2
162.795102	162.795102	3
163.201451	163.201451	4
163.607800	163.607800	1
164.002540	164.002540	2
164.397279	164.397279	3
164.803628	164.803628	4
165.198367	165.198367	1
165.616327	165.616327	2
166.022676	166.022676	3
166.429025	166.429025	4
166.823764	166.823764	1
167.230113	167.230113	2
167.636463	167.636463	3
168.042812	168.042812	4
168.437551	168.437551	1
168.843900	168.843900	2
169.250249	169.250249	3
169.656599	169.656599	4
170.062948	170.062948	1
170.469297	170.469297	2
170.864036	170.864036	3
171.270385	171.270385	4
171.676735	171.676735	1
172.083084	172.083084	2
172.477823	172.477823	3
172.884172	172.884172	4
173.278912	173.278912	1
173.685261	173.685261	2
174.080000	174.080000	3
174.497959	174.497959	4
174.904308	174.904308	1
175.310658	175.310658	2
175.728617	175.728617	3
176.134966	176.134966	4
176.529705	176.529705	1
176.947664	176.947664	2
177.354014	177.354014	3
177.748753	177.748753	4
178.155102	178.155102	1
178.584671	178.584671	2
179.014240	179.014240	3
179.432200	179.432200	4
179.815329	179.815329	1
180.210068	180.210068	2
180.604807	180.604807	3
180.999546	180.999546	4
181.394286	181.394286	1
181.789025	181.789025	2
182.172154	182.172154	3
182.555283	182.555283	4
182.938413	182.938413	1
183.333152	183.333152	2
183.716281	183.716281	3
184.099410	184.099410	4
184.482540	184.482540	1
184.865669	184.865669	2
185.248798	185.248798	3
185.631927	185.631927	4
