0.243810	0.243810	0.244
0.940408	0.940408	0.940
3.181134	3.181134	3.181
3.332063	3.332063	3.332
3.575873	3.575873	3.576
3.866122	3.866122	3.866
4.051882	4.051882	4.052
4.411791	4.411791	4.412
4.632381	4.632381	4.632
5.584399	5.584399	5.584
5.955918	5.955918	5.956
6.048798	6.048798	6.049
6.548027	6.548027	6.548
6.954376	6.954376	6.954
7.070476	7.070476	7.070
7.233016	7.233016	7.233
8.614603	8.614603	8.615
8.742313	8.742313	8.742
8.835193	8.835193	8.835
9.009342	9.009342	9.009
9.798821	9.798821	9.799
10.147120	10.147120	10.147
10.565079	10.565079	10.565
10.913379	10.913379	10.913
12.225306	12.225306	12.225
13.955193	13.955193	13.955
14.303492	14.303492	14.303
14.396372	14.396372	14.396
14.616961	14.616961	14.617
14.744671	14.744671	14.745
15.046531	15.046531	15.047
15.243900	15.243900	15.244
15.545760	15.545760	15.546
15.627029	15.627029	15.627
15.789569	15.789569	15.790
16.010159	16.010159	16.010
16.555828	16.555828	16.556
16.753197	16.753197	16.753
16.962177	16.962177	16.962
17.055057	17.055057	17.055
17.147937	17.147937	17.148
17.240816	17.240816	17.241
17.333696	17.333696	17.334
17.577506	17.577506	17.578
18.320544	18.320544	18.321
18.506304	18.506304	18.506
18.692063	18.692063	18.692
19.887891	19.887891	19.888
20.015601	20.015601	20.016
20.085261	20.085261	20.085
20.271020	20.271020	20.271
20.538050	20.538050	20.538
20.642540	20.642540	20.643
20.944399	20.944399	20.944
21.211429	21.211429	21.211
21.640998	21.640998	21.641
21.873197	21.873197	21.873
21.931247	21.931247	21.931
22.488526	22.488526	22.489
23.127075	23.127075	23.127
23.231565	23.231565	23.232
23.301224	23.301224	23.301
23.417324	23.417324	23.417
23.521814	23.521814	23.522
23.626304	23.626304	23.626
23.730794	23.730794	23.731
23.835283	23.835283	23.835
23.962993	23.962993	23.963
24.044263	24.044263	24.044
24.148753	24.148753	24.149
24.253243	24.253243	24.253
24.357732	24.357732	24.358
25.112381	25.112381	25.112
25.507120	25.507120	25.507
26.029569	26.029569	26.030
26.122449	26.122449	26.122
26.435918	26.435918	26.436
26.586848	26.586848	26.587
26.726168	26.726168	26.726
26.842268	26.842268	26.842
27.074467	27.074467	27.074
27.167347	27.167347	27.167
27.237007	27.237007	27.237
27.573696	27.573696	27.574
28.189025	28.189025	28.189
28.374785	28.374785	28.375
28.479274	28.479274	28.479
28.572154	28.572154	28.572
28.665034	28.665034	28.665
28.862404	28.862404	28.862
29.071383	29.071383	29.071
29.222313	29.222313	29.222
29.315193	29.315193	29.315
29.408073	29.408073	29.408
29.500952	29.500952	29.501
29.640272	29.640272	29.640
29.791202	29.791202	29.791
29.988571	29.988571	29.989
30.418141	30.418141	30.418
30.603900	30.603900	30.604
30.812880	30.812880	30.813
31.381769	31.381769	31.382
31.555918	31.555918	31.556
31.741678	31.741678	31.742
32.078367	32.078367	32.078
32.298957	32.298957	32.299
32.542766	32.542766	32.543
32.682086	32.682086	32.682
32.914286	32.914286	32.914
33.007166	33.007166	33.007
33.100045	33.100045	33.100
33.529615	33.529615	33.530
33.657324	33.657324	33.657
34.110113	34.110113	34.110
34.191383	34.191383	34.191
34.295873	34.295873	34.296
34.632562	34.632562	34.633
34.899592	34.899592	34.900
35.155011	35.155011	35.155
35.329161	35.329161	35.329
35.631020	35.631020	35.631
35.874830	35.874830	35.875
36.060590	36.060590	36.061
36.165079	36.165079	36.165
36.281179	36.281179	36.281
36.350839	36.350839	36.351
36.466939	36.466939	36.467
36.571429	36.571429	36.571
36.675918	36.675918	36.676
36.768798	36.768798	36.769
36.884898	36.884898	36.885
37.012608	37.012608	37.013
37.082268	37.082268	37.082
37.151927	37.151927	37.152
37.268027	37.268027	37.268
37.372517	37.372517	37.373
37.546667	37.546667	37.547
37.987846	37.987846	37.988
38.812154	38.812154	38.812
39.636463	39.636463	39.636
39.775782	39.775782	39.776
39.845442	39.845442	39.845
40.112472	40.112472	40.112
40.228571	40.228571	40.229
40.472381	40.472381	40.472
40.658141	40.658141	40.658
40.751020	40.751020	40.751
40.855510	40.855510	40.856
41.296689	41.296689	41.297
41.865578	41.865578	41.866
42.109388	42.109388	42.109
42.237098	42.237098	42.237
42.376417	42.376417	42.376
42.805986	42.805986	42.806
42.945306	42.945306	42.945
43.119456	43.119456	43.119
43.456145	43.456145	43.456
43.641905	43.641905	43.642
43.769615	43.769615	43.770
44.117914	44.117914	44.118
44.582313	44.582313	44.582
45.418231	45.418231	45.418
45.917460	45.917460	45.917
46.265760	46.265760	46.266
46.881088	46.881088	46.881
47.090068	47.090068	47.090
47.194558	47.194558	47.195
47.275828	47.275828	47.276
47.519637	47.519637	47.520
47.705397	47.705397	47.705
47.937596	47.937596	47.938
48.030476	48.030476	48.030
48.134966	48.134966	48.135
48.227846	48.227846	48.228
48.332336	48.332336	48.332
48.425215	48.425215	48.425
48.529705	48.529705	48.530
48.634195	48.634195	48.634
48.750295	48.750295	48.750
48.808345	48.808345	48.808
48.878005	48.878005	48.878
49.052154	49.052154	49.052
49.168254	49.168254	49.168
49.365624	49.365624	49.366
49.586213	49.586213	49.586
49.748753	49.748753	49.749
49.946122	49.946122	49.946
50.422132	50.422132	50.422
51.223220	51.223220	51.223
51.850159	51.850159	51.850
52.093968	52.093968	52.094
52.767347	52.767347	52.767
52.906667	52.906667	52.907
52.987937	52.987937	52.988
53.138866	53.138866	53.139
53.580045	53.580045	53.580
53.765805	53.765805	53.766
53.939955	53.939955	53.940
54.148934	54.148934	54.149
54.241814	54.241814	54.242
54.334694	54.334694	54.335
54.427574	54.427574	54.428
54.520454	54.520454	54.520
54.601723	54.601723	54.602
54.694603	54.694603	54.695
54.857143	54.857143	54.857
54.973243	54.973243	54.973
55.089342	55.089342	55.089
55.449252	55.449252	55.449
55.600181	55.600181	55.600
55.727891	55.727891	55.728
56.192290	56.192290	56.192
56.261950	56.261950	56.262
56.459320	56.459320	56.459
56.993379	56.993379	56.993
57.097868	57.097868	57.098
57.213968	57.213968	57.214
57.341678	57.341678	57.342
57.446168	57.446168	57.446
57.643537	57.643537	57.644
57.817687	57.817687	57.818
57.933787	57.933787	57.934
58.038277	58.038277	58.038
58.247256	58.247256	58.247
58.746485	58.746485	58.746
59.071565	59.071565	59.072
59.129615	59.129615	59.130
59.234104	59.234104	59.234
59.396644	59.396644	59.397
59.477914	59.477914	59.478
59.570794	59.570794	59.571
59.733333	59.733333	59.733
59.849433	59.849433	59.849
59.942313	59.942313	59.942
60.174512	60.174512	60.175
60.244172	60.244172	60.244
60.371882	60.371882	60.372
60.557642	60.557642	60.558
60.650522	60.650522	60.651
60.766621	60.766621	60.767
61.091701	61.091701	61.092
61.196190	61.196190	61.196
61.347120	61.347120	61.347
61.718639	61.718639	61.719
62.008889	62.008889	62.009
62.229478	62.229478	62.229
62.426848	62.426848	62.427
62.566168	62.566168	62.566
62.844807	62.844807	62.845
63.262766	63.262766	63.263
63.471746	63.471746	63.472
63.669116	63.669116	63.669
64.272834	64.272834	64.273
64.539864	64.539864	64.540
65.375782	65.375782	65.376
66.234921	66.234921	66.235
66.757370	66.757370	66.757
66.861859	66.861859	66.862
67.070839	67.070839	67.071
67.477188	67.477188	67.477
67.709388	67.709388	67.709
67.918367	67.918367	67.918
68.138957	68.138957	68.139
68.359546	68.359546	68.360
68.614966	68.614966	68.615
68.754286	68.754286	68.754
68.928435	68.928435	68.928
69.102585	69.102585	69.103
69.218685	69.218685	69.219
69.427664	69.427664	69.428
69.578594	69.578594	69.579
69.752744	69.752744	69.753
69.880454	69.880454	69.880
70.182313	70.182313	70.182
70.402902	70.402902	70.403
70.530612	70.530612	70.531
70.786032	70.786032	70.786
71.227211	71.227211	71.227
71.436190	71.436190	71.436
71.517460	71.517460	71.517
71.703220	71.703220	71.703
72.051519	72.051519	72.052
72.214059	72.214059	72.214
72.701678	72.701678	72.702
72.933878	72.933878	72.934
73.467937	73.467937	73.468
73.758186	73.758186	73.758
73.862676	73.862676	73.863
73.978776	73.978776	73.979
74.094875	74.094875	74.095
74.269025	74.269025	74.269
74.454785	74.454785	74.455
74.617324	74.617324	74.617
74.803084	74.803084	74.803
75.104943	75.104943	75.105
75.232653	75.232653	75.233
75.418413	75.418413	75.418
75.650612	75.650612	75.651
75.929252	75.929252	75.929
76.126621	76.126621	76.127
76.300771	76.300771	76.301
76.416871	76.416871	76.417
76.509751	76.509751	76.510
76.718730	76.718730	76.719
76.834830	76.834830	76.835
76.916100	76.916100	76.916
77.020590	77.020590	77.021
77.125079	77.125079	77.125
77.415329	77.415329	77.415
77.949388	77.949388	77.949
78.088707	78.088707	78.089
78.367347	78.367347	78.367
78.541497	78.541497	78.541
78.808526	78.808526	78.809
79.017506	79.017506	79.018
79.180045	79.180045	79.180
79.389025	79.389025	79.389
79.644444	79.644444	79.644
79.772154	79.772154	79.772
80.108844	80.108844	80.109
80.364263	80.364263	80.364
80.526803	80.526803	80.527
80.619683	80.619683	80.620
80.805442	80.805442	80.805
80.991202	80.991202	80.991
81.176961	81.176961	81.177
81.258231	81.258231	81.258
81.339501	81.339501	81.340
81.432381	81.432381	81.432
81.583311	81.583311	81.583
81.618141	81.618141	81.618
81.687800	81.687800	81.688
81.885170	81.885170	81.885
82.001270	82.001270	82.001
82.175420	82.175420	82.175
82.581769	82.581769	82.582
82.721088	82.721088	82.721
83.034558	83.034558	83.035
83.231927	83.231927	83.232
83.487347	83.487347	83.487
83.661497	83.661497	83.661
83.847256	83.847256	83.847
84.253605	84.253605	84.254
84.323265	84.323265	84.323
84.485805	84.485805	84.486
84.567075	84.567075	84.567
84.718005	84.718005	84.718
84.834104	84.834104	84.834
84.938594	84.938594	84.939
85.019864	85.019864	85.020
85.124354	85.124354	85.124
85.217234	85.217234	85.217
85.310113	85.310113	85.310
85.391383	85.391383	85.391
85.530703	85.530703	85.531
86.169252	86.169252	86.169
86.227302	86.227302	86.227
86.401451	86.401451	86.401
86.831020	86.831020	86.831
86.935510	86.935510	86.936
87.074830	87.074830	87.075
87.214150	87.214150	87.214
87.330249	87.330249	87.330
87.423129	87.423129	87.423
87.574059	87.574059	87.574
87.806259	87.806259	87.806
88.108118	88.108118	88.108
88.328707	88.328707	88.329
88.537687	88.537687	88.538
88.793107	88.793107	88.793
88.944036	88.944036	88.944
89.106576	89.106576	89.107
89.187846	89.187846	89.188
89.303946	89.303946	89.304
89.408435	89.408435	89.408
89.512925	89.512925	89.513
89.617415	89.617415	89.617
89.803175	89.803175	89.803
89.907664	89.907664	89.908
90.023764	90.023764	90.024
90.139864	90.139864	90.140
90.232744	90.232744	90.233
90.337234	90.337234	90.337
90.418503	90.418503	90.419
90.522993	90.522993	90.523
90.662313	90.662313	90.662
91.115102	91.115102	91.115
91.521451	91.521451	91.521
91.951020	91.951020	91.951
92.218050	92.218050	92.218
92.322540	92.322540	92.323
93.042358	93.042358	93.042
93.193288	93.193288	93.193
93.541587	93.541587	93.542
93.797007	93.797007	93.797
93.901497	93.901497	93.901
94.052426	94.052426	94.052
94.191746	94.191746	94.192
94.377506	94.377506	94.378
94.458776	94.458776	94.459
94.551655	94.551655	94.552
94.632925	94.632925	94.633
94.714195	94.714195	94.714
94.807075	94.807075	94.807
94.911565	94.911565	94.912
95.143764	95.143764	95.144
95.283084	95.283084	95.283
95.352744	95.352744	95.353
95.434014	95.434014	95.434
95.631383	95.631383	95.631
95.770703	95.770703	95.771
96.211882	96.211882	96.212
96.467302	96.467302	96.467
96.618231	96.618231	96.618
96.734331	96.734331	96.734
96.885261	96.885261	96.885
97.047800	97.047800	97.048
97.140680	97.140680	97.141
97.233560	97.233560	97.234
97.303220	97.303220	97.303
97.477370	97.477370	97.477
97.593469	97.593469	97.593
97.837279	97.837279	97.837
97.988209	97.988209	97.988
98.150748	98.150748	98.151
98.324898	98.324898	98.325
98.835737	98.835737	98.836
98.986667	98.986667	98.987
99.160816	99.160816	99.161
99.427846	99.427846	99.428
99.810975	99.810975	99.811
99.973515	99.973515	99.974
100.275374	100.275374	100.275
100.565624	100.565624	100.566
100.797823	100.797823	100.798
101.064853	101.064853	101.065
101.471202	101.471202	101.471
101.668571	101.668571	101.669
101.807891	101.807891	101.808
102.028481	102.028481	102.028
102.330340	102.330340	102.330
102.492880	102.492880	102.493
102.725079	102.725079	102.725
102.829569	102.829569	102.830
102.910839	102.910839	102.911
103.108209	103.108209	103.108
103.317188	103.317188	103.317
103.502948	103.502948	103.503
103.607438	103.607438	103.607
103.711927	103.711927	103.712
103.816417	103.816417	103.816
104.025397	104.025397	104.025
104.176327	104.176327	104.176
104.315646	104.315646	104.316
104.547846	104.547846	104.548
104.733605	104.733605	104.734
104.907755	104.907755	104.908
105.035465	105.035465	105.035
105.383764	105.383764	105.384
105.453424	105.453424	105.453
105.581134	105.581134	105.581
105.732063	105.732063	105.732
105.871383	105.871383	105.871
105.999093	105.999093	105.999
106.115193	106.115193	106.115
106.579592	106.579592	106.580
106.718912	106.718912	106.719
106.893061	106.893061	106.893
106.997551	106.997551	106.998
107.218141	107.218141	107.218
107.322630	107.322630	107.323
107.531610	107.531610	107.532
107.845079	107.845079	107.845
108.100499	108.100499	108.100
108.379138	108.379138	108.379
108.622948	108.622948	108.623
108.808707	108.808707	108.809
109.064127	109.064127	109.064
109.168617	109.168617	109.169
109.226667	109.226667	109.227
109.435646	109.435646	109.436
109.528526	109.528526	109.529
109.667846	109.667846	109.668
110.120635	110.120635	110.121
110.201905	110.201905	110.202
110.654694	110.654694	110.655
110.759184	110.759184	110.759
110.910113	110.910113	110.910
111.374512	111.374512	111.375
111.746032	111.746032	111.746
112.105941	112.105941	112.106
112.396190	112.396190	112.396
112.465850	112.465850	112.466
112.593560	112.593560	112.594
112.732880	112.732880	112.733
113.011519	113.011519	113.012
113.139229	113.139229	113.139
113.208889	113.208889	113.209
113.301769	113.301769	113.302
113.452698	113.452698	113.453
113.615238	113.615238	113.615
113.870658	113.870658	113.871
114.044807	114.044807	114.045
114.172517	114.172517	114.173
114.300227	114.300227	114.300
114.381497	114.381497	114.381
114.474376	114.474376	114.474
114.567256	114.567256	114.567
114.660136	114.660136	114.660
114.753016	114.753016	114.753
114.857506	114.857506	114.858
114.961995	114.961995	114.962
115.124535	115.124535	115.125
115.403175	115.403175	115.403
115.496054	115.496054	115.496
115.646984	115.646984	115.647
115.809524	115.809524	115.810
115.948844	115.948844	115.949
116.343583	116.343583	116.344
116.424853	116.424853	116.425
116.633832	116.633832	116.634
116.796372	116.796372	116.796
117.028571	117.028571	117.029
117.214331	117.214331	117.214
117.353651	117.353651	117.354
117.632290	117.632290	117.632
117.818050	117.818050	117.818
117.934150	117.934150	117.934
118.212789	118.212789	118.213
118.503039	118.503039	118.503
119.350567	119.350567	119.351
120.047166	120.047166	120.047
120.198095	120.198095	120.198
120.639274	120.639274	120.639
120.883084	120.883084	120.883
121.068844	121.068844	121.069
121.219773	121.219773	121.220
121.301043	121.301043	121.301
121.382313	121.382313	121.382
121.475193	121.475193	121.475
121.579683	121.579683	121.580
121.672562	121.672562	121.673
121.765442	121.765442	121.765
121.927982	121.927982	121.928
122.055692	122.055692	122.056
122.241451	122.241451	122.241
122.694240	122.694240	122.694
122.775510	122.775510	122.776
122.856780	122.856780	122.857
123.007710	123.007710	123.008
123.135420	123.135420	123.135
123.297959	123.297959	123.298
123.623039	123.623039	123.623
123.762358	123.762358	123.762
123.959728	123.959728	123.960
124.191927	124.191927	124.192
124.331247	124.331247	124.331
124.458957	124.458957	124.459
124.575057	124.575057	124.575
124.679546	124.679546	124.680
124.853696	124.853696	124.854
125.062676	125.062676	125.063
125.271655	125.271655	125.272
126.119184	126.119184	126.119
126.978322	126.978322	126.978
127.117642	127.117642	127.118
127.268571	127.268571	127.269
127.431111	127.431111	127.431
127.814240	127.814240	127.814
127.895510	127.895510	127.896
128.023220	128.023220	128.023
128.127710	128.127710	128.128
128.499229	128.499229	128.499
128.708209	128.708209	128.708
129.544127	129.544127	129.544
129.660227	129.660227	129.660
129.950476	129.950476	129.950
130.194286	130.194286	130.194
130.391655	130.391655	130.392
130.577415	130.577415	130.577
130.774785	130.774785	130.775
130.948934	130.948934	130.949
131.239184	131.239184	131.239
131.761633	131.761633	131.762
132.098322	132.098322	132.098
132.609161	132.609161	132.609
132.771701	132.771701	132.772
132.957460	132.957460	132.957
133.282540	133.282540	133.283
133.828209	133.828209	133.828
133.932698	133.932698	133.933
134.095238	134.095238	134.095
134.489977	134.489977	134.490
134.698957	134.698957	134.699
134.931156	134.931156	134.931
135.000816	135.000816	135.001
135.093696	135.093696	135.094
135.221406	135.221406	135.221
135.314286	135.314286	135.314
135.558095	135.558095	135.558
135.732245	135.732245	135.732
136.022494	136.022494	136.022
136.254694	136.254694	136.255
136.405624	136.405624	136.406
136.614603	136.614603	136.615
136.719093	136.719093	136.719
136.870023	136.870023	136.870
136.962902	136.962902	136.963
137.067392	137.067392	137.067
137.264762	137.264762	137.265
137.473741	137.473741	137.474
137.578231	137.578231	137.578
137.868481	137.868481	137.868
138.100680	138.100680	138.101
138.240000	138.240000	138.240
138.495420	138.495420	138.495
138.646349	138.646349	138.646
138.971429	138.971429	138.971
139.145578	139.145578	139.146
139.319728	139.319728	139.320
139.482268	139.482268	139.482
139.621587	139.621587	139.622
139.784127	139.784127	139.784
139.958277	139.958277	139.958
140.097596	140.097596	140.098
140.492336	140.492336	140.492
140.620045	140.620045	140.620
140.887075	140.887075	140.887
141.328254	141.328254	141.328
141.455964	141.455964	141.456
141.630113	141.630113	141.630
141.757823	141.757823	141.758
141.897143	141.897143	141.897
142.036463	142.036463	142.036
142.315102	142.315102	142.315
142.733061	142.733061	142.733
143.151020	143.151020	143.151
143.255510	143.255510	143.256
143.383220	143.383220	143.383
143.452880	143.452880	143.453
143.568980	143.568980	143.569
143.650249	143.650249	143.650
143.743129	143.743129	143.743
143.847619	143.847619	143.848
144.021769	144.021769	144.022
144.242358	144.242358	144.242
144.346848	144.346848	144.347
144.428118	144.428118	144.428
144.520998	144.520998	144.521
144.718367	144.718367	144.718
144.857687	144.857687	144.858
144.973787	144.973787	144.974
145.136327	145.136327	145.136
145.391746	145.391746	145.392
145.763265	145.763265	145.763
146.018685	146.018685	146.019
146.227664	146.227664	146.228
146.320544	146.320544	146.321
146.564354	146.564354	146.564
146.668844	146.668844	146.669
147.040363	147.040363	147.040
147.168073	147.168073	147.168
147.446712	147.446712	147.447
147.690522	147.690522	147.691
147.783401	147.783401	147.783
147.864671	147.864671	147.865
148.085261	148.085261	148.085
148.317460	148.317460	148.317
148.433560	148.433560	148.434
148.630930	148.630930	148.631
148.990839	148.990839	148.991
149.188209	149.188209	149.188
149.687438	149.687438	149.687
150.024127	150.024127	150.024
150.105397	150.105397	150.105
150.267937	150.267937	150.268
150.534966	150.534966	150.535
150.639456	150.639456	150.639
150.801995	150.801995	150.802
150.906485	150.906485	150.906
151.045805	151.045805	151.046
151.138685	151.138685	151.139
151.266395	151.266395	151.266
151.742404	151.742404	151.742
151.962993	151.962993	151.963
152.322902	152.322902	152.323
152.578322	152.578322	152.578
153.065941	153.065941	153.066
153.437460	153.437460	153.437
153.623220	153.623220	153.623
153.785760	153.785760	153.786
154.076009	154.076009	154.076
154.168889	154.168889	154.169
154.319819	154.319819	154.320
154.459138	154.459138	154.459
154.633288	154.633288	154.633
154.772608	154.772608	154.773
155.028027	155.028027	155.028
155.178957	155.178957	155.179
155.596916	155.596916	155.597
155.701406	155.701406	155.701
155.910385	155.910385	155.910
156.014875	156.014875	156.015
156.177415	156.177415	156.177
156.421224	156.421224	156.421
156.699864	156.699864	156.700
156.839184	156.839184	156.839
156.943673	156.943673	156.944
157.094603	157.094603	157.095
157.280363	157.280363	157.280
157.338413	157.338413	157.338
157.419683	157.419683	157.420
157.524172	157.524172	157.524
157.698322	157.698322	157.698
157.767982	157.767982	157.768
157.849252	157.849252	157.849
157.976961	157.976961	157.977
158.104671	158.104671	158.105
158.185941	158.185941	158.186
158.255601	158.255601	158.256
158.371701	158.371701	158.372
158.522630	158.522630	158.523
158.708390	158.708390	158.708
158.812880	158.812880	158.813
158.917370	158.917370	158.917
158.987029	158.987029	158.987
159.161179	159.161179	159.161
159.358549	159.358549	159.359
159.555918	159.555918	159.556
159.660408	159.660408	159.660
159.788118	159.788118	159.788
160.182857	160.182857	160.183
160.449887	160.449887	160.450
160.670476	160.670476	160.670
161.065215	161.065215	161.065
161.320635	161.320635	161.321
161.819864	161.819864	161.820
161.912744	161.912744	161.913
162.017234	162.017234	162.017
162.202993	162.202993	162.203
162.284263	162.284263	162.284
162.458413	162.458413	162.458
162.528073	162.528073	162.528
162.760272	162.760272	162.760
162.934422	162.934422	162.934
163.352381	163.352381	163.352
163.607800	163.607800	163.608
163.898050	163.898050	163.898
163.956100	163.956100	163.956
164.095419	164.095419	164.095
164.455329	164.455329	164.455
164.548209	164.548209	164.548
164.710748	164.710748	164.711
164.873288	164.873288	164.873
165.314467	165.314467	165.314
165.384127	165.384127	165.384
165.488617	165.488617	165.489
165.929796	165.929796	165.930
166.034286	166.034286	166.034
166.150385	166.150385	166.150
166.266485	166.266485	166.266
166.638005	166.638005	166.638
166.788934	166.788934	166.789
166.986304	166.986304	166.986
167.508753	167.508753	167.509
167.868662	167.868662	167.869
167.984762	167.984762	167.985
168.100862	168.100862	168.101
168.367891	168.367891	168.368
168.565261	168.565261	168.565
168.681361	168.681361	168.681
169.157370	169.157370	169.157
169.343129	169.343129	169.343
169.447619	169.447619	169.448
169.772698	169.772698	169.773
169.912018	169.912018	169.912
170.376417	170.376417	170.376
170.538957	170.538957	170.539
170.898866	170.898866	170.899
171.107846	171.107846	171.108
171.293605	171.293605	171.294
172.117914	172.117914	172.118
172.268844	172.268844	172.269
172.570703	172.570703	172.571
172.791293	172.791293	172.791
172.965442	172.965442	172.965
173.209252	173.209252	173.209
173.395011	173.395011	173.395
173.487891	173.487891	173.488
173.627211	173.627211	173.627
173.778141	173.778141	173.778
173.882630	173.882630	173.883
174.010340	174.010340	174.010
174.161270	174.161270	174.161
174.230930	174.230930	174.231
174.556009	174.556009	174.556
174.672109	174.672109	174.672
174.869478	174.869478	174.869
175.148118	175.148118	175.148
175.264218	175.264218	175.264
175.449977	175.449977	175.450
175.589297	175.589297	175.589
175.693787	175.693787	175.694
175.786667	175.786667	175.787
175.949206	175.949206	175.949
176.146576	176.146576	176.147
176.274286	176.274286	176.274
176.518095	176.518095	176.518
176.692245	176.692245	176.692
177.005714	177.005714	177.006
177.098594	177.098594	177.099
177.203084	177.203084	177.203
177.330794	177.330794	177.331
177.516553	177.516553	177.517
177.806803	177.806803	177.807
177.922902	177.922902	177.923
178.236372	178.236372	178.236
178.596281	178.596281	178.596
178.712381	178.712381	178.712
178.793651	178.793651	178.794
178.886531	178.886531	178.887
179.002630	179.002630	179.003
179.246440	179.246440	179.246
179.467029	179.467029	179.467
179.676009	179.676009	179.676
179.757279	179.757279	179.757
179.826939	179.826939	179.827
180.024308	180.024308	180.024
180.140408	180.140408	180.140
180.477098	180.477098	180.477
180.628027	180.628027	180.628
180.918277	180.918277	180.918
181.080816	181.080816	181.081
181.196916	181.196916	181.197
181.359456	181.359456	181.359
181.521995	181.521995	181.522
181.626485	181.626485	181.626
181.777415	181.777415	181.777
181.998005	181.998005	181.998
182.090884	182.090884	182.091
182.183764	182.183764	182.184
182.276644	182.276644	182.277
182.381134	182.381134	182.381
182.485624	182.485624	182.486
182.659773	182.659773	182.660
182.845533	182.845533	182.846
183.042902	183.042902	183.043
183.240272	183.240272	183.240
183.437642	183.437642	183.438
183.611791	183.611791	183.612
183.751111	183.751111	183.751
183.867211	183.867211	183.867
184.343220	184.343220	184.343
184.633469	184.633469	184.633
184.714739	184.714739	184.715
185.016599	185.016599	185.017
185.132698	185.132698	185.133
185.399728	185.399728	185.400
185.527438	185.527438	185.527
185.817687	185.817687	185.818
185.945397	185.945397	185.945
186.386576	186.386576	186.387
186.595556	186.595556	186.596
186.734875	186.734875	186.735
187.059955	187.059955	187.060
187.292154	187.292154	187.292
187.988753	187.988753	187.989
188.209342	188.209342	188.209
188.290612	188.290612	188.291
188.511202	188.511202	188.511
188.604082	188.604082	188.604
188.662132	188.662132	188.662
188.801451	188.801451	188.801
188.917551	188.917551	188.918
189.033651	189.033651	189.034
189.149751	189.149751	189.150
189.231020	189.231020	189.231
189.335510	189.335510	189.336
189.440000	189.440000	189.440
189.532880	189.532880	189.533
189.625760	189.625760	189.626
189.730249	189.730249	189.730
190.206259	190.206259	190.206
190.345578	190.345578	190.346
190.635828	190.635828	190.636
190.891247	190.891247	190.891
191.100227	191.100227	191.100
191.460136	191.460136	191.460
191.622676	191.622676	191.623
191.692336	191.692336	191.692
191.820045	191.820045	191.820
191.959365	191.959365	191.959
192.168345	192.168345	192.168
192.342494	192.342494	192.342
192.458594	192.458594	192.459
192.888163	192.888163	192.888
193.073923	193.073923	193.074
193.306122	193.306122	193.306
193.422222	193.422222	193.422
193.631202	193.631202	193.631
193.724082	193.724082	193.724
193.816961	193.816961	193.817
193.967891	193.967891	193.968
195.105669	195.105669	195.106
195.291429	195.291429	195.291
195.500408	195.500408	195.500
195.732608	195.732608	195.733
195.929977	195.929977	195.930
196.034467	196.034467	196.034
196.138957	196.138957	196.139
196.231837	196.231837	196.232
196.324717	196.324717	196.325
196.417596	196.417596	196.418
196.522086	196.522086	196.522
196.603356	196.603356	196.603
196.870385	196.870385	196.870
197.102585	197.102585	197.103
197.381224	197.381224	197.381
197.880454	197.880454	197.880
198.008163	198.008163	198.008
198.089433	198.089433	198.089
198.182313	198.182313	198.182
198.391293	198.391293	198.391
198.519002	198.519002	198.519
198.600272	198.600272	198.600
198.693152	198.693152	198.693
198.797642	198.797642	198.798
199.006621	199.006621	199.007
199.192381	199.192381	199.192
199.296871	199.296871	199.297
199.412971	199.412971	199.413
199.505850	199.505850	199.506
200.074739	200.074739	200.075
200.899048	200.899048	200.899
201.734966	201.734966	201.735
201.885896	201.885896	201.886
202.025215	202.025215	202.025
202.315465	202.315465	202.315
202.547664	202.547664	202.548
202.814694	202.814694	202.815
202.965624	202.965624	202.966
203.035283	203.035283	203.035
203.209433	203.209433	203.209
203.371973	203.371973	203.372
203.546122	203.546122	203.546
203.673832	203.673832	203.674
204.022132	204.022132	204.022
204.207891	204.207891	204.208
204.416871	204.416871	204.417
204.509751	204.509751	204.510
204.567800	204.567800	204.568
204.672290	204.672290	204.672
204.753560	204.753560	204.754
204.985760	204.985760	204.986
205.183129	205.183129	205.183
205.287619	205.287619	205.288
205.519819	205.519819	205.520
205.693968	205.693968	205.694
206.193197	206.193197	206.193
206.286077	206.286077	206.286
206.390567	206.390567	206.391
206.680816	206.680816	206.681
206.866576	206.866576	206.867
207.249705	207.249705	207.250
207.319365	207.319365	207.319
207.528345	207.528345	207.528
207.667664	207.667664	207.668
207.748934	207.748934	207.749
208.132063	208.132063	208.132
208.201723	208.201723	208.202
208.561633	208.561633	208.562
208.747392	208.747392	208.747
208.944762	208.944762	208.945
209.142132	209.142132	209.142
209.327891	209.327891	209.328
209.420771	209.420771	209.421
209.536871	209.536871	209.537
209.734240	209.734240	209.734
210.152200	210.152200	210.152
210.419229	210.419229	210.419
210.477279	210.477279	210.477
210.616599	210.616599	210.617
210.663039	210.663039	210.663
210.779138	210.779138	210.779
210.872018	210.872018	210.872
211.069388	211.069388	211.069
211.220317	211.220317	211.220
211.301587	211.301587	211.302
211.603447	211.603447	211.603
211.696327	211.696327	211.696
211.870476	211.870476	211.870
212.079456	212.079456	212.079
212.218776	212.218776	212.219
212.288435	212.288435	212.288
212.543855	212.543855	212.544
213.031474	213.031474	213.031
213.786122	213.786122	213.786
213.925442	213.925442	213.925
214.157642	214.157642	214.158
214.262132	214.262132	214.262
214.436281	214.436281	214.436
215.260590	215.260590	215.261
215.481179	215.481179	215.481
215.620499	215.620499	215.620
215.771429	215.771429	215.771
217.118186	217.118186	217.118
218.255964	218.255964	218.256
218.348844	218.348844	218.349
218.755193	218.755193	218.755
218.848073	218.848073	218.848
219.231202	219.231202	219.231
219.997460	219.997460	219.997
220.183220	220.183220	220.183
220.612789	220.612789	220.613
221.053968	221.053968	221.054
221.564807	221.564807	221.565
221.669297	221.669297	221.669
222.156916	222.156916	222.157
222.493605	222.493605	222.494
222.830295	222.830295	222.830
223.225034	223.225034	223.225
224.258322	224.258322	224.258
224.351202	224.351202	224.351
224.444082	224.444082	224.444
224.827211	224.827211	224.827
224.920091	224.920091	224.920
225.117460	225.117460	225.117
225.547029	225.547029	225.547
225.930159	225.930159	225.930
226.197188	226.197188	226.197
226.557098	226.557098	226.557
226.754467	226.754467	226.754
226.951837	226.951837	226.952
227.009887	227.009887	227.010
227.393016	227.393016	227.393
227.520726	227.520726	227.521
227.706485	227.706485	227.706
227.927075	227.927075	227.927
228.019955	228.019955	228.020
228.136054	228.136054	228.136
228.240544	228.240544	228.241
228.356644	228.356644	228.357
228.519184	228.519184	228.519
228.646893	228.646893	228.647
228.960363	228.960363	228.960
229.041633	229.041633	229.042
229.134512	229.134512	229.135
229.482812	229.482812	229.483
229.935601	229.935601	229.936
230.388390	230.388390	230.388
231.282358	231.282358	231.282
