0.120000	5.030000	51.000
0.120000	1.300000	63.000
0.730000	1.300000	78.000
0.730000	1.300000	70.000
1.050000	1.900000	75.000
1.050000	1.900000	66.000
1.350000	2.530000	70.000
1.350000	2.530000	63.000
1.350000	1.900000	78.000
1.950000	2.530000	77.000
1.950000	2.530000	68.000
2.580000	5.030000	66.000
2.580000	3.150000	74.000
3.200000	5.030000	75.000
3.200000	3.800000	63.000
3.850000	5.030000	63.000
5.080000	8.140000	51.000
5.080000	7.510000	63.000
5.080000	6.880000	27.000
5.080000	5.670000	58.000
5.720000	8.140000	70.000
5.720000	6.290000	78.000
6.000000	7.510000	75.000
6.000000	6.880000	66.000
6.000000	6.290000	39.000
6.340000	8.140000	39.000
6.340000	7.510000	46.000
6.340000	6.880000	78.000
6.930000	7.510000	77.000
6.930000	7.510000	68.000
7.560000	8.780000	66.000
7.560000	8.140000	74.000
7.560000	8.140000	46.000
8.190000	10.080000	75.000
8.190000	10.080000	51.000
8.830000	10.080000	70.000
8.830000	10.080000	63.000
10.130000	15.280000	58.000
10.130000	13.970000	63.000
10.130000	11.020000	51.000
10.130000	10.710000	46.000
10.760000	11.360000	70.000
10.760000	11.360000	27.000
10.760000	11.020000	78.000
11.070000	12.660000	51.000
11.070000	12.010000	66.000
11.070000	11.360000	75.000
11.410000	15.870000	70.000
11.410000	15.280000	39.000
12.060000	13.970000	68.000
12.060000	13.970000	46.000
12.060000	12.660000	77.000
12.710000	15.280000	51.000
12.710000	13.970000	28.000
14.020000	15.280000	63.000
15.330000	18.400000	51.000
15.330000	17.730000	63.000
15.330000	16.190000	58.000
15.920000	17.730000	70.000
15.920000	16.190000	78.000
16.240000	19.590000	58.000
16.240000	17.730000	66.000
16.240000	16.500000	75.000
16.550000	19.590000	39.000
16.550000	17.100000	82.000
16.550000	17.100000	78.000
16.550000	17.100000	46.000
16.550000	17.100000	28.000
17.150000	17.730000	77.000
17.150000	17.730000	68.000
17.780000	19.040000	66.000
17.780000	18.400000	74.000
17.780000	18.400000	46.000
18.450000	19.590000	75.000
18.450000	19.040000	51.000
18.450000	19.040000	28.000
19.090000	20.250000	63.000
19.090000	20.250000	51.000
19.640000	19.660000	39.000
19.710000	20.250000	46.000
19.710000	20.250000	41.000
19.710000	20.250000	39.000
19.710000	20.250000	27.000
20.360000	26.210000	58.000
20.360000	22.740000	27.000
20.360000	22.140000	63.000
20.360000	21.180000	74.000
20.360000	20.880000	67.000
20.360000	20.880000	65.000
20.930000	31.440000	46.000
20.930000	30.170000	39.000
20.930000	21.180000	78.000
21.230000	22.140000	66.000
21.230000	21.510000	75.000
21.560000	22.140000	75.000
22.190000	22.740000	77.000
22.190000	22.740000	68.000
22.790000	32.660000	63.000
22.790000	26.540000	51.000
22.790000	25.890000	66.000
22.790000	25.890000	55.000
25.940000	27.150000	78.000
25.940000	26.210000	82.000
26.260000	27.150000	75.000
26.260000	27.150000	66.000
26.590000	29.580000	51.000
27.200000	28.990000	77.000
27.200000	28.990000	68.000
27.200000	28.990000	55.000
29.040000	29.580000	82.000
29.630000	33.260000	51.000
29.630000	31.440000	27.000
30.220000	33.860000	39.000
30.220000	30.820000	55.000
30.870000	31.440000	78.000
30.870000	31.110000	82.000
31.160000	32.060000	70.000
31.160000	32.060000	66.000
31.160000	31.440000	75.000
31.490000	33.260000	46.000
31.490000	32.660000	75.000
31.490000	32.060000	82.000
31.490000	32.060000	78.000
32.110000	32.660000	77.000
32.110000	32.660000	68.000
32.710000	34.460000	66.000
32.710000	34.160000	63.000
32.710000	33.260000	74.000
32.710000	33.260000	58.000
32.710000	33.260000	27.000
33.310000	33.860000	75.000
33.310000	33.860000	51.000
33.310000	33.860000	46.000
33.910000	35.060000	37.000
33.910000	35.010000	49.000
34.210000	34.460000	56.000
34.510000	35.060000	66.000
35.110000	36.490000	66.000
35.110000	36.180000	48.000
35.110000	36.180000	36.000
35.110000	35.610000	51.000
35.660000	36.180000	76.000
35.660000	36.180000	72.000
36.230000	37.550000	47.000
36.230000	37.420000	63.000
36.230000	37.420000	54.000
36.540000	37.550000	66.000
36.540000	37.420000	71.000
36.540000	36.810000	35.000
36.860000	37.550000	35.000
36.860000	37.420000	75.000
37.600000	38.280000	66.000
37.600000	37.710000	58.000
37.760000	38.060000	58.000
37.760000	38.010000	72.000
37.760000	38.010000	68.000
37.760000	38.010000	33.000
37.760000	38.010000	32.000
38.110000	38.340000	54.000
38.110000	38.340000	30.000
38.110000	38.280000	46.000
38.390000	38.600000	53.000
38.390000	38.600000	41.000
38.390000	38.600000	29.000
38.650000	41.120000	58.000
38.650000	39.920000	27.000
38.650000	39.280000	74.000
38.650000	39.280000	67.000
38.650000	39.280000	63.000
39.330000	42.360000	39.000
39.330000	40.520000	75.000
39.330000	40.520000	66.000
39.330000	40.520000	46.000
39.330000	39.920000	55.000
39.970000	40.520000	78.000
40.570000	42.360000	46.000
40.570000	41.120000	77.000
40.570000	41.120000	68.000
41.170000	42.360000	74.000
41.170000	42.360000	67.000
41.170000	42.360000	66.000
41.170000	42.360000	65.000
41.170000	42.360000	63.000
41.170000	42.360000	58.000
41.170000	42.360000	27.000
42.410000	42.680000	63.000
42.410000	42.680000	33.000
42.730000	42.960000	72.000
42.730000	42.960000	63.000
42.730000	42.960000	32.000
43.010000	43.230000	30.000
43.280000	43.530000	53.000
43.280000	43.530000	41.000
43.280000	43.530000	38.000
43.280000	43.530000	29.000
43.580000	44.250000	46.000
43.580000	44.250000	39.000
43.690000	47.330000	63.000
43.690000	45.470000	70.000
43.690000	44.860000	27.000
43.690000	44.250000	65.000
43.690000	44.250000	34.000
44.300000	47.330000	46.000
44.300000	45.470000	39.000
44.300000	44.860000	78.000
44.300000	44.530000	82.000
44.580000	45.470000	75.000
44.580000	45.470000	66.000
44.910000	45.470000	82.000
44.910000	45.470000	55.000
45.520000	47.330000	77.000
45.520000	47.330000	75.000
45.520000	47.330000	68.000
45.520000	47.330000	66.000
45.520000	47.330000	39.000
47.380000	47.620000	51.000
47.380000	47.620000	33.000
47.670000	47.900000	60.000
47.670000	47.900000	51.000
47.670000	47.900000	44.000
47.950000	48.200000	49.000
47.950000	48.200000	42.000
47.950000	48.200000	39.000
48.250000	48.510000	57.000
48.250000	48.420000	48.000
48.470000	48.510000	29.000
48.560000	50.890000	70.000
48.560000	49.400000	63.000
48.560000	49.400000	27.000
48.560000	49.110000	74.000
48.560000	49.110000	34.000
49.160000	50.310000	78.000
49.160000	49.710000	46.000
49.160000	49.710000	39.000
49.160000	49.400000	82.000
49.450000	52.100000	27.000
49.450000	51.480000	58.000
49.450000	50.890000	63.000
49.450000	50.310000	66.000
49.760000	52.100000	39.000
49.760000	52.050000	46.000
49.760000	50.310000	82.000
49.760000	50.310000	75.000
50.360000	50.890000	77.000
50.360000	50.890000	75.000
50.360000	50.890000	68.000
50.940000	51.480000	74.000
50.940000	51.480000	66.000
51.530000	52.100000	75.000
51.530000	52.100000	66.000
52.150000	53.810000	66.000
52.150000	53.210000	49.000
52.150000	52.650000	63.000
52.150000	52.650000	37.000
52.700000	53.210000	77.000
52.700000	53.210000	73.000
52.700000	53.210000	37.000
53.260000	54.390000	36.000
53.260000	53.810000	51.000
53.260000	53.510000	72.000
53.560000	54.390000	72.000
53.560000	53.810000	32.000
53.860000	54.680000	66.000
53.860000	54.390000	76.000
54.440000	55.570000	75.000
54.440000	54.680000	71.000
54.440000	54.680000	35.000
54.730000	55.570000	66.000
54.730000	55.570000	35.000
54.730000	54.990000	71.000
55.040000	55.570000	71.000
55.620000	56.450000	51.000
55.620000	56.170000	66.000
55.620000	56.170000	34.000
55.900000	56.450000	39.000
55.900000	56.170000	46.000
56.220000	56.760000	47.000
56.220000	56.760000	35.000
56.220000	56.450000	80.000
56.220000	56.450000	44.000
56.500000	56.760000	75.000
56.500000	56.760000	71.000
56.500000	56.760000	39.000
56.810000	57.310000	74.000
56.810000	57.310000	70.000
56.810000	57.310000	65.000
56.810000	57.310000	47.000
56.810000	57.310000	39.000
56.810000	57.310000	34.000
56.810000	57.310000	32.000
57.640000	57.880000	44.000
57.640000	57.730000	37.000
57.780000	57.880000	49.000
57.780000	57.880000	47.000
57.780000	57.880000	42.000
57.930000	57.970000	49.000
57.930000	57.970000	46.000
57.930000	57.970000	39.000
58.020000	59.160000	33.000
58.020000	58.560000	79.000
58.020000	58.560000	73.000
58.020000	58.560000	69.000
58.020000	58.560000	64.000
58.610000	60.350000	66.000
58.610000	59.160000	64.000
58.610000	59.160000	63.000
58.610000	59.160000	59.000
59.210000	60.350000	59.000
59.210000	60.350000	32.000
59.800000	60.950000	65.000
60.400000	61.570000	66.000
60.400000	61.570000	30.000
60.400000	60.950000	61.000
61.000000	61.570000	70.000
61.000000	61.570000	63.000
61.000000	61.570000	61.000
61.620000	64.140000	65.000
61.620000	64.140000	29.000
61.620000	62.840000	69.000
61.620000	62.840000	60.000
61.950000	62.200000	78.000
62.250000	62.840000	78.000
62.890000	66.130000	53.000
62.890000	64.140000	70.000
62.890000	63.130000	73.000
63.180000	63.480000	73.000
63.530000	64.140000	77.000
63.530000	64.140000	73.000
64.190000	66.510000	65.000
64.190000	65.720000	69.000
64.190000	64.880000	60.000
64.190000	64.880000	29.000
64.190000	64.500000	75.000
64.550000	65.720000	41.000
64.550000	64.880000	75.000
64.550000	64.880000	72.000
64.930000	65.720000	88.000
64.930000	65.720000	75.000
64.930000	65.720000	72.000
64.930000	65.720000	29.000
65.770000	66.510000	74.000
65.770000	66.510000	46.000
65.770000	66.510000	34.000
66.180000	66.510000	77.000
66.180000	66.510000	53.000
66.560000	67.360000	69.000
66.560000	67.360000	47.000
66.560000	67.360000	35.000
66.960000	67.360000	77.000
67.410000	68.300000	46.000
67.410000	68.300000	34.000
67.410000	67.810000	74.000
67.860000	68.830000	47.000
67.860000	68.300000	77.000
67.860000	68.300000	65.000
68.350000	69.430000	75.000
68.350000	69.430000	35.000
68.350000	68.830000	66.000
68.880000	69.430000	77.000
68.880000	69.430000	69.000
68.880000	69.430000	47.000
69.480000	70.930000	65.000
69.480000	70.930000	34.000
69.480000	70.070000	74.000
69.480000	70.070000	70.000
70.120000	70.930000	77.000
70.120000	70.930000	46.000
70.980000	74.040000	35.000
70.980000	72.170000	75.000
70.980000	72.170000	69.000
70.980000	72.170000	66.000
72.220000	74.040000	77.000
74.090000	74.180000	44.000
74.230000	74.670000	66.000
74.230000	74.670000	61.000
74.230000	74.550000	30.000
74.720000	75.080000	66.000
74.720000	74.860000	78.000
74.910000	75.080000	85.000
74.910000	75.080000	78.000
74.910000	75.080000	38.000
75.130000	75.750000	54.000
75.130000	75.310000	66.000
75.130000	75.310000	63.000
75.360000	75.750000	73.000
75.360000	75.520000	66.000
75.360000	75.520000	61.000
75.360000	75.520000	58.000
75.570000	76.340000	66.000
75.570000	75.840000	71.000
75.570000	75.840000	59.000
75.570000	75.750000	80.000
75.890000	76.340000	49.000
75.890000	76.340000	42.000
76.030000	76.340000	85.000
76.030000	76.340000	80.000
76.390000	76.450000	72.000
76.390000	76.450000	60.000
76.500000	76.880000	61.000
76.500000	76.880000	38.000
76.500000	76.650000	73.000
76.700000	77.100000	73.000
76.930000	77.100000	70.000
76.930000	77.100000	66.000
76.930000	77.100000	61.000
76.930000	77.100000	58.000
76.930000	77.100000	37.000
77.150000	77.540000	68.000
77.150000	77.540000	49.000
77.150000	77.320000	61.000
77.150000	77.320000	56.000
77.370000	77.540000	66.000
77.370000	77.540000	61.000
77.370000	77.540000	54.000
77.660000	78.220000	61.000
77.660000	77.790000	70.000
77.660000	77.790000	66.000
77.660000	77.790000	30.000
77.840000	78.220000	80.000
77.840000	78.220000	59.000
77.840000	77.990000	65.000
77.840000	77.990000	49.000
78.040000	78.430000	35.000
78.040000	78.220000	68.000
78.270000	78.650000	58.000
78.270000	78.430000	75.000
78.270000	78.430000	42.000
78.480000	78.650000	54.000
78.480000	78.650000	49.000
78.480000	78.650000	34.000
78.700000	79.310000	73.000
78.700000	78.990000	65.000
78.700000	78.860000	56.000
78.700000	78.860000	42.000
78.910000	79.140000	56.000
79.040000	80.040000	61.000
79.040000	79.310000	65.000
79.040000	79.140000	44.000
79.190000	79.760000	68.000
79.190000	79.760000	59.000
79.190000	79.310000	77.000
79.360000	80.450000	78.000
79.360000	80.040000	73.000
79.360000	79.760000	42.000
79.360000	79.760000	35.000
79.810000	80.210000	54.000
79.810000	79.990000	49.000
80.090000	80.450000	66.000
80.090000	80.210000	70.000
80.090000	80.210000	63.000
80.090000	80.210000	61.000
80.260000	80.450000	63.000
80.260000	80.450000	54.000
80.260000	80.450000	34.000
80.500000	80.650000	68.000
80.500000	80.650000	65.000
80.500000	80.650000	58.000
80.500000	80.650000	38.000
80.700000	80.880000	54.000
80.700000	80.880000	47.000
80.930000	81.360000	77.000
80.930000	81.140000	44.000
80.930000	81.140000	37.000
81.190000	82.010000	73.000
81.190000	81.360000	68.000
81.410000	81.570000	58.000
81.410000	81.570000	49.000
81.410000	81.570000	42.000
81.620000	82.010000	54.000
81.620000	81.800000	31.000
81.850000	82.230000	38.000
81.850000	82.010000	78.000
82.060000	82.890000	78.000
82.280000	83.800000	54.000
82.280000	82.460000	71.000
82.280000	82.460000	66.000
82.280000	82.460000	63.000
82.510000	82.670000	66.000
82.510000	82.670000	61.000
82.720000	83.120000	71.000
82.720000	83.120000	63.000
82.720000	83.120000	59.000
82.720000	82.940000	68.000
82.720000	82.890000	66.000
82.990000	83.480000	30.000
82.990000	83.120000	66.000
82.990000	83.120000	61.000
83.170000	83.480000	66.000
83.170000	83.480000	61.000
83.170000	83.360000	70.000
83.410000	83.480000	73.000
83.530000	83.590000	84.000
83.640000	83.800000	61.000
83.850000	84.020000	92.000
83.850000	84.020000	61.000
83.850000	84.020000	38.000
84.070000	84.470000	49.000
84.070000	84.240000	82.000
84.070000	84.240000	66.000
84.070000	84.240000	61.000
84.070000	84.240000	58.000
84.290000	84.670000	68.000
84.290000	84.470000	61.000
84.290000	84.470000	56.000
84.520000	84.920000	66.000
84.520000	84.670000	61.000
84.520000	84.670000	54.000
84.520000	84.670000	49.000
84.720000	84.920000	61.000
84.720000	84.920000	54.000
84.970000	85.190000	68.000
85.240000	85.410000	68.000
85.240000	85.410000	65.000
85.240000	85.410000	61.000
85.240000	85.410000	35.000
85.460000	85.560000	78.000
85.460000	85.560000	75.000
85.460000	85.560000	70.000
85.670000	86.020000	54.000
85.670000	86.020000	46.000
85.670000	85.790000	63.000
85.840000	86.020000	73.000
85.840000	86.020000	56.000
85.840000	86.020000	42.000
86.070000	87.360000	61.000
86.070000	86.700000	77.000
86.070000	86.250000	56.000
86.300000	86.700000	68.000
86.300000	86.700000	59.000
86.300000	86.460000	65.000
86.510000	87.150000	54.000
86.510000	86.700000	49.000
86.510000	86.700000	47.000
86.750000	87.150000	82.000
86.750000	86.910000	73.000
86.750000	86.910000	68.000
86.750000	86.910000	42.000
86.960000	87.150000	66.000
87.070000	87.360000	42.000
87.070000	87.150000	37.000
87.200000	87.810000	59.000
87.200000	87.620000	80.000
87.200000	87.620000	65.000
87.200000	87.360000	49.000
87.410000	87.810000	68.000
87.410000	87.620000	35.000
87.670000	88.060000	58.000
87.670000	87.810000	63.000
87.670000	87.810000	54.000
87.940000	88.260000	46.000
88.110000	88.490000	82.000
88.110000	88.490000	78.000
88.110000	88.490000	73.000
88.110000	88.260000	42.000
88.110000	88.260000	38.000
88.310000	88.960000	61.000
88.310000	88.710000	54.000
88.460000	88.710000	49.000
88.460000	88.490000	42.000
88.540000	88.710000	68.000
88.540000	88.710000	59.000
88.540000	88.710000	42.000
88.540000	88.710000	37.000
88.760000	89.150000	68.000
88.760000	89.150000	35.000
88.760000	88.960000	65.000
89.010000	89.150000	75.000
89.010000	89.150000	42.000
89.200000	89.310000	66.000
89.360000	89.410000	66.000
89.460000	89.810000	65.000
89.460000	89.590000	73.000
89.460000	89.590000	42.000
89.640000	90.040000	77.000
89.640000	90.040000	73.000
89.640000	89.810000	68.000
89.640000	89.810000	37.000
89.860000	90.040000	68.000
89.860000	90.040000	65.000
89.860000	90.040000	61.000
90.090000	90.490000	68.000
90.090000	90.150000	65.000
90.200000	90.720000	82.000
90.200000	90.720000	78.000
90.200000	90.720000	73.000
90.200000	90.490000	42.000
90.200000	90.490000	37.000
90.200000	90.490000	35.000
90.540000	90.940000	61.000
90.540000	90.720000	66.000
90.690000	90.720000	54.000
90.770000	91.190000	68.000
90.770000	91.150000	77.000
90.770000	90.940000	37.000
90.990000	91.190000	80.000
90.990000	91.190000	65.000
90.990000	91.150000	49.000
91.240000	91.610000	75.000
91.240000	91.610000	58.000
91.240000	91.380000	66.000
91.430000	91.610000	66.000
91.430000	91.610000	63.000
91.430000	91.610000	34.000
91.660000	92.060000	66.000
91.660000	92.060000	61.000
91.660000	91.830000	70.000
91.880000	92.270000	49.000
91.880000	92.060000	70.000
91.880000	92.060000	54.000
92.110000	92.510000	68.000
92.110000	92.510000	59.000
92.110000	92.270000	65.000
92.110000	92.270000	61.000
92.110000	92.270000	38.000
92.320000	92.730000	65.000
92.320000	92.510000	80.000
92.320000	92.510000	49.000
92.320000	92.510000	35.000
92.560000	92.970000	71.000
92.560000	92.730000	77.000
92.560000	92.730000	68.000
92.560000	92.730000	37.000
92.920000	92.970000	65.000
93.020000	93.170000	54.000
93.220000	93.390000	66.000
93.320000	93.390000	54.000
93.320000	93.390000	46.000
93.440000	93.840000	78.000
93.440000	93.620000	70.000
93.440000	93.620000	66.000
93.440000	93.620000	63.000
93.440000	93.620000	34.000
93.670000	93.840000	66.000
93.670000	93.840000	63.000
93.890000	94.310000	77.000
93.890000	94.310000	59.000
93.890000	94.070000	68.000
93.890000	94.070000	65.000
93.890000	94.070000	44.000
94.120000	94.750000	68.000
94.120000	94.750000	65.000
94.120000	94.310000	47.000
94.360000	94.750000	77.000
94.360000	94.750000	71.000
94.360000	94.750000	56.000
94.570000	94.750000	83.000
94.570000	94.750000	37.000
94.800000	95.230000	66.000
94.800000	94.960000	70.000
95.010000	95.640000	54.000
95.010000	95.400000	70.000
95.010000	95.230000	34.000
95.280000	95.640000	58.000
95.280000	95.400000	66.000
95.280000	95.400000	63.000
95.450000	95.640000	66.000
95.450000	95.640000	63.000
95.450000	95.640000	30.000
95.690000	96.090000	59.000
95.690000	95.920000	68.000
95.690000	95.850000	65.000
95.970000	96.300000	35.000
95.970000	96.090000	68.000
95.970000	96.090000	65.000
96.140000	96.530000	78.000
96.140000	96.530000	75.000
96.140000	96.300000	58.000
96.140000	96.300000	42.000
96.350000	96.530000	63.000
96.350000	96.530000	54.000
96.350000	96.530000	34.000
96.580000	96.970000	59.000
96.580000	96.750000	77.000
96.580000	96.750000	68.000
96.580000	96.750000	65.000
96.800000	97.190000	35.000
96.800000	96.970000	71.000
96.800000	96.970000	68.000
96.800000	96.970000	65.000
97.020000	97.290000	58.000
97.020000	97.190000	73.000
97.020000	97.190000	70.000
97.020000	97.190000	66.000
97.240000	97.440000	66.000
97.340000	97.440000	58.000
97.340000	97.440000	54.000
97.490000	98.170000	68.000
97.490000	97.640000	65.000
97.490000	97.640000	38.000
97.690000	98.170000	70.000
97.690000	98.090000	80.000
97.690000	98.090000	65.000
97.690000	98.090000	58.000
97.690000	98.090000	49.000
97.690000	98.090000	38.000
97.690000	98.090000	35.000
98.140000	98.320000	58.000
98.220000	98.320000	54.000
98.220000	98.320000	46.000
98.370000	98.740000	68.000
98.370000	98.520000	65.000
98.370000	98.520000	35.000
98.570000	99.000000	49.000
98.570000	98.740000	65.000
98.570000	98.740000	56.000
98.790000	99.000000	66.000
98.790000	99.000000	46.000
98.790000	99.000000	37.000
98.790000	99.000000	30.000
99.050000	99.180000	78.000
99.050000	99.180000	42.000
99.230000	99.850000	65.000
99.230000	99.630000	68.000
99.230000	99.430000	29.000
99.480000	99.850000	56.000
99.480000	99.850000	53.000
99.680000	99.850000	68.000
99.680000	99.850000	60.000
99.680000	99.850000	37.000
99.680000	99.850000	29.000
99.900000	100.070000	55.000
99.900000	100.070000	46.000
99.900000	100.070000	39.000
100.120000	100.710000	56.000
100.120000	100.710000	53.000
100.350000	100.710000	65.000
100.350000	100.710000	60.000
100.350000	100.710000	29.000
100.550000	100.710000	72.000
100.550000	100.710000	41.000
100.760000	100.930000	61.000
100.760000	100.930000	55.000
100.760000	100.930000	48.000
100.760000	100.930000	46.000
100.760000	100.930000	39.000
100.980000	101.570000	41.000
100.980000	101.370000	48.000
100.980000	101.160000	68.000
101.210000	101.570000	68.000
101.210000	101.570000	65.000
101.210000	101.570000	60.000
101.210000	101.570000	29.000
101.620000	101.800000	61.000
101.620000	101.800000	46.000
101.620000	101.800000	39.000
101.850000	102.450000	53.000
101.850000	102.230000	56.000
101.850000	102.030000	48.000
102.080000	102.450000	48.000
102.080000	102.450000	41.000
102.280000	102.450000	56.000
102.500000	102.670000	55.000
102.500000	102.670000	51.000
102.500000	102.670000	46.000
102.720000	103.090000	41.000
102.720000	102.890000	56.000
102.940000	103.300000	56.000
102.940000	103.300000	53.000
102.940000	103.300000	48.000
103.350000	103.520000	55.000
103.350000	103.520000	46.000
103.350000	103.520000	39.000
103.570000	104.150000	68.000
103.570000	104.150000	60.000
103.570000	103.740000	37.000
103.790000	104.150000	56.000
103.790000	104.150000	48.000
103.790000	103.950000	41.000
104.000000	104.150000	41.000
104.200000	104.390000	55.000
104.200000	104.290000	58.000
104.340000	104.390000	46.000
104.340000	104.390000	39.000
104.440000	105.460000	60.000
104.440000	105.020000	65.000
104.440000	105.020000	29.000
104.670000	105.890000	84.000
104.670000	105.020000	68.000
104.670000	105.020000	48.000
104.670000	105.020000	41.000
105.070000	105.890000	48.000
105.070000	105.460000	65.000
105.300000	106.040000	72.000
105.300000	105.890000	56.000
105.300000	105.460000	36.000
105.510000	105.890000	68.000
105.510000	105.890000	65.000
105.510000	105.890000	60.000
105.510000	105.890000	29.000
106.150000	106.970000	77.000
106.150000	106.740000	41.000
106.150000	106.540000	68.000
106.590000	107.190000	65.000
106.590000	106.740000	78.000
106.590000	106.740000	60.000
106.590000	106.740000	56.000
106.590000	106.740000	29.000
106.790000	106.970000	55.000
106.790000	106.970000	39.000
107.020000	108.700000	77.000
107.020000	107.190000	56.000
107.020000	107.190000	29.000
107.240000	108.040000	65.000
107.240000	107.600000	60.000
107.240000	107.600000	56.000
107.650000	107.830000	46.000
107.650000	107.830000	39.000
107.880000	108.470000	56.000
107.880000	108.470000	41.000
107.880000	108.260000	48.000
108.090000	108.470000	60.000
108.090000	108.470000	29.000
108.090000	108.260000	65.000
108.310000	108.470000	65.000
108.520000	108.700000	72.000
108.520000	108.700000	49.000
108.520000	108.700000	46.000
108.520000	108.700000	39.000
108.750000	109.980000	72.000
108.750000	109.550000	56.000
108.750000	109.010000	77.000
108.750000	109.010000	41.000
108.970000	109.330000	53.000
108.970000	109.010000	48.000
109.060000	109.980000	77.000
109.060000	109.330000	41.000
109.170000	109.330000	48.000
109.380000	109.550000	49.000
109.380000	109.550000	48.000
109.380000	109.550000	44.000
109.380000	109.550000	39.000
109.600000	110.620000	65.000
109.600000	110.190000	60.000
109.600000	109.980000	56.000
109.600000	109.980000	29.000
110.030000	110.400000	77.000
110.030000	110.190000	68.000
110.030000	110.190000	56.000
110.240000	110.400000	70.000
110.240000	110.400000	55.000
110.240000	110.400000	48.000
110.240000	110.400000	39.000
110.450000	111.050000	77.000
110.450000	110.830000	41.000
110.450000	110.620000	56.000
110.670000	111.050000	68.000
110.670000	111.050000	65.000
110.670000	110.830000	60.000
110.670000	110.830000	29.000
110.880000	111.050000	56.000
110.880000	111.050000	48.000
110.880000	111.050000	41.000
111.100000	111.180000	67.000
111.100000	111.180000	65.000
111.100000	111.180000	58.000
111.230000	111.280000	48.000
111.230000	111.280000	46.000
111.230000	111.280000	39.000
111.450000	111.900000	65.000
111.450000	111.900000	60.000
111.450000	111.900000	56.000
111.450000	111.900000	29.000
111.770000	112.370000	75.000
111.950000	112.990000	65.000
111.950000	112.370000	48.000
111.950000	112.140000	27.000
112.190000	112.990000	60.000
112.190000	112.760000	29.000
112.420000	112.990000	75.000
112.420000	112.760000	48.000
112.420000	112.760000	41.000
112.810000	112.990000	46.000
113.040000	113.420000	68.000
113.040000	113.320000	29.000
113.040000	113.230000	65.000
113.280000	113.630000	65.000
113.470000	115.340000	72.000
113.470000	113.630000	77.000
113.470000	113.630000	56.000
113.470000	113.630000	41.000
113.680000	114.290000	41.000
113.680000	113.860000	91.000
113.680000	113.860000	55.000
113.680000	113.860000	48.000
113.680000	113.860000	46.000
113.910000	114.490000	68.000
113.910000	114.490000	65.000
113.910000	114.490000	29.000
113.910000	114.090000	60.000
114.140000	114.490000	60.000
114.340000	115.340000	53.000
114.340000	114.490000	48.000
114.340000	114.490000	41.000
114.540000	114.720000	55.000
114.540000	114.720000	46.000
114.540000	114.720000	39.000
114.770000	115.340000	41.000
114.770000	115.130000	56.000
114.770000	115.130000	48.000
114.980000	115.560000	60.000
114.980000	115.340000	29.000
114.980000	115.130000	65.000
114.980000	115.130000	44.000
115.180000	115.340000	65.000
115.180000	115.340000	56.000
115.390000	115.560000	58.000
115.390000	115.560000	51.000
115.610000	116.210000	60.000
115.610000	116.210000	29.000
115.610000	116.010000	56.000
115.840000	116.010000	65.000
116.060000	116.210000	56.000
116.060000	116.210000	53.000
116.060000	116.210000	41.000
116.260000	116.430000	60.000
116.260000	116.430000	55.000
116.260000	116.430000	39.000
116.530000	117.060000	53.000
116.530000	116.860000	56.000
116.530000	116.650000	48.000
116.700000	117.060000	77.000
116.700000	117.060000	72.000
116.700000	117.060000	41.000
116.910000	117.060000	56.000
117.110000	117.280000	55.000
117.110000	117.280000	46.000
117.110000	117.280000	39.000
117.330000	117.930000	65.000
117.330000	117.710000	56.000
117.330000	117.530000	60.000
117.330000	117.530000	29.000
117.580000	117.930000	60.000
117.580000	117.930000	53.000
117.760000	117.930000	77.000
117.760000	117.930000	56.000
117.760000	117.930000	41.000
117.980000	118.060000	53.000
118.110000	118.170000	55.000
118.110000	118.170000	48.000
118.220000	118.790000	68.000
118.220000	118.790000	48.000
118.220000	118.790000	41.000
118.450000	118.790000	77.000
118.840000	119.660000	53.000
118.840000	119.240000	87.000
118.840000	119.010000	46.000
118.840000	119.010000	39.000
119.060000	120.090000	65.000
119.060000	119.450000	68.000
119.060000	119.450000	29.000
119.290000	119.450000	87.000
119.290000	119.450000	36.000
119.500000	119.660000	87.000
119.500000	119.660000	41.000
119.710000	120.090000	86.000
119.710000	119.880000	53.000
119.710000	119.880000	46.000
119.710000	119.880000	39.000
119.930000	120.510000	53.000
119.930000	120.310000	84.000
120.140000	120.950000	65.000
120.140000	120.510000	60.000
120.140000	120.510000	56.000
120.140000	120.510000	29.000
120.360000	120.950000	84.000
120.360000	120.730000	77.000
120.360000	120.510000	48.000
120.360000	120.510000	41.000
120.560000	121.590000	53.000
120.560000	120.730000	55.000
120.780000	121.160000	77.000
120.780000	121.160000	56.000
120.780000	120.950000	41.000
121.000000	121.590000	65.000
121.000000	121.370000	68.000
121.000000	121.160000	48.000
121.210000	121.810000	77.000
121.210000	121.590000	41.000
121.210000	121.370000	72.000
121.210000	121.370000	56.000
121.420000	121.590000	46.000
121.640000	121.810000	65.000
121.640000	121.810000	60.000
121.640000	121.740000	56.000
121.790000	122.010000	56.000
121.790000	122.010000	41.000
121.860000	122.450000	65.000
121.860000	122.220000	60.000
121.860000	122.220000	29.000
122.060000	122.220000	72.000
122.060000	122.220000	41.000
122.270000	122.690000	68.000
122.270000	122.450000	82.000
122.270000	122.450000	61.000
122.270000	122.450000	46.000
122.270000	122.450000	36.000
122.500000	123.930000	60.000
122.500000	123.320000	65.000
122.500000	122.880000	29.000
122.740000	123.100000	84.000
122.740000	123.100000	68.000
122.740000	123.100000	53.000
122.740000	123.100000	41.000
122.930000	123.930000	72.000
122.930000	123.100000	56.000
123.150000	123.320000	51.000
123.150000	123.320000	48.000
123.150000	123.320000	46.000
123.150000	123.320000	39.000
123.370000	124.420000	65.000
123.370000	123.930000	56.000
123.370000	123.530000	29.000
123.580000	124.170000	41.000
123.580000	123.930000	68.000
123.790000	124.170000	77.000
123.790000	123.930000	48.000
123.980000	124.170000	55.000
123.980000	124.170000	46.000
123.980000	124.170000	39.000
124.220000	124.810000	77.000
124.220000	124.810000	41.000
124.220000	124.380000	56.000
124.470000	124.810000	65.000
124.470000	124.590000	60.000
124.470000	124.590000	29.000
124.640000	125.890000	89.000
124.640000	124.810000	56.000
124.640000	124.810000	53.000
124.860000	125.030000	79.000
124.860000	125.030000	48.000
124.860000	125.030000	46.000
124.860000	125.030000	41.000
125.080000	125.650000	77.000
125.080000	125.280000	60.000
125.080000	125.280000	29.000
125.330000	125.650000	60.000
125.330000	125.650000	29.000
125.330000	125.440000	65.000
125.490000	126.100000	65.000
125.490000	125.650000	56.000
125.700000	126.730000	72.000
125.700000	126.610000	77.000
125.700000	125.890000	46.000
125.700000	125.890000	41.000
125.700000	125.890000	39.000
125.940000	126.320000	41.000
125.940000	126.320000	36.000
126.150000	126.610000	65.000
126.150000	126.400000	60.000
126.150000	126.320000	56.000
126.150000	126.320000	29.000
126.370000	126.610000	53.000
126.450000	126.540000	60.000
126.450000	126.540000	29.000
126.660000	126.810000	48.000
126.660000	126.810000	41.000
126.860000	127.200000	66.000
126.860000	127.200000	61.000
126.860000	127.200000	56.000
126.860000	127.200000	30.000
127.470000	127.820000	60.000
127.470000	127.610000	54.000
127.660000	127.820000	56.000
127.870000	128.040000	54.000
128.090000	128.260000	85.000
128.090000	128.260000	61.000
128.520000	128.920000	54.000
128.720000	128.920000	60.000
128.970000	129.120000	56.000
128.970000	129.120000	42.000
129.170000	129.300000	66.000
129.170000	129.300000	61.000
129.420000	129.980000	42.000
129.640000	130.470000	54.000
129.640000	129.780000	61.000
129.830000	129.980000	56.000
130.030000	130.330000	66.000
130.030000	130.330000	61.000
130.030000	130.330000	30.000
130.250000	130.470000	49.000
130.250000	130.330000	42.000
130.380000	130.630000	66.000
130.380000	130.470000	30.000
130.520000	130.630000	54.000
130.520000	130.630000	38.000
130.900000	131.270000	60.000
130.900000	131.060000	54.000
130.900000	131.060000	42.000
131.110000	131.270000	56.000
131.320000	131.910000	66.000
131.320000	131.470000	37.000
131.520000	131.910000	61.000
131.520000	131.700000	54.000
131.750000	131.910000	57.000
131.960000	132.550000	54.000
132.190000	132.360000	60.000
133.040000	133.220000	42.000
133.180000	133.420000	66.000
133.270000	133.640000	61.000
133.270000	133.420000	54.000
133.470000	133.640000	66.000
133.690000	134.160000	61.000
133.690000	134.160000	30.000
133.690000	134.070000	66.000
134.120000	134.160000	42.000
134.210000	134.490000	54.000
134.340000	134.490000	91.000
134.340000	134.490000	60.000
134.340000	134.490000	42.000
134.540000	134.700000	76.000
134.830000	134.940000	54.000
134.990000	135.140000	61.000
135.190000	135.420000	54.000
135.190000	135.340000	57.000
135.470000	135.990000	54.000
135.630000	135.990000	60.000
135.860000	135.990000	56.000
136.040000	136.630000	54.000
136.740000	136.850000	56.000
136.900000	137.530000	42.000
136.900000	137.280000	78.000
136.900000	137.080000	49.000
137.130000	137.360000	49.000
137.330000	137.530000	61.000
137.330000	137.360000	30.000
137.410000	137.530000	49.000
137.580000	137.950000	54.000
137.580000	137.950000	38.000
137.580000	137.750000	34.000
137.800000	138.210000	60.000
137.800000	137.950000	91.000
138.440000	138.600000	61.000
138.440000	138.600000	54.000
138.650000	138.790000	61.000
138.650000	138.790000	57.000
138.840000	140.530000	54.000
139.080000	139.880000	42.000
139.080000	139.230000	79.000
139.280000	139.440000	49.000
139.490000	139.660000	78.000
139.710000	140.300000	66.000
139.710000	139.880000	30.000
139.930000	140.150000	42.000
140.200000	140.530000	49.000
140.200000	140.530000	42.000
140.350000	140.530000	66.000
140.350000	140.530000	61.000
140.350000	140.530000	30.000
140.580000	141.400000	41.000
140.580000	141.170000	81.000
140.580000	140.780000	56.000
140.830000	141.640000	65.000
140.830000	141.170000	68.000
140.830000	141.170000	29.000
141.220000	141.400000	67.000
141.220000	141.400000	53.000
141.220000	141.400000	46.000
141.450000	142.040000	56.000
141.450000	141.840000	53.000
141.450000	141.840000	48.000
141.690000	142.040000	60.000
141.690000	141.840000	65.000
141.690000	141.840000	29.000
141.890000	142.700000	65.000
141.890000	142.040000	53.000
141.890000	142.040000	48.000
142.090000	142.280000	46.000
142.090000	142.280000	39.000
142.330000	142.900000	60.000
142.330000	142.700000	56.000
142.330000	142.480000	29.000
142.530000	142.900000	29.000
142.750000	143.350000	65.000
142.750000	142.900000	56.000
142.950000	143.750000	53.000
142.950000	143.120000	58.000
142.950000	143.120000	49.000
142.950000	143.120000	27.000
143.170000	143.750000	68.000
143.170000	143.550000	72.000
143.170000	143.550000	41.000
143.400000	143.980000	60.000
143.400000	143.750000	65.000
143.400000	143.750000	29.000
143.600000	144.610000	72.000
143.600000	143.750000	56.000
143.600000	143.750000	41.000
143.800000	144.200000	48.000
143.800000	143.980000	55.000
143.800000	143.980000	51.000
143.800000	143.980000	46.000
143.800000	143.980000	39.000
144.030000	144.400000	65.000
144.030000	144.400000	60.000
144.030000	144.400000	56.000
144.030000	144.200000	29.000
144.250000	144.610000	77.000
144.250000	144.610000	68.000
144.250000	144.400000	37.000
144.450000	144.610000	65.000
144.450000	144.610000	56.000
144.450000	144.610000	48.000
144.450000	144.610000	41.000
144.660000	144.920000	39.000
144.660000	144.840000	55.000
144.660000	144.840000	46.000
144.890000	144.920000	68.000
144.970000	145.470000	68.000
144.970000	145.270000	41.000
144.970000	145.050000	48.000
145.100000	145.470000	65.000
145.100000	145.470000	60.000
145.100000	145.470000	56.000
145.100000	145.470000	29.000
145.320000	145.470000	53.000
145.320000	145.470000	41.000
145.520000	145.700000	46.000
145.520000	145.700000	39.000
145.520000	145.700000	36.000
145.750000	146.330000	29.000
145.750000	145.920000	65.000
145.750000	145.920000	60.000
145.970000	146.570000	65.000
145.970000	146.330000	60.000
145.970000	146.130000	56.000
146.180000	148.040000	84.000
146.180000	146.570000	53.000
146.180000	146.330000	48.000
146.180000	146.330000	41.000
146.380000	147.190000	72.000
146.380000	147.000000	77.000
146.380000	146.570000	41.000
146.380000	146.570000	27.000
146.620000	147.640000	53.000
146.620000	147.420000	65.000
146.830000	147.190000	60.000
146.830000	147.190000	29.000
146.830000	147.000000	68.000
147.050000	147.850000	41.000
147.050000	147.190000	77.000
147.050000	147.190000	48.000
147.240000	148.900000	77.000
147.240000	148.520000	72.000
147.240000	147.420000	39.000
147.470000	148.270000	65.000
147.470000	147.850000	60.000
147.470000	147.640000	29.000
147.690000	148.710000	53.000
147.690000	148.040000	48.000
147.690000	147.850000	56.000
147.900000	148.270000	60.000
147.900000	148.040000	41.000
148.090000	148.710000	41.000
148.090000	148.520000	48.000
148.090000	148.270000	84.000
148.090000	148.270000	46.000
148.320000	149.780000	60.000
148.320000	148.900000	29.000
148.320000	148.520000	67.000
148.320000	148.520000	65.000
148.320000	148.520000	44.000
148.570000	151.100000	65.000
148.760000	148.900000	67.000
148.760000	148.900000	63.000
148.950000	150.870000	72.000
148.950000	149.130000	46.000
148.950000	149.130000	41.000
148.950000	149.130000	39.000
149.180000	149.780000	48.000
149.180000	149.780000	41.000
149.180000	149.380000	84.000
149.180000	149.380000	77.000
149.430000	150.220000	77.000
149.430000	149.570000	56.000
149.830000	150.010000	84.000
149.830000	150.010000	61.000
149.830000	150.010000	53.000
149.830000	150.010000	48.000
149.830000	150.010000	46.000
150.060000	150.640000	48.000
150.060000	150.220000	63.000
150.060000	150.220000	41.000
150.270000	150.870000	77.000
150.270000	150.870000	41.000
150.270000	150.640000	56.000
150.690000	150.870000	51.000
150.690000	150.870000	46.000
150.690000	150.870000	39.000
150.920000	151.500000	56.000
150.920000	151.290000	77.000
150.920000	151.290000	48.000
150.920000	151.290000	41.000
151.150000	151.730000	60.000
151.150000	151.500000	65.000
151.150000	151.290000	29.000
151.340000	151.500000	77.000
151.340000	151.500000	72.000
151.340000	151.500000	68.000
151.340000	151.500000	63.000
151.340000	151.500000	41.000
151.550000	152.350000	53.000
151.550000	151.730000	55.000
151.550000	151.730000	51.000
151.550000	151.730000	48.000
151.550000	151.730000	46.000
151.780000	152.590000	65.000
151.780000	151.950000	56.000
151.780000	151.950000	29.000
152.000000	152.800000	63.000
152.000000	152.350000	56.000
152.000000	152.350000	41.000
152.200000	152.350000	48.000
152.400000	152.800000	53.000
152.400000	152.590000	46.000
152.400000	152.590000	39.000
152.640000	152.800000	48.000
152.640000	152.800000	44.000
152.640000	152.800000	41.000
152.850000	153.220000	53.000
152.850000	153.020000	56.000
153.070000	153.220000	63.000
153.070000	153.220000	56.000
153.070000	153.220000	48.000
153.270000	153.440000	49.000
153.270000	153.440000	48.000
153.270000	153.440000	39.000
153.490000	153.670000	56.000
153.490000	153.670000	41.000
153.720000	154.310000	60.000
153.720000	153.870000	56.000
153.720000	153.870000	29.000
153.920000	154.310000	72.000
153.920000	154.070000	56.000
153.920000	154.070000	41.000
154.120000	154.310000	65.000
154.120000	154.310000	39.000
154.120000	154.310000	36.000
154.360000	155.160000	65.000
154.360000	154.920000	60.000
154.360000	154.920000	29.000
154.360000	154.740000	68.000
154.580000	154.920000	56.000
154.790000	154.920000	68.000
154.790000	154.920000	48.000
154.790000	154.920000	41.000
154.970000	155.160000	55.000
154.970000	155.160000	46.000
154.970000	155.160000	39.000
155.210000	155.800000	65.000
155.210000	155.800000	60.000
155.210000	155.800000	29.000
155.210000	155.390000	56.000
155.440000	155.800000	56.000
155.440000	155.800000	48.000
155.440000	155.800000	41.000
155.850000	156.020000	64.000
155.850000	156.020000	55.000
155.850000	156.020000	53.000
155.850000	156.020000	46.000
155.850000	156.020000	39.000
156.070000	156.240000	53.000
156.070000	156.240000	48.000
156.290000	157.310000	84.000
156.290000	156.890000	53.000
156.290000	156.660000	29.000
156.510000	156.660000	41.000
156.710000	156.890000	48.000
156.710000	156.890000	39.000
156.940000	158.470000	53.000
157.140000	157.980000	41.000
157.140000	157.530000	56.000
157.360000	158.620000	72.000
157.360000	157.980000	77.000
157.580000	157.770000	48.000
157.580000	157.720000	58.000
157.820000	158.370000	65.000
157.820000	158.370000	60.000
157.820000	158.370000	29.000
157.820000	157.980000	44.000
158.030000	160.980000	77.000
158.030000	158.470000	48.000
158.030000	158.470000	41.000
158.420000	159.050000	60.000
158.420000	158.470000	65.000
158.520000	159.880000	65.000
158.520000	159.230000	48.000
158.520000	158.620000	27.000
158.670000	159.230000	56.000
158.670000	159.230000	29.000
158.670000	159.050000	72.000
158.670000	159.050000	67.000
158.670000	159.050000	36.000
159.100000	159.230000	67.000
159.100000	159.230000	60.000
159.280000	159.720000	84.000
159.280000	159.470000	53.000
159.280000	159.470000	48.000
159.520000	160.120000	53.000
159.520000	159.720000	68.000
159.770000	159.880000	60.000
159.840000	160.120000	41.000
159.930000	160.360000	65.000
159.930000	160.360000	60.000
159.930000	160.120000	29.000
160.170000	160.980000	53.000
160.170000	160.360000	84.000
160.170000	160.360000	48.000
160.170000	160.360000	46.000
160.170000	160.360000	39.000
160.410000	161.410000	65.000
160.410000	161.220000	63.000
160.410000	160.980000	60.000
160.410000	160.980000	56.000
160.410000	160.980000	29.000
161.030000	161.220000	53.000
161.030000	161.220000	51.000
161.270000	161.820000	53.000
161.270000	161.640000	68.000
161.460000	161.820000	72.000
161.460000	161.640000	65.000
161.460000	161.640000	56.000
161.460000	161.640000	29.000
161.690000	161.820000	65.000
161.690000	161.820000	56.000
161.690000	161.820000	29.000
161.870000	162.050000	64.000
161.870000	162.050000	55.000
161.870000	162.050000	46.000
161.870000	162.050000	39.000
162.100000	162.920000	41.000
162.100000	162.260000	48.000
162.310000	162.670000	56.000
162.530000	162.670000	72.000
162.720000	162.920000	58.000
162.720000	162.920000	56.000
162.720000	162.920000	48.000
162.720000	162.920000	27.000
162.970000	163.550000	56.000
162.970000	163.340000	48.000
162.970000	163.340000	41.000
163.190000	163.550000	60.000
163.190000	163.550000	29.000
163.390000	163.550000	48.000
163.390000	163.550000	41.000
163.600000	164.000000	60.000
163.600000	163.770000	61.000
163.600000	163.770000	58.000
163.600000	163.770000	51.000
163.820000	164.410000	72.000
163.820000	164.410000	29.000
164.050000	164.410000	65.000
164.050000	164.410000	60.000
164.050000	164.410000	56.000
164.250000	164.410000	53.000
164.250000	164.410000	48.000
164.250000	164.410000	41.000
164.460000	164.850000	48.000
164.460000	164.630000	55.000
164.460000	164.630000	46.000
164.460000	164.630000	39.000
164.680000	165.260000	53.000
164.680000	165.060000	56.000
164.680000	164.850000	36.000
164.900000	165.810000	65.000
164.900000	165.260000	68.000
164.900000	165.260000	60.000
164.900000	165.260000	29.000
165.110000	165.260000	72.000
165.110000	165.260000	56.000
165.110000	165.260000	41.000
165.310000	166.130000	53.000
165.310000	165.480000	55.000
165.310000	165.480000	51.000
165.310000	165.480000	46.000
165.530000	165.910000	41.000
165.530000	165.710000	56.000
165.760000	166.130000	56.000
165.860000	166.130000	65.000
165.860000	166.130000	29.000
165.960000	166.130000	77.000
165.960000	166.130000	68.000
165.960000	166.130000	48.000
165.960000	166.130000	41.000
166.180000	166.350000	76.000
166.180000	166.350000	46.000
166.180000	166.350000	39.000
166.180000	166.350000	36.000
166.400000	167.850000	77.000
166.400000	166.980000	29.000
166.400000	166.790000	81.000
166.400000	166.790000	68.000
166.400000	166.790000	60.000
166.400000	166.790000	37.000
166.840000	167.220000	60.000
166.840000	167.220000	53.000
166.840000	166.980000	48.000
167.030000	168.080000	48.000
167.030000	167.220000	84.000
167.030000	167.220000	27.000
167.270000	168.310000	60.000
167.270000	167.850000	53.000
167.270000	167.430000	67.000
167.270000	167.430000	30.000
167.480000	168.310000	65.000
167.480000	167.850000	56.000
167.480000	167.850000	29.000
167.900000	168.720000	72.000
167.900000	168.520000	77.000
167.900000	168.080000	46.000
167.900000	168.080000	39.000
167.900000	168.080000	36.000
168.130000	168.520000	41.000
168.360000	168.950000	65.000
168.360000	168.950000	60.000
168.360000	168.720000	56.000
168.360000	168.720000	29.000
168.570000	168.950000	84.000
168.570000	168.950000	41.000
168.570000	168.720000	77.000
168.570000	168.720000	48.000
168.770000	169.640000	72.000
168.770000	169.160000	77.000
168.770000	168.950000	46.000
169.000000	169.640000	60.000
169.000000	169.450000	65.000
169.000000	169.380000	29.000
169.000000	169.160000	67.000
169.210000	169.560000	48.000
169.210000	169.450000	77.000
169.210000	169.450000	56.000
169.210000	169.450000	41.000
169.430000	169.450000	29.000
169.500000	169.640000	41.000
169.690000	170.030000	48.000
169.690000	169.800000	46.000
169.690000	169.800000	39.000
169.850000	170.450000	65.000
169.850000	170.450000	60.000
169.850000	170.450000	56.000
169.850000	170.240000	29.000
169.850000	170.030000	51.000
170.290000	170.450000	81.000
170.290000	170.450000	77.000
170.290000	170.450000	63.000
170.290000	170.450000	41.000
170.500000	171.300000	53.000
170.500000	170.680000	67.000
170.500000	170.680000	27.000
170.730000	171.090000	56.000
170.730000	171.090000	48.000
170.730000	171.090000	41.000
170.940000	171.300000	65.000
170.940000	171.300000	60.000
170.940000	171.300000	29.000
171.140000	171.530000	63.000
171.140000	171.300000	56.000
171.140000	171.300000	41.000
171.350000	171.530000	55.000
171.350000	171.530000	53.000
171.350000	171.530000	46.000
171.350000	171.530000	39.000
171.580000	172.160000	53.000
171.580000	171.940000	63.000
171.580000	171.940000	56.000
171.580000	171.940000	48.000
171.800000	172.160000	41.000
171.990000	172.160000	72.000
171.990000	172.160000	56.000
172.210000	172.390000	49.000
172.210000	172.390000	46.000
172.210000	172.390000	39.000
172.440000	173.000000	53.000
172.440000	172.810000	56.000
172.440000	172.810000	48.000
172.650000	173.460000	65.000
172.650000	173.250000	60.000
172.650000	173.000000	29.000
172.860000	173.000000	56.000
172.860000	173.000000	48.000
172.860000	173.000000	41.000
173.050000	173.660000	56.000
173.050000	173.250000	67.000
173.050000	173.250000	58.000
173.050000	173.250000	53.000
173.050000	173.250000	27.000
173.300000	173.880000	60.000
173.300000	173.880000	53.000
173.510000	174.760000	65.000
173.510000	173.660000	29.000
173.710000	173.880000	68.000
173.710000	173.880000	56.000
173.710000	173.880000	41.000
173.930000	174.110000	55.000
173.930000	174.110000	46.000
173.930000	174.110000	39.000
174.160000	174.760000	53.000
174.160000	174.540000	48.000
174.160000	174.340000	56.000
174.390000	175.410000	41.000
174.390000	174.760000	72.000
174.390000	174.760000	56.000
174.390000	174.760000	29.000
174.810000	175.210000	48.000
174.810000	174.980000	55.000
174.810000	174.980000	39.000
175.030000	176.060000	60.000
175.030000	175.600000	29.000
175.030000	175.210000	65.000
175.260000	176.060000	65.000
175.260000	175.410000	68.000
175.460000	178.320000	72.000
175.460000	175.600000	77.000
175.460000	175.600000	41.000
175.650000	176.460000	77.000
175.650000	175.850000	48.000
175.650000	175.850000	41.000
175.650000	175.850000	39.000
175.900000	177.330000	53.000
175.900000	176.060000	48.000
176.110000	177.990000	65.000
176.110000	176.460000	60.000
176.110000	176.460000	29.000
176.110000	176.260000	56.000
176.310000	176.460000	67.000
176.310000	176.460000	63.000
176.510000	176.690000	77.000
176.510000	176.690000	48.000
176.510000	176.690000	46.000
176.510000	176.690000	41.000
176.740000	177.560000	84.000
176.740000	177.330000	48.000
176.740000	177.330000	41.000
176.740000	177.120000	77.000
176.740000	176.920000	44.000
177.170000	177.800000	77.000
177.170000	177.330000	56.000
177.380000	177.560000	53.000
177.380000	177.560000	48.000
177.380000	177.560000	46.000
177.610000	178.200000	53.000
177.610000	178.200000	48.000
177.850000	178.200000	77.000
177.850000	178.200000	60.000
177.850000	178.200000	29.000
177.850000	177.990000	67.000
177.850000	177.990000	56.000
178.040000	178.320000	65.000
178.250000	178.320000	53.000
178.370000	178.400000	63.000
178.370000	178.400000	41.000
178.450000	179.000000	82.000
178.450000	178.850000	66.000
178.450000	178.850000	61.000
178.450000	178.850000	46.000
178.450000	178.850000	30.000
178.900000	179.290000	58.000
178.900000	179.000000	66.000
179.050000	179.290000	82.000
179.050000	179.290000	66.000
179.190000	179.290000	70.000
179.340000	179.720000	72.000
179.340000	179.720000	66.000
179.340000	179.720000	60.000
179.770000	180.150000	72.000
179.770000	180.150000	66.000
179.770000	180.150000	60.000
180.200000	181.010000	73.000
180.200000	180.590000	66.000
180.200000	180.590000	61.000
180.640000	181.010000	70.000
180.640000	181.010000	66.000
180.640000	181.010000	58.000
181.060000	181.990000	72.000
181.060000	181.990000	66.000
181.060000	181.250000	60.000
181.300000	182.300000	54.000
181.300000	181.870000	60.000
181.510000	182.300000	78.000
181.510000	181.670000	42.000
181.720000	181.870000	85.000
181.720000	181.870000	49.000
182.040000	182.590000	82.000
182.040000	182.440000	66.000
182.040000	182.300000	61.000
182.040000	182.300000	46.000
182.040000	182.300000	30.000
182.350000	183.150000	54.000
182.350000	182.740000	58.000
182.490000	182.740000	70.000
182.490000	182.590000	66.000
182.640000	182.740000	82.000
182.640000	182.740000	66.000
182.790000	183.150000	72.000
182.790000	183.150000	66.000
182.790000	183.150000	60.000
183.200000	183.580000	72.000
183.200000	183.580000	66.000
183.200000	183.580000	60.000
183.200000	183.580000	54.000
183.630000	185.120000	54.000
183.630000	184.450000	73.000
183.630000	184.020000	66.000
183.630000	184.020000	61.000
184.070000	184.450000	70.000
184.070000	184.450000	66.000
184.070000	184.450000	58.000
184.500000	185.260000	66.000
184.500000	185.120000	72.000
184.500000	184.910000	60.000
184.750000	184.910000	30.000
184.960000	185.330000	60.000
185.170000	185.260000	54.000
185.310000	185.330000	42.000
185.380000	187.040000	70.000
185.380000	185.570000	39.000
185.380000	185.570000	30.000
185.620000	187.040000	46.000
185.620000	187.040000	39.000
185.620000	186.200000	82.000
185.620000	186.200000	78.000
185.620000	186.200000	75.000
185.950000	186.620000	66.000
186.250000	187.040000	75.000
186.250000	186.620000	82.000
186.250000	186.620000	78.000
186.250000	186.620000	72.000
186.670000	188.130000	51.000
186.670000	187.900000	78.000
186.670000	187.470000	82.000
186.670000	187.040000	72.000
186.670000	187.040000	66.000
187.090000	188.190000	39.000
187.090000	187.900000	70.000
187.090000	187.470000	75.000
187.090000	187.470000	73.000
187.090000	187.470000	66.000
187.520000	187.900000	75.000
187.520000	187.900000	66.000
187.950000	188.190000	60.000
187.950000	188.130000	66.000
187.950000	188.130000	46.000
188.240000	188.570000	60.000
188.240000	188.510000	39.000
188.240000	188.370000	46.000
188.420000	188.570000	51.000
188.660000	189.180000	39.000
188.800000	189.330000	66.000
188.800000	189.180000	63.000
188.800000	189.180000	58.000
188.800000	189.180000	27.000
189.230000	189.630000	54.000
189.230000	189.470000	58.000
189.230000	189.330000	51.000
189.380000	189.470000	70.000
189.380000	189.470000	66.000
189.520000	190.050000	70.000
189.520000	189.630000	66.000
189.520000	189.630000	58.000
189.680000	190.470000	84.000
189.680000	190.050000	72.000
189.680000	190.050000	66.000
189.680000	190.050000	60.000
189.680000	190.050000	54.000
189.680000	190.050000	39.000
190.100000	190.870000	54.000
190.100000	190.470000	72.000
190.100000	190.470000	66.000
190.100000	190.470000	60.000
190.520000	190.910000	66.000
190.520000	190.870000	73.000
190.520000	190.870000	61.000
190.960000	191.570000	54.000
190.960000	191.340000	66.000
190.960000	191.340000	58.000
191.390000	192.000000	60.000
191.390000	191.860000	72.000
191.390000	191.570000	66.000
191.620000	191.800000	39.000
191.910000	193.110000	72.000
191.910000	192.220000	39.000
192.050000	193.110000	60.000
192.050000	192.220000	66.000
192.270000	198.470000	34.000
192.270000	195.790000	65.000
192.270000	193.110000	74.000
192.270000	193.110000	56.000
192.270000	193.110000	51.000
193.160000	193.550000	70.000
193.160000	193.550000	61.000
193.600000	194.450000	60.000
193.600000	194.450000	56.000
193.600000	194.450000	51.000
194.500000	194.900000	70.000
194.500000	194.900000	68.000
194.500000	194.900000	61.000
194.950000	197.130000	53.000
194.950000	197.130000	46.000
194.950000	195.790000	68.000
194.950000	195.790000	63.000
194.950000	195.790000	60.000
194.950000	195.790000	56.000
195.840000	199.360000	58.000
195.840000	197.590000	65.000
195.840000	197.590000	61.000
197.180000	200.700000	53.000
197.180000	200.700000	46.000
197.640000	199.360000	65.000
199.410000	200.260000	63.000
199.410000	200.260000	60.000
199.410000	200.260000	56.000
199.410000	200.260000	51.000
200.310000	200.700000	65.000
200.310000	200.700000	61.000
200.750000	202.640000	53.000
200.750000	201.590000	63.000
200.750000	201.590000	60.000
200.750000	201.590000	51.000
200.750000	201.380000	56.000
201.430000	202.640000	46.000
201.430000	202.040000	68.000
201.640000	202.040000	77.000
201.640000	202.040000	61.000
202.090000	202.940000	66.000
202.090000	202.940000	63.000
202.090000	202.940000	60.000
202.090000	202.940000	56.000
202.090000	202.940000	51.000
202.090000	202.640000	68.000
202.690000	202.940000	68.000
202.990000	206.500000	58.000
202.990000	204.720000	53.000
202.990000	203.830000	84.000
202.990000	203.830000	73.000
202.990000	203.830000	42.000
203.880000	204.280000	61.000
204.330000	205.170000	61.000
204.330000	204.720000	77.000
204.770000	206.290000	53.000
204.770000	205.610000	77.000
205.220000	206.500000	70.000
205.220000	206.500000	65.000
205.220000	206.290000	61.000
205.220000	205.610000	34.000
205.660000	206.500000	46.000
205.660000	206.290000	77.000
206.340000	206.500000	53.000
206.550000	208.010000	53.000
206.550000	207.510000	68.000
206.550000	207.510000	60.000
206.550000	207.510000	51.000
206.550000	207.460000	58.000
206.550000	207.460000	56.000
207.560000	208.010000	68.000
207.560000	208.010000	65.000
207.560000	208.010000	61.000
207.560000	208.010000	58.000
207.560000	208.010000	46.000
208.060000	209.670000	51.000
208.060000	209.090000	68.000
208.060000	209.090000	63.000
208.060000	209.090000	60.000
209.140000	209.670000	65.000
209.140000	209.670000	61.000
209.140000	209.670000	58.000
209.140000	209.670000	53.000
209.140000	209.670000	46.000
209.720000	210.890000	60.000
209.720000	210.890000	53.000
209.720000	210.890000	51.000
209.720000	210.890000	46.000
209.720000	210.840000	87.000
209.720000	210.840000	44.000
210.940000	212.950000	68.000
210.940000	211.550000	65.000
210.940000	211.550000	61.000
210.940000	211.550000	58.000
210.940000	211.550000	53.000
210.940000	211.550000	51.000
210.940000	211.550000	46.000
211.600000	212.950000	51.000
211.600000	212.890000	80.000
211.600000	212.890000	60.000
211.600000	212.530000	87.000
211.600000	212.530000	53.000
211.600000	212.530000	46.000
211.600000	212.530000	44.000
212.580000	217.060000	34.000
212.580000	212.950000	56.000
213.000000	213.820000	70.000
213.000000	213.820000	61.000
213.000000	213.820000	53.000
213.000000	213.820000	51.000
213.000000	213.820000	46.000
213.870000	217.210000	56.000
213.870000	217.210000	37.000
213.870000	217.060000	68.000
213.870000	217.060000	60.000
213.870000	217.060000	53.000
213.870000	217.060000	51.000
213.870000	217.060000	46.000
217.110000	217.570000	49.000
217.110000	217.210000	61.000
217.260000	218.110000	66.000
217.260000	217.900000	78.000
217.260000	217.570000	70.000
217.260000	217.570000	61.000
217.260000	217.570000	30.000
217.620000	218.110000	38.000
217.620000	217.900000	34.000
217.950000	218.340000	78.000
217.950000	218.110000	42.000
218.160000	218.340000	75.000
218.160000	218.340000	68.000
218.160000	218.340000	66.000
218.160000	218.340000	59.000
218.160000	218.340000	54.000
218.390000	219.350000	54.000
218.390000	218.560000	73.000
218.390000	218.560000	70.000
218.390000	218.560000	66.000
218.390000	218.560000	61.000
218.390000	218.560000	58.000
218.610000	219.350000	66.000
218.610000	219.000000	71.000
218.610000	219.000000	68.000
218.610000	218.790000	63.000
218.610000	218.790000	59.000
218.840000	219.350000	42.000
218.840000	219.000000	49.000
218.840000	219.000000	39.000
219.050000	219.680000	58.000
219.310000	219.680000	73.000
219.400000	219.680000	72.000
219.730000	221.010000	73.000
219.730000	219.900000	38.000
219.950000	220.570000	49.000
219.950000	220.130000	70.000
219.950000	220.130000	66.000
219.950000	220.130000	61.000
219.950000	220.130000	51.000
220.180000	220.360000	61.000
220.180000	220.360000	53.000
220.410000	221.010000	61.000
220.410000	220.800000	66.000
220.410000	220.570000	58.000
220.620000	220.800000	49.000
220.620000	220.800000	42.000
220.850000	221.220000	68.000
220.850000	221.220000	59.000
220.850000	221.010000	65.000
220.850000	221.010000	54.000
221.130000	221.450000	35.000
221.130000	221.220000	49.000
221.270000	221.900000	73.000
221.270000	221.680000	58.000
221.270000	221.450000	42.000
221.560000	221.680000	34.000
221.730000	221.900000	68.000
221.730000	221.900000	65.000
221.730000	221.900000	58.000
221.730000	221.900000	42.000
221.730000	221.900000	37.000
221.950000	222.340000	65.000
221.950000	222.130000	56.000
222.180000	222.340000	37.000
222.390000	222.790000	42.000
222.390000	222.570000	49.000
222.390000	222.570000	47.000
222.620000	222.790000	73.000
222.620000	222.790000	38.000
222.620000	222.790000	35.000
222.840000	223.230000	73.000
222.840000	223.020000	42.000
222.840000	223.020000	37.000
223.070000	223.460000	70.000
223.070000	223.460000	66.000
223.070000	223.460000	58.000
223.070000	223.230000	63.000
223.070000	223.230000	49.000
223.280000	223.640000	34.000
223.280000	223.460000	49.000
223.280000	223.460000	42.000
223.510000	223.640000	37.000
223.750000	223.870000	42.000
223.750000	223.870000	35.000
223.920000	224.230000	42.000
223.920000	224.160000	49.000
223.920000	224.060000	35.000
224.210000	224.230000	49.000
224.280000	224.430000	65.000
224.480000	224.700000	66.000
224.480000	224.700000	30.000
224.650000	224.830000	54.000
224.750000	224.830000	77.000
224.880000	225.030000	78.000
225.080000	225.490000	78.000
225.080000	225.260000	38.000
225.310000	225.490000	75.000
225.310000	225.490000	71.000
225.310000	225.490000	66.000
225.310000	225.490000	59.000
225.310000	225.490000	54.000
225.540000	227.290000	54.000
225.540000	225.700000	73.000
225.540000	225.700000	66.000
225.540000	225.700000	61.000
225.540000	225.700000	58.000
225.750000	226.220000	66.000
225.750000	226.150000	68.000
225.750000	226.150000	63.000
225.750000	225.910000	71.000
225.960000	226.220000	30.000
225.960000	226.150000	71.000
225.960000	226.150000	42.000
226.270000	226.460000	66.000
226.270000	226.460000	61.000
226.270000	226.460000	30.000
226.420000	226.590000	42.000
226.640000	226.810000	73.000
226.640000	226.810000	43.000
226.860000	227.040000	73.000
226.860000	227.040000	38.000
227.090000	227.290000	49.000
227.090000	227.250000	70.000
227.090000	227.250000	66.000
227.340000	227.690000	49.000
227.340000	227.480000	68.000
227.340000	227.480000	61.000
227.340000	227.480000	59.000
227.340000	227.480000	56.000
227.530000	227.930000	66.000
227.530000	227.690000	61.000
227.530000	227.690000	58.000
227.530000	227.690000	54.000
227.820000	227.930000	42.000
227.980000	228.360000	59.000
227.980000	228.160000	65.000
227.980000	228.160000	49.000
228.210000	228.360000	68.000
228.410000	228.550000	47.000
228.410000	228.550000	42.000
228.660000	228.820000	42.000
228.660000	228.820000	34.000
228.870000	229.540000	68.000
228.870000	229.060000	37.000
229.110000	229.720000	59.000
229.110000	229.490000	37.000
229.110000	229.420000	77.000
229.110000	229.420000	73.000
229.110000	229.420000	32.000
229.590000	229.850000	35.000
229.590000	229.720000	68.000
229.770000	231.050000	61.000
229.770000	229.850000	70.000
229.990000	230.380000	49.000
229.990000	230.170000	82.000
229.990000	230.170000	42.000
230.220000	230.600000	68.000
230.220000	230.380000	65.000
230.430000	230.600000	87.000
230.430000	230.600000	49.000
230.430000	230.600000	34.000
230.650000	230.830000	78.000
230.650000	230.830000	73.000
230.650000	230.830000	42.000
230.650000	230.830000	37.000
230.880000	231.550000	42.000
230.880000	231.050000	47.000
231.100000	231.490000	30.000
231.100000	231.330000	66.000
231.100000	231.330000	61.000
231.100000	231.330000	35.000
231.600000	232.000000	68.000
231.600000	231.890000	37.000
231.600000	231.770000	73.000
231.820000	232.430000	73.000
231.820000	232.000000	65.000
231.820000	232.000000	61.000
231.940000	232.000000	49.000
232.050000	232.240000	68.000
232.050000	232.240000	65.000
232.050000	232.240000	61.000
232.290000	232.430000	68.000
232.290000	232.430000	65.000
232.290000	232.430000	61.000
232.480000	233.330000	70.000
232.480000	232.950000	46.000
232.480000	232.890000	68.000
232.480000	232.890000	63.000
232.480000	232.890000	62.000
233.000000	233.810000	39.000
233.000000	233.540000	82.000
233.000000	233.330000	75.000
233.000000	233.330000	66.000
233.000000	233.330000	46.000
233.380000	233.810000	75.000
233.380000	233.810000	60.000
233.380000	233.810000	44.000
233.590000	234.680000	56.000
233.590000	234.210000	63.000
233.590000	233.990000	68.000
233.860000	234.680000	72.000
233.860000	234.680000	60.000
233.860000	234.210000	44.000
233.860000	233.990000	75.000
234.040000	234.210000	75.000
234.040000	234.210000	68.000
234.040000	234.210000	54.000
234.260000	235.090000	77.000
234.260000	234.680000	68.000
234.260000	234.680000	41.000
234.730000	235.240000	70.000
234.730000	235.090000	65.000
234.730000	235.090000	61.000
234.730000	235.090000	34.000
235.140000	235.550000	66.000
235.140000	235.550000	61.000
235.140000	235.360000	58.000
235.140000	235.240000	51.000
235.290000	235.360000	70.000
235.410000	235.550000	70.000
235.410000	235.550000	58.000
235.410000	235.550000	51.000
235.600000	235.990000	68.000
235.600000	235.990000	60.000
235.600000	235.990000	37.000
235.600000	235.800000	53.000
235.850000	235.990000	56.000
235.850000	235.990000	53.000
235.850000	235.990000	49.000
236.040000	236.560000	70.000
236.040000	236.450000	68.000
236.040000	236.450000	58.000
236.040000	236.410000	54.000
236.040000	236.410000	51.000
236.500000	236.560000	63.000
236.610000	236.910000	70.000
236.610000	236.910000	58.000
236.610000	236.860000	43.000
236.610000	236.680000	65.000
236.610000	236.680000	61.000
236.960000	237.220000	56.000
236.960000	237.140000	60.000
236.960000	237.140000	51.000
236.960000	237.050000	68.000
237.190000	237.390000	66.000
237.190000	237.220000	60.000
237.270000	237.530000	51.000
237.270000	237.390000	56.000
237.270000	237.390000	48.000
237.440000	237.620000	66.000
237.440000	237.530000	61.000
237.580000	237.620000	75.000
237.670000	237.980000	61.000
237.670000	237.910000	65.000
237.670000	237.910000	64.000
237.670000	237.910000	63.000
237.670000	237.910000	60.000
237.670000	237.910000	52.000
238.030000	238.490000	68.000
238.030000	238.160000	65.000
238.030000	238.160000	61.000
238.210000	238.710000	44.000
238.210000	238.490000	75.000
238.210000	238.450000	61.000
238.540000	238.710000	75.000
238.540000	238.710000	72.000
238.540000	238.710000	68.000
238.760000	239.330000	49.000
238.760000	238.930000	65.000
238.980000	240.030000	61.000
238.980000	239.330000	68.000
238.980000	239.330000	65.000
238.980000	239.330000	60.000
239.380000	240.030000	85.000
239.380000	239.560000	78.000
239.380000	239.560000	59.000
239.380000	239.560000	47.000
239.610000	240.460000	75.000
239.610000	240.460000	70.000
239.610000	240.460000	58.000
239.610000	240.310000	46.000
239.610000	240.030000	80.000
239.610000	240.030000	66.000
240.080000	240.690000	51.000
240.080000	240.460000	77.000
240.360000	240.910000	39.000
240.510000	241.350000	75.000
240.510000	241.090000	84.000
240.510000	240.690000	44.000
240.740000	241.350000	68.000
240.740000	241.350000	63.000
240.740000	241.090000	72.000
240.740000	240.910000	56.000
240.960000	241.090000	60.000
240.960000	241.090000	56.000
241.140000	241.350000	56.000
241.140000	241.350000	54.000
241.400000	241.810000	77.000
241.400000	241.810000	72.000
241.400000	241.810000	68.000
241.400000	241.810000	56.000
241.400000	241.810000	41.000
241.860000	242.290000	77.000
241.860000	242.290000	46.000
241.860000	242.210000	61.000
242.260000	242.290000	34.000
242.340000	242.700000	66.000
242.340000	242.700000	61.000
242.340000	242.700000	58.000
242.340000	242.700000	54.000
242.340000	242.700000	51.000
242.750000	243.130000	72.000
242.750000	243.130000	68.000
242.750000	243.130000	65.000
242.750000	243.130000	56.000
242.750000	243.130000	41.000
242.750000	243.040000	79.000
243.090000	243.130000	60.000
243.090000	243.130000	53.000
243.180000	243.590000	70.000
243.180000	243.500000	58.000
243.180000	243.360000	51.000
243.180000	243.360000	42.000
243.410000	243.590000	63.000
243.410000	243.500000	61.000
243.550000	243.590000	58.000
243.640000	244.010000	70.000
243.640000	244.010000	66.000
243.640000	244.010000	61.000
243.640000	244.010000	58.000
243.640000	244.010000	43.000
244.060000	244.480000	68.000
244.060000	244.480000	63.000
244.060000	244.480000	60.000
244.060000	244.480000	56.000
244.060000	244.480000	54.000
244.530000	244.740000	70.000
244.530000	244.610000	63.000
244.530000	244.610000	46.000
244.660000	245.060000	63.000
244.790000	245.150000	56.000
244.790000	244.950000	70.000
244.790000	244.950000	68.000
244.790000	244.950000	58.000
245.000000	245.060000	48.000
245.000000	245.060000	44.000
245.110000	245.390000	58.000
245.200000	245.580000	65.000
245.200000	245.390000	56.000
245.440000	245.810000	61.000
245.440000	245.580000	85.000
245.440000	245.580000	49.000
245.630000	245.810000	65.000
245.630000	245.810000	49.000
245.780000	245.810000	53.000
245.860000	246.030000	71.000
245.860000	246.030000	54.000
245.860000	246.030000	38.000
246.080000	246.450000	71.000
246.080000	246.170000	66.000
246.220000	246.450000	59.000
246.220000	246.260000	68.000
246.310000	246.900000	56.000
246.420000	246.450000	66.000
246.500000	246.900000	66.000
246.500000	246.670000	44.000
246.720000	247.360000	44.000
246.720000	246.900000	60.000
246.950000	247.020000	66.000
247.070000	247.360000	53.000
247.160000	247.280000	65.000
247.160000	247.280000	56.000
247.250000	247.280000	73.000
247.330000	247.590000	56.000
247.330000	247.360000	41.000
247.410000	247.590000	53.000
247.410000	247.590000	49.000
247.640000	247.960000	71.000
247.640000	247.810000	66.000
247.640000	247.810000	50.000
247.860000	248.010000	66.000
247.860000	248.010000	59.000
248.060000	249.140000	56.000
248.060000	248.250000	66.000
248.060000	248.250000	59.000
248.060000	248.250000	26.000
248.300000	249.140000	44.000
248.300000	248.680000	71.000
248.300000	248.680000	66.000
248.300000	248.680000	60.000
248.300000	248.680000	59.000
248.300000	248.680000	51.000
248.730000	249.360000	73.000
248.730000	249.360000	68.000
248.730000	249.360000	61.000
248.730000	249.140000	53.000
249.190000	249.360000	56.000
249.190000	249.360000	53.000
249.190000	249.360000	49.000
249.410000	250.040000	62.000
249.410000	249.630000	71.000
249.410000	249.630000	66.000
249.680000	249.760000	66.000
249.680000	249.710000	71.000
249.810000	250.270000	56.000
249.810000	250.040000	71.000
249.810000	250.040000	66.000
250.090000	250.270000	68.000
250.090000	250.270000	53.000
250.090000	250.270000	37.000
250.320000	250.600000	71.000
250.320000	250.470000	38.000
250.520000	250.600000	38.000
250.650000	250.680000	56.000
250.730000	250.930000	66.000
250.730000	250.930000	62.000
250.730000	250.870000	71.000
250.980000	251.160000	80.000
250.980000	251.160000	77.000
250.980000	251.160000	44.000
250.980000	251.160000	37.000
251.210000	251.380000	38.000
251.430000	251.590000	65.000
251.640000	251.810000	54.000
251.640000	251.810000	38.000
251.860000	252.030000	68.000
251.860000	252.030000	37.000
252.290000	252.760000	68.000
252.290000	252.470000	37.000
252.520000	252.760000	53.000
252.520000	252.760000	49.000
252.520000	252.690000	56.000
252.860000	252.910000	73.000
253.020000	253.290000	78.000
253.020000	253.290000	61.000
253.020000	253.290000	30.000
253.220000	253.390000	42.000
253.340000	254.510000	66.000
253.340000	253.390000	77.000
253.440000	254.510000	78.000
253.890000	255.160000	54.000
253.890000	254.060000	75.000
253.890000	254.060000	71.000
254.110000	254.280000	73.000
254.110000	254.280000	70.000
254.110000	254.280000	61.000
254.110000	254.280000	58.000
254.330000	254.740000	63.000
254.330000	254.510000	90.000
254.330000	254.510000	68.000
254.330000	254.510000	59.000
254.330000	254.510000	56.000
254.560000	255.100000	30.000
254.560000	254.740000	75.000
254.560000	254.740000	71.000
254.790000	255.100000	73.000
254.790000	254.950000	70.000
255.210000	256.090000	61.000
255.210000	255.620000	92.000
255.210000	255.620000	38.000
255.440000	255.620000	73.000
255.440000	255.620000	42.000
255.670000	256.090000	49.000
255.670000	255.860000	70.000
255.670000	255.860000	66.000
255.670000	255.860000	58.000
255.910000	256.090000	68.000
255.910000	256.090000	37.000
256.140000	256.520000	66.000
256.140000	256.290000	61.000
256.140000	256.290000	58.000
256.340000	256.520000	54.000
256.340000	256.520000	49.000
256.570000	256.970000	65.000
256.570000	256.970000	59.000
256.570000	256.740000	68.000
256.790000	257.190000	35.000
256.790000	256.970000	80.000
257.020000	257.270000	63.000
257.020000	257.190000	58.000
257.020000	257.190000	54.000
257.020000	257.190000	47.000
257.240000	257.440000	58.000
257.320000	257.440000	66.000
257.320000	257.440000	34.000
257.490000	258.080000	68.000
257.490000	257.640000	73.000
257.490000	257.640000	37.000
257.690000	258.180000	56.000
257.690000	258.080000	65.000
257.690000	258.080000	61.000
257.870000	258.180000	87.000
257.870000	258.180000	77.000
257.870000	258.080000	44.000
257.870000	258.080000	37.000
258.130000	258.180000	68.000
258.130000	258.180000	65.000
258.230000	258.740000	78.000
258.230000	258.530000	65.000
258.230000	258.530000	49.000
258.230000	258.530000	42.000
258.230000	258.530000	38.000
258.230000	258.530000	35.000
258.580000	258.970000	66.000
258.580000	258.740000	61.000
258.670000	258.970000	54.000
258.670000	258.740000	49.000
258.790000	259.200000	63.000
258.790000	258.970000	78.000
258.790000	258.970000	58.000
258.790000	258.970000	42.000
258.790000	258.970000	37.000
259.020000	259.200000	66.000
259.020000	259.200000	58.000
259.170000	259.200000	46.000
259.250000	259.430000	68.000
259.250000	259.430000	65.000
259.250000	259.430000	38.000
259.480000	259.640000	63.000
259.480000	259.640000	54.000
259.480000	259.640000	47.000
259.690000	260.050000	49.000
259.690000	259.880000	65.000
259.690000	259.880000	35.000
259.930000	260.400000	73.000
259.930000	260.050000	68.000
259.930000	260.050000	37.000
260.140000	260.970000	66.000
260.140000	260.400000	61.000
260.140000	260.400000	30.000
260.140000	260.310000	70.000
260.360000	260.490000	42.000
260.450000	261.210000	78.000
260.540000	260.760000	37.000
260.810000	260.970000	38.000
261.020000	261.650000	54.000
261.020000	261.430000	66.000
261.020000	261.210000	75.000
261.020000	261.210000	71.000
261.020000	261.210000	59.000
261.020000	261.210000	56.000
261.260000	261.650000	78.000
261.260000	261.430000	92.000
261.260000	261.430000	70.000
261.260000	261.430000	61.000
261.260000	261.430000	58.000
261.480000	261.880000	71.000
261.480000	261.880000	63.000
261.480000	261.880000	59.000
261.480000	261.730000	68.000
261.480000	261.730000	56.000
261.480000	261.650000	66.000
261.700000	261.880000	54.000
261.780000	262.110000	42.000
261.780000	261.880000	49.000
262.010000	262.550000	54.000
262.010000	262.310000	49.000
262.010000	262.110000	58.000
262.160000	262.310000	42.000
262.360000	262.760000	92.000
262.360000	262.760000	38.000
262.360000	262.550000	61.000
262.600000	262.760000	73.000
262.600000	262.760000	61.000
262.810000	263.440000	49.000
262.810000	263.010000	70.000
262.810000	263.010000	66.000
262.810000	263.010000	63.000
262.810000	263.010000	58.000
263.060000	263.230000	56.000
263.280000	263.690000	70.000
263.280000	263.690000	66.000
263.280000	263.440000	61.000
263.280000	263.440000	54.000
263.560000	263.690000	49.000
263.560000	263.690000	42.000
263.740000	264.170000	59.000
263.740000	263.940000	68.000
263.740000	263.940000	65.000
263.990000	264.170000	68.000
263.990000	264.110000	65.000
263.990000	264.110000	35.000
264.220000	264.550000	78.000
264.220000	264.550000	63.000
264.220000	264.550000	58.000
264.220000	264.340000	47.000
264.220000	264.340000	42.000
264.390000	264.780000	54.000
264.390000	264.550000	34.000
264.600000	264.840000	68.000
264.600000	264.840000	37.000
264.600000	264.780000	77.000
264.600000	264.780000	73.000
264.600000	264.780000	42.000
264.890000	265.680000	61.000
264.890000	265.450000	65.000
264.890000	265.020000	56.000
265.070000	265.230000	68.000
265.280000	265.450000	68.000
265.280000	265.450000	59.000
265.500000	265.920000	82.000
265.500000	265.920000	78.000
265.500000	265.920000	73.000
265.500000	265.680000	42.000
265.500000	265.680000	35.000
265.730000	266.130000	61.000
265.730000	265.920000	66.000
265.860000	265.920000	54.000
265.970000	266.170000	65.000
265.970000	266.130000	49.000
266.220000	266.340000	65.000
266.220000	266.340000	49.000
266.220000	266.340000	35.000
266.390000	266.630000	85.000
266.390000	266.630000	63.000
266.390000	266.630000	58.000
266.390000	266.570000	47.000
266.680000	267.240000	54.000
266.680000	266.790000	63.000
266.680000	266.790000	58.000
266.840000	267.540000	78.000
266.840000	267.020000	63.000
266.840000	267.020000	46.000
266.840000	267.020000	42.000
267.120000	267.450000	73.000
267.120000	267.450000	42.000
267.290000	267.680000	68.000
267.290000	267.680000	59.000
267.290000	267.450000	61.000
267.290000	267.450000	54.000
267.590000	267.680000	65.000
267.590000	267.680000	35.000
267.730000	268.130000	73.000
267.730000	268.130000	66.000
267.730000	267.900000	58.000
267.950000	268.130000	63.000
267.950000	268.130000	58.000
267.950000	268.130000	54.000
268.180000	269.300000	73.000
268.180000	268.800000	77.000
268.180000	268.720000	68.000
268.180000	268.360000	42.000
268.180000	268.360000	37.000
268.180000	268.360000	34.000
268.410000	268.720000	61.000
268.410000	268.560000	65.000
268.410000	268.560000	32.000
268.610000	268.800000	65.000
268.610000	268.720000	56.000
268.770000	268.800000	68.000
268.850000	269.080000	68.000
268.850000	269.080000	61.000
268.850000	269.080000	35.000
268.850000	269.020000	71.000
268.850000	269.020000	65.000
269.130000	269.940000	61.000
269.130000	269.250000	47.000
269.350000	269.690000	73.000
269.350000	269.510000	42.000
269.560000	269.940000	68.000
269.560000	269.740000	65.000
269.560000	269.690000	38.000
269.790000	269.940000	80.000
269.790000	269.940000	65.000
269.790000	269.940000	49.000
269.790000	269.940000	35.000
269.990000	270.400000	73.000
269.990000	270.400000	66.000
269.990000	270.140000	63.000
270.190000	270.400000	63.000
270.190000	270.400000	54.000
270.190000	270.370000	58.000
270.450000	271.250000	73.000
270.450000	271.030000	66.000
270.450000	270.590000	70.000
270.640000	270.940000	70.000
270.640000	270.940000	61.000
270.640000	270.940000	54.000
270.830000	270.940000	38.000
270.990000	271.470000	68.000
271.080000	271.250000	66.000
271.080000	271.250000	59.000
271.300000	271.700000	56.000
271.300000	271.520000	71.000
271.300000	271.520000	65.000
271.300000	271.520000	38.000
271.300000	271.470000	42.000
271.300000	271.470000	35.000
271.570000	271.700000	71.000
271.570000	271.700000	68.000
271.570000	271.700000	32.000
271.750000	272.590000	73.000
271.750000	272.150000	82.000
271.750000	271.900000	42.000
271.750000	271.900000	38.000
271.950000	272.280000	70.000
271.950000	271.990000	66.000
272.040000	272.590000	66.000
272.040000	272.370000	58.000
272.330000	272.800000	63.000
272.330000	272.590000	70.000
272.420000	272.710000	58.000
272.420000	272.710000	42.000
272.420000	272.590000	49.000
272.920000	273.140000	68.000
272.920000	273.040000	71.000
273.190000	273.260000	68.000
273.190000	273.260000	37.000
273.310000	273.490000	44.000
273.310000	273.490000	37.000
273.540000	274.040000	70.000
273.540000	274.040000	66.000
273.750000	274.250000	78.000
273.750000	274.040000	42.000
273.750000	274.040000	34.000
273.750000	273.950000	82.000
274.000000	274.040000	54.000
274.090000	274.370000	70.000
274.090000	274.370000	66.000
274.090000	274.370000	63.000
274.300000	274.610000	54.000
274.300000	274.610000	49.000
274.420000	274.730000	68.000
274.420000	274.670000	73.000
274.420000	274.610000	30.000
274.780000	274.890000	68.000
274.780000	274.890000	47.000
274.780000	274.820000	65.000
274.940000	275.070000	54.000
275.200000	275.500000	54.000
275.200000	275.290000	34.000
275.340000	275.980000	73.000
275.340000	275.710000	68.000
275.340000	275.500000	65.000
275.340000	275.500000	59.000
275.550000	275.880000	54.000
275.550000	275.710000	59.000
275.760000	275.780000	68.000
275.760000	275.780000	42.000
275.830000	275.880000	35.000
275.930000	276.170000	70.000
276.090000	276.380000	54.000
276.090000	276.170000	63.000
276.090000	276.170000	58.000
276.220000	276.300000	46.000
276.220000	276.300000	42.000
276.350000	276.770000	68.000
276.430000	276.620000	65.000
276.430000	276.620000	59.000
276.430000	276.620000	54.000
276.670000	277.260000	73.000
276.670000	276.850000	35.000
276.670000	276.770000	66.000
276.820000	277.070000	63.000
276.900000	277.260000	54.000
276.900000	277.070000	58.000
277.120000	277.260000	65.000
277.310000	282.360000	73.000
277.310000	277.670000	37.000
277.310000	277.510000	68.000
277.310000	277.510000	59.000
277.560000	277.670000	78.000
277.560000	277.670000	42.000
277.720000	282.360000	68.000
277.720000	282.360000	51.000
277.720000	282.360000	34.000
277.720000	282.360000	33.000
277.720000	282.360000	30.000
