0.684989	0.684989	0.685
2.786395	2.786395	2.786
3.146304	3.146304	3.146
3.494603	3.494603	3.495
4.121542	4.121542	4.122
4.713651	4.713651	4.714
4.911020	4.911020	4.911
5.096780	5.096780	5.097
5.224490	5.224490	5.224
5.328980	5.328980	5.329
5.677279	5.677279	5.677
6.095238	6.095238	6.095
7.778685	7.778685	7.779
8.452063	8.452063	8.452
8.637823	8.637823	8.638
8.719093	8.719093	8.719
9.508571	9.508571	9.509
9.671111	9.671111	9.671
9.822041	9.822041	9.822
9.961361	9.961361	9.961
10.367710	10.367710	10.368
10.727619	10.727619	10.728
12.631655	12.631655	12.632
12.747755	12.747755	12.748
12.933515	12.933515	12.934
13.200544	13.200544	13.201
13.746213	13.746213	13.746
14.442812	14.442812	14.443
14.814331	14.814331	14.814
15.301950	15.301950	15.302
15.650249	15.650249	15.650
15.905669	15.905669	15.906
16.544218	16.544218	16.544
17.983855	17.983855	17.984
18.216054	18.216054	18.216
18.935873	18.935873	18.936
19.388662	19.388662	19.389
20.549660	20.549660	20.550
20.874739	20.874739	20.875
20.967619	20.967619	20.968
21.304308	21.304308	21.304
22.813605	22.813605	22.814
23.788844	23.788844	23.789
23.928163	23.928163	23.928
24.508662	24.508662	24.509
24.996281	24.996281	24.996
25.089161	25.089161	25.089
25.298141	25.298141	25.298
25.553560	25.553560	25.554
25.658050	25.658050	25.658
25.878639	25.878639	25.879
25.971519	25.971519	25.972
26.122449	26.122449	26.122
28.839184	28.839184	28.839
28.943673	28.943673	28.944
29.675102	29.675102	29.675
29.826032	29.826032	29.826
30.104671	30.104671	30.105
30.325261	30.325261	30.325
30.545850	30.545850	30.546
30.987029	30.987029	30.987
31.288889	31.288889	31.289
31.428209	31.428209	31.428
32.333787	32.333787	32.334
32.507937	32.507937	32.508
33.030385	33.030385	33.030
33.192925	33.192925	33.193
33.576054	33.576054	33.576
33.947574	33.947574	33.948
34.319093	34.319093	34.319
34.597732	34.597732	34.598
35.445261	35.445261	35.445
35.631020	35.631020	35.631
37.569887	37.569887	37.570
38.220045	38.220045	38.220
38.312925	38.312925	38.313
38.417415	38.417415	38.417
38.521905	38.521905	38.522
38.626395	38.626395	38.626
38.730884	38.730884	38.731
38.835374	38.835374	38.835
38.939864	38.939864	38.940
39.055964	39.055964	39.056
39.148844	39.148844	39.149
39.264943	39.264943	39.265
39.369433	39.369433	39.369
39.473923	39.473923	39.474
39.578413	39.578413	39.578
39.682902	39.682902	39.683
39.787392	39.787392	39.787
39.903492	39.903492	39.903
40.007982	40.007982	40.008
40.112472	40.112472	40.112
40.216961	40.216961	40.217
40.309841	40.309841	40.310
40.425941	40.425941	40.426
40.518821	40.518821	40.519
40.634921	40.634921	40.635
40.739410	40.739410	40.739
40.843900	40.843900	40.844
40.948390	40.948390	40.948
41.052880	41.052880	41.053
41.157370	41.157370	41.157
41.273469	41.273469	41.273
41.377959	41.377959	41.378
41.482449	41.482449	41.482
41.586939	41.586939	41.587
41.807528	41.807528	41.808
42.120998	42.120998	42.121
42.225488	42.225488	42.225
42.597007	42.597007	42.597
42.805986	42.805986	42.806
42.864036	42.864036	42.864
43.073016	43.073016	43.073
43.177506	43.177506	43.178
43.281995	43.281995	43.282
43.386485	43.386485	43.386
43.595465	43.595465	43.595
43.758005	43.758005	43.758
43.862494	43.862494	43.862
43.966984	43.966984	43.967
44.129524	44.129524	44.130
44.234014	44.234014	44.234
44.338503	44.338503	44.339
44.442993	44.442993	44.443
44.559093	44.559093	44.559
44.814512	44.814512	44.815
45.000272	45.000272	45.000
45.290522	45.290522	45.291
45.615601	45.615601	45.616
45.731701	45.731701	45.732
46.045170	46.045170	46.045
46.242540	46.242540	46.243
46.451519	46.451519	46.452
46.660499	46.660499	46.660
46.799819	46.799819	46.800
47.113288	47.113288	47.113
47.299048	47.299048	47.299
47.438367	47.438367	47.438
47.728617	47.728617	47.729
47.925986	47.925986	47.926
48.042086	48.042086	48.042
48.367166	48.367166	48.367
48.483265	48.483265	48.483
48.680635	48.680635	48.681
48.808345	48.808345	48.808
48.994104	48.994104	48.994
49.423673	49.423673	49.424
49.516553	49.516553	49.517
49.621043	49.621043	49.621
49.760363	49.760363	49.760
50.189932	50.189932	50.190
50.375692	50.375692	50.376
50.468571	50.468571	50.469
50.689161	50.689161	50.689
50.805261	50.805261	50.805
51.107120	51.107120	51.107
51.211610	51.211610	51.212
51.316100	51.316100	51.316
51.443810	51.443810	51.444
51.757279	51.757279	51.757
51.873379	51.873379	51.873
52.012698	52.012698	52.013
52.152018	52.152018	52.152
52.372608	52.372608	52.373
52.569977	52.569977	52.570
52.802177	52.802177	52.802
52.999546	52.999546	53.000
53.208526	53.208526	53.209
53.417506	53.417506	53.418
53.568435	53.568435	53.568
53.754195	53.754195	53.754
53.847075	53.847075	53.847
54.067664	54.067664	54.068
54.183764	54.183764	54.184
54.265034	54.265034	54.265
54.485624	54.485624	54.486
54.590113	54.590113	54.590
54.682993	54.682993	54.683
54.903583	54.903583	54.904
55.112562	55.112562	55.113
55.251882	55.251882	55.252
55.437642	55.437642	55.438
55.530522	55.530522	55.531
55.762721	55.762721	55.763
55.878821	55.878821	55.879
55.948481	55.948481	55.948
56.180680	56.180680	56.181
56.378050	56.378050	56.378
56.819229	56.819229	56.819
57.225578	57.225578	57.226
57.434558	57.434558	57.435
57.655147	57.655147	57.655
57.864127	57.864127	57.864
58.084717	58.084717	58.085
58.282086	58.282086	58.282
58.502676	58.502676	58.503
58.700045	58.700045	58.700
58.804535	58.804535	58.805
58.920635	58.920635	58.921
59.129615	59.129615	59.130
59.234104	59.234104	59.234
59.338594	59.338594	59.339
59.547574	59.547574	59.548
59.652063	59.652063	59.652
59.756553	59.756553	59.757
59.965533	59.965533	59.966
60.186122	60.186122	60.186
60.395102	60.395102	60.395
60.499592	60.499592	60.500
60.604082	60.604082	60.604
60.824671	60.824671	60.825
60.929161	60.929161	60.929
61.033651	61.033651	61.034
61.242630	61.242630	61.243
61.335510	61.335510	61.336
61.451610	61.451610	61.452
61.660590	61.660590	61.661
61.765079	61.765079	61.765
61.869569	61.869569	61.870
62.078549	62.078549	62.079
62.194649	62.194649	62.195
62.299138	62.299138	62.299
62.508118	62.508118	62.508
62.612608	62.612608	62.613
62.717098	62.717098	62.717
62.937687	62.937687	62.938
63.135057	63.135057	63.135
63.344036	63.344036	63.344
63.460136	63.460136	63.460
63.564626	63.564626	63.565
63.773605	63.773605	63.774
63.878095	63.878095	63.878
63.982585	63.982585	63.983
64.203175	64.203175	64.203
64.412154	64.412154	64.412
64.632744	64.632744	64.633
64.725624	64.725624	64.726
64.830113	64.830113	64.830
65.039093	65.039093	65.039
65.259683	65.259683	65.260
65.457052	65.457052	65.457
65.573152	65.573152	65.573
65.677642	65.677642	65.678
65.886621	65.886621	65.887
65.991111	65.991111	65.991
66.095601	66.095601	66.096
66.316190	66.316190	66.316
66.420680	66.420680	66.421
66.525170	66.525170	66.525
66.734150	66.734150	66.734
66.838639	66.838639	66.839
66.943129	66.943129	66.943
67.152109	67.152109	67.152
67.268209	67.268209	67.268
67.361088	67.361088	67.361
67.581678	67.581678	67.582
67.686168	67.686168	67.686
67.790658	67.790658	67.791
67.999637	67.999637	68.000
68.104127	68.104127	68.104
68.208617	68.208617	68.209
68.417596	68.417596	68.418
68.638186	68.638186	68.638
68.847166	68.847166	68.847
68.951655	68.951655	68.952
69.056145	69.056145	69.056
69.276735	69.276735	69.277
69.474104	69.474104	69.474
69.694694	69.694694	69.695
69.903673	69.903673	69.904
70.112653	70.112653	70.113
70.321633	70.321633	70.322
70.530612	70.530612	70.531
70.646712	70.646712	70.647
70.751202	70.751202	70.751
70.960181	70.960181	70.960
71.169161	71.169161	71.169
71.389751	71.389751	71.390
71.587120	71.587120	71.587
71.796100	71.796100	71.796
72.016689	72.016689	72.017
72.225669	72.225669	72.226
72.330159	72.330159	72.330
72.434649	72.434649	72.435
72.655238	72.655238	72.655
72.759728	72.759728	72.760
72.864218	72.864218	72.864
73.073197	73.073197	73.073
73.177687	73.177687	73.178
73.282177	73.282177	73.282
73.491156	73.491156	73.491
73.595646	73.595646	73.596
73.700136	73.700136	73.700
73.909116	73.909116	73.909
74.025215	74.025215	74.025
74.129705	74.129705	74.130
74.338685	74.338685	74.339
74.443175	74.443175	74.443
74.547664	74.547664	74.548
74.768254	74.768254	74.768
74.861134	74.861134	74.861
74.977234	74.977234	74.977
75.174603	75.174603	75.175
75.395193	75.395193	75.395
75.604172	75.604172	75.604
75.708662	75.708662	75.709
75.813152	75.813152	75.813
76.033741	76.033741	76.034
76.138231	76.138231	76.138
76.242721	76.242721	76.243
76.451701	76.451701	76.452
76.556190	76.556190	76.556
76.660680	76.660680	76.661
76.869660	76.869660	76.870
76.974150	76.974150	76.974
77.090249	77.090249	77.090
77.299229	77.299229	77.299
77.403719	77.403719	77.404
77.508209	77.508209	77.508
77.717188	77.717188	77.717
77.821678	77.821678	77.822
77.926168	77.926168	77.926
78.146757	78.146757	78.147
78.239637	78.239637	78.240
78.355737	78.355737	78.356
78.564717	78.564717	78.565
78.773696	78.773696	78.774
78.982676	78.982676	78.983
79.098776	79.098776	79.099
79.203265	79.203265	79.203
79.412245	79.412245	79.412
79.516735	79.516735	79.517
79.621224	79.621224	79.621
79.725714	79.725714	79.726
79.841814	79.841814	79.842
79.934694	79.934694	79.935
80.039184	80.039184	80.039
80.248163	80.248163	80.248
80.364263	80.364263	80.364
80.468753	80.468753	80.469
80.573243	80.573243	80.573
80.677732	80.677732	80.678
80.782222	80.782222	80.782
80.886712	80.886712	80.887
81.107302	81.107302	81.107
81.200181	81.200181	81.200
81.316281	81.316281	81.316
81.409161	81.409161	81.409
81.525261	81.525261	81.525
81.629751	81.629751	81.630
81.734240	81.734240	81.734
81.838730	81.838730	81.839
81.943220	81.943220	81.943
82.047710	82.047710	82.048
82.152200	82.152200	82.152
82.372789	82.372789	82.373
82.477279	82.477279	82.477
82.581769	82.581769	82.582
82.790748	82.790748	82.791
82.906848	82.906848	82.907
82.999728	82.999728	83.000
83.220317	83.220317	83.220
83.324807	83.324807	83.325
83.429297	83.429297	83.429
83.638277	83.638277	83.638
83.742766	83.742766	83.743
83.847256	83.847256	83.847
83.951746	83.951746	83.952
84.056236	84.056236	84.056
84.172336	84.172336	84.172
84.265215	84.265215	84.265
84.485805	84.485805	84.486
84.590295	84.590295	84.590
84.694785	84.694785	84.695
84.903764	84.903764	84.904
85.008254	85.008254	85.008
85.112744	85.112744	85.113
85.321723	85.321723	85.322
85.437823	85.437823	85.438
85.553923	85.553923	85.554
85.960272	85.960272	85.960
86.378231	86.378231	86.378
86.807800	86.807800	86.808
87.016780	87.016780	87.017
87.225760	87.225760	87.226
87.643719	87.643719	87.644
87.864308	87.864308	87.864
88.073288	88.073288	88.073
88.491247	88.491247	88.491
88.711837	88.711837	88.712
88.909206	88.909206	88.909
89.141406	89.141406	89.141
89.338776	89.338776	89.339
89.547755	89.547755	89.548
89.756735	89.756735	89.757
90.186304	90.186304	90.186
90.406893	90.406893	90.407
90.604263	90.604263	90.604
90.836463	90.836463	90.836
91.033832	91.033832	91.034
91.231202	91.231202	91.231
91.451791	91.451791	91.452
91.881361	91.881361	91.881
91.985850	91.985850	91.986
92.090340	92.090340	92.090
92.194830	92.194830	92.195
92.310930	92.310930	92.311
92.508299	92.508299	92.508
92.717279	92.717279	92.717
92.926259	92.926259	92.926
93.042358	93.042358	93.042
93.135238	93.135238	93.135
93.344218	93.344218	93.344
93.448707	93.448707	93.449
93.564807	93.564807	93.565
93.773787	93.773787	93.774
93.878277	93.878277	93.878
93.982766	93.982766	93.983
94.191746	94.191746	94.192
94.307846	94.307846	94.308
94.412336	94.412336	94.412
94.609705	94.609705	94.610
94.725805	94.725805	94.726
94.830295	94.830295	94.830
94.934785	94.934785	94.935
95.039274	95.039274	95.039
95.143764	95.143764	95.144
95.259864	95.259864	95.260
95.468844	95.468844	95.469
95.573333	95.573333	95.573
95.677823	95.677823	95.678
95.782313	95.782313	95.782
95.886803	95.886803	95.887
95.991293	95.991293	95.991
96.095782	96.095782	96.096
96.304762	96.304762	96.305
96.420862	96.420862	96.421
96.525351	96.525351	96.525
96.734331	96.734331	96.734
96.838821	96.838821	96.839
96.943311	96.943311	96.943
97.152290	97.152290	97.152
97.268390	97.268390	97.268
97.361270	97.361270	97.361
97.581859	97.581859	97.582
97.674739	97.674739	97.675
97.790839	97.790839	97.791
97.999819	97.999819	98.000
98.115918	98.115918	98.116
98.208798	98.208798	98.209
98.417778	98.417778	98.418
98.533878	98.533878	98.534
98.638367	98.638367	98.638
98.835737	98.835737	98.836
98.940227	98.940227	98.940
99.067937	99.067937	99.068
99.265306	99.265306	99.265
99.485896	99.485896	99.486
99.683265	99.683265	99.683
99.903855	99.903855	99.904
100.112834	100.112834	100.113
100.217324	100.217324	100.217
100.321814	100.321814	100.322
100.530794	100.530794	100.531
100.646893	100.646893	100.647
100.751383	100.751383	100.751
100.960363	100.960363	100.960
101.064853	101.064853	101.065
101.169342	101.169342	101.169
101.378322	101.378322	101.378
101.482812	101.482812	101.483
101.587302	101.587302	101.587
101.796281	101.796281	101.796
101.912381	101.912381	101.912
102.016871	102.016871	102.017
102.225850	102.225850	102.226
102.330340	102.330340	102.330
102.434830	102.434830	102.435
102.655419	102.655419	102.655
102.864399	102.864399	102.864
103.073379	103.073379	103.073
103.177868	103.177868	103.178
103.282358	103.282358	103.282
103.491338	103.491338	103.491
103.607438	103.607438	103.607
103.700317	103.700317	103.700
103.909297	103.909297	103.909
104.025397	104.025397	104.025
104.129887	104.129887	104.130
104.338866	104.338866	104.339
104.547846	104.547846	104.548
104.756825	104.756825	104.757
104.872925	104.872925	104.873
104.977415	104.977415	104.977
105.186395	105.186395	105.186
105.395374	105.395374	105.395
105.604354	105.604354	105.604
105.708844	105.708844	105.709
105.824943	105.824943	105.825
106.022313	106.022313	106.022
106.138413	106.138413	106.138
106.242902	106.242902	106.243
106.359002	106.359002	106.359
106.451882	106.451882	106.452
106.556372	106.556372	106.556
106.660862	106.660862	106.661
106.869841	106.869841	106.870
106.974331	106.974331	106.974
107.090431	107.090431	107.090
107.299410	107.299410	107.299
107.403900	107.403900	107.404
107.508390	107.508390	107.508
107.612880	107.612880	107.613
107.717370	107.717370	107.717
107.821859	107.821859	107.822
107.926349	107.926349	107.926
108.146939	108.146939	108.147
108.251429	108.251429	108.251
108.355918	108.355918	108.356
108.564898	108.564898	108.565
108.773878	108.773878	108.774
108.982857	108.982857	108.983
109.098957	109.098957	109.099
109.203447	109.203447	109.203
109.307937	109.307937	109.308
109.412426	109.412426	109.412
109.516916	109.516916	109.517
109.621406	109.621406	109.621
109.737506	109.737506	109.738
109.830385	109.830385	109.830
110.039365	110.039365	110.039
110.155465	110.155465	110.155
110.248345	110.248345	110.248
110.468934	110.468934	110.469
110.689524	110.689524	110.690
110.782404	110.782404	110.782
110.886893	110.886893	110.887
110.991383	110.991383	110.991
111.095873	111.095873	111.096
111.200363	111.200363	111.200
111.316463	111.316463	111.316
111.432562	111.432562	111.433
111.525442	111.525442	111.525
111.734422	111.734422	111.734
111.838912	111.838912	111.839
111.943401	111.943401	111.943
112.152381	112.152381	112.152
112.372971	112.372971	112.373
112.581950	112.581950	112.582
112.686440	112.686440	112.686
112.790930	112.790930	112.791
112.895420	112.895420	112.895
112.999909	112.999909	113.000
113.208889	113.208889	113.209
113.313379	113.313379	113.313
113.429478	113.429478	113.429
113.533968	113.533968	113.534
113.626848	113.626848	113.627
113.742948	113.742948	113.743
113.847438	113.847438	113.847
114.056417	114.056417	114.056
114.160907	114.160907	114.161
114.265397	114.265397	114.265
114.381497	114.381497	114.381
114.474376	114.474376	114.474
114.578866	114.578866	114.579
114.694966	114.694966	114.695
114.799456	114.799456	114.799
114.903946	114.903946	114.904
115.008435	115.008435	115.008
115.112925	115.112925	115.113
115.217415	115.217415	115.217
115.321905	115.321905	115.322
115.426395	115.426395	115.426
115.530884	115.530884	115.531
115.751474	115.751474	115.751
115.855964	115.855964	115.856
115.960454	115.960454	115.960
116.064943	116.064943	116.065
116.169433	116.169433	116.169
116.273923	116.273923	116.274
116.378413	116.378413	116.378
116.599002	116.599002	116.599
116.715102	116.715102	116.715
116.807982	116.807982	116.808
116.912472	116.912472	116.912
117.016961	117.016961	117.017
117.121451	117.121451	117.121
117.225941	117.225941	117.226
117.446531	117.446531	117.447
117.551020	117.551020	117.551
117.597460	117.597460	117.597
117.655510	117.655510	117.656
117.760000	117.760000	117.760
117.864490	117.864490	117.864
117.968980	117.968980	117.969
118.073469	118.073469	118.073
118.282449	118.282449	118.282
118.398549	118.398549	118.399
118.503039	118.503039	118.503
118.607528	118.607528	118.608
118.758458	118.758458	118.758
118.816508	118.816508	118.817
118.920998	118.920998	118.921
119.025488	119.025488	119.025
119.129977	119.129977	119.130
119.234467	119.234467	119.234
119.350567	119.350567	119.351
119.466667	119.466667	119.467
119.919456	119.919456	119.919
120.116825	120.116825	120.117
121.068844	121.068844	121.069
122.787120	122.787120	122.787
123.065760	123.065760	123.066
123.147029	123.147029	123.147
123.460499	123.460499	123.460
123.576599	123.576599	123.577
124.714376	124.714376	124.714
124.900136	124.900136	124.900
125.074286	125.074286	125.074
125.213605	125.213605	125.214
125.341315	125.341315	125.341
125.979864	125.979864	125.980
126.316553	126.316553	126.317
126.502313	126.502313	126.502
127.779410	127.779410	127.779
127.941950	127.941950	127.942
128.452789	128.452789	128.453
128.638549	128.638549	128.639
129.416417	129.416417	129.416
129.520907	129.520907	129.521
129.695057	129.695057	129.695
129.811156	129.811156	129.811
129.962086	129.962086	129.962
130.101406	130.101406	130.101
130.716735	130.716735	130.717
132.667211	132.667211	132.667
132.748481	132.748481	132.748
132.934240	132.934240	132.934
134.269388	134.269388	134.269
134.826667	134.826667	134.827
135.325896	135.325896	135.326
135.407166	135.407166	135.407
135.662585	135.662585	135.663
135.767075	135.767075	135.767
135.906395	135.906395	135.906
138.924989	138.924989	138.925
139.412608	139.412608	139.413
140.875465	140.875465	140.875
141.305034	141.305034	141.305
142.048073	142.048073	142.048
142.814331	142.814331	142.814
142.976871	142.976871	142.977
143.476100	143.476100	143.476
143.568980	143.568980	143.569
143.789569	143.789569	143.790
143.917279	143.917279	143.917
144.091429	144.091429	144.091
144.393288	144.393288	144.393
144.486168	144.486168	144.486
144.962177	144.962177	144.962
145.089887	145.089887	145.090
145.275646	145.275646	145.276
145.554286	145.554286	145.554
145.670385	145.670385	145.670
146.366984	146.366984	146.367
147.644082	147.644082	147.644
148.480000	148.480000	148.480
148.828299	148.828299	148.828
149.095329	149.095329	149.095
149.687438	149.687438	149.687
149.977687	149.977687	149.978
150.093787	150.093787	150.094
150.372426	150.372426	150.372
151.278005	151.278005	151.278
151.417324	151.417324	151.417
152.334512	152.334512	152.335
152.485442	152.485442	152.485
152.717642	152.717642	152.718
153.031111	153.031111	153.031
153.193651	153.193651	153.194
153.332971	153.332971	153.333
153.565170	153.565170	153.565
153.959909	153.959909	153.960
154.517188	154.517188	154.517
154.598458	154.598458	154.598
155.445986	155.445986	155.446
155.631746	155.631746	155.632
155.968435	155.968435	155.968
156.049705	156.049705	156.050
156.514104	156.514104	156.514
158.220771	158.220771	158.221
158.313651	158.313651	158.314
158.418141	158.418141	158.418
158.731610	158.731610	158.732
158.836100	158.836100	158.836
158.952200	158.952200	158.952
159.045079	159.045079	159.045
159.149569	159.149569	159.150
159.265669	159.265669	159.266
159.370159	159.370159	159.370
159.474649	159.474649	159.475
159.579138	159.579138	159.579
159.683628	159.683628	159.684
159.788118	159.788118	159.788
159.904218	159.904218	159.904
160.008707	160.008707	160.009
160.113197	160.113197	160.113
160.217687	160.217687	160.218
160.322177	160.322177	160.322
160.426667	160.426667	160.427
160.531156	160.531156	160.531
160.635646	160.635646	160.636
160.740136	160.740136	160.740
160.856236	160.856236	160.856
160.960726	160.960726	160.961
161.053605	161.053605	161.054
161.169705	161.169705	161.170
161.274195	161.274195	161.274
161.367075	161.367075	161.367
161.471565	161.471565	161.472
161.610884	161.610884	161.611
161.692154	161.692154	161.692
161.854694	161.854694	161.855
161.959184	161.959184	161.959
162.121723	162.121723	162.122
162.226213	162.226213	162.226
162.539683	162.539683	162.540
162.702222	162.702222	162.702
162.806712	162.806712	162.807
163.282721	163.282721	163.283
163.387211	163.387211	163.387
163.596190	163.596190	163.596
163.758730	163.758730	163.759
163.967710	163.967710	163.968
164.130249	164.130249	164.130
164.443719	164.443719	164.444
164.559819	164.559819	164.560
164.815238	164.815238	164.815
164.977778	164.977778	164.978
165.175147	165.175147	165.175
165.291247	165.291247	165.291
165.395737	165.395737	165.396
165.604717	165.604717	165.605
165.813696	165.813696	165.814
166.034286	166.034286	166.034
166.243265	166.243265	166.243
166.452245	166.452245	166.452
166.661224	166.661224	166.661
166.870204	166.870204	166.870
166.986304	166.986304	166.986
167.090794	167.090794	167.091
167.299773	167.299773	167.300
167.404263	167.404263	167.404
167.508753	167.508753	167.509
167.601633	167.601633	167.602
167.729342	167.729342	167.729
167.822222	167.822222	167.822
167.926712	167.926712	167.927
168.135692	168.135692	168.136
168.356281	168.356281	168.356
168.565261	168.565261	168.565
168.669751	168.669751	168.670
168.774240	168.774240	168.774
168.994830	168.994830	168.995
169.087710	169.087710	169.088
169.192200	169.192200	169.192
169.296689	169.296689	169.297
169.412789	169.412789	169.413
169.517279	169.517279	169.517
169.621769	169.621769	169.622
169.830748	169.830748	169.831
169.935238	169.935238	169.935
170.039728	170.039728	170.040
170.248707	170.248707	170.249
170.364807	170.364807	170.365
170.469297	170.469297	170.469
170.678277	170.678277	170.678
170.771156	170.771156	170.771
170.887256	170.887256	170.887
171.107846	171.107846	171.108
171.200726	171.200726	171.201
171.305215	171.305215	171.305
171.514195	171.514195	171.514
171.734785	171.734785	171.735
171.943764	171.943764	171.944
172.048254	172.048254	172.048
172.152744	172.152744	172.153
172.373333	172.373333	172.373
172.477823	172.477823	172.478
172.582313	172.582313	172.582
172.791293	172.791293	172.791
173.000272	173.000272	173.000
173.209252	173.209252	173.209
173.313741	173.313741	173.314
173.418231	173.418231	173.418
173.627211	173.627211	173.627
173.743311	173.743311	173.743
173.847800	173.847800	173.848
174.056780	174.056780	174.057
174.265760	174.265760	174.266
174.486349	174.486349	174.486
174.695329	174.695329	174.695
174.904308	174.904308	174.904
175.008798	175.008798	175.009
175.113288	175.113288	175.113
175.322268	175.322268	175.322
175.426757	175.426757	175.427
175.531247	175.531247	175.531
175.751837	175.751837	175.752
175.960816	175.960816	175.961
176.065306	176.065306	176.065
176.169796	176.169796	176.170
176.274286	176.274286	176.274
176.378776	176.378776	176.379
176.587755	176.587755	176.588
176.703855	176.703855	176.704
176.808345	176.808345	176.808
177.005714	177.005714	177.006
177.110204	177.110204	177.110
177.226304	177.226304	177.226
177.446893	177.446893	177.447
177.644263	177.644263	177.644
177.864853	177.864853	177.865
177.969342	177.969342	177.969
178.073832	178.073832	178.074
178.282812	178.282812	178.283
178.387302	178.387302	178.387
178.491791	178.491791	178.492
178.700771	178.700771	178.701
178.816871	178.816871	178.817
178.921361	178.921361	178.921
179.130340	179.130340	179.130
179.339320	179.339320	179.339
179.443810	179.443810	179.444
179.559909	179.559909	179.560
179.757279	179.757279	179.757
179.966259	179.966259	179.966
180.070748	180.070748	180.071
180.186848	180.186848	180.187
180.384218	180.384218	180.384
180.500317	180.500317	180.500
180.604807	180.604807	180.605
180.825397	180.825397	180.825
180.929887	180.929887	180.930
181.022766	181.022766	181.023
181.243356	181.243356	181.243
181.347846	181.347846	181.348
181.452336	181.452336	181.452
181.661315	181.661315	181.661
181.881905	181.881905	181.882
182.079274	182.079274	182.079
182.183764	182.183764	182.184
182.299864	182.299864	182.300
182.508844	182.508844	182.509
182.717823	182.717823	182.718
182.938413	182.938413	182.938
183.042902	183.042902	183.043
183.135782	183.135782	183.136
183.344762	183.344762	183.345
183.460862	183.460862	183.461
183.565351	183.565351	183.565
183.774331	183.774331	183.774
183.878821	183.878821	183.879
183.983311	183.983311	183.983
184.203900	184.203900	184.204
184.308390	184.308390	184.308
184.412880	184.412880	184.413
184.505760	184.505760	184.506
184.621859	184.621859	184.622
184.830839	184.830839	184.831
185.039819	185.039819	185.040
185.144308	185.144308	185.144
185.260408	185.260408	185.260
185.364898	185.364898	185.365
185.457778	185.457778	185.458
185.573878	185.573878	185.574
185.678367	185.678367	185.678
185.887347	185.887347	185.887
185.991837	185.991837	185.992
186.096327	186.096327	186.096
186.200816	186.200816	186.201
186.316916	186.316916	186.317
186.409796	186.409796	186.410
186.525896	186.525896	186.526
186.734875	186.734875	186.735
186.839365	186.839365	186.839
186.943855	186.943855	186.944
187.048345	187.048345	187.048
187.152834	187.152834	187.153
187.257324	187.257324	187.257
187.373424	187.373424	187.373
187.582404	187.582404	187.582
187.686893	187.686893	187.687
187.791383	187.791383	187.791
187.895873	187.895873	187.896
188.011973	188.011973	188.012
188.104853	188.104853	188.105
188.209342	188.209342	188.209
188.418322	188.418322	188.418
188.522812	188.522812	188.523
188.627302	188.627302	188.627
188.847891	188.847891	188.848
188.952381	188.952381	188.952
189.056871	189.056871	189.057
189.277460	189.277460	189.277
189.474830	189.474830	189.475
189.695420	189.695420	189.695
189.799909	189.799909	189.800
189.904399	189.904399	189.904
190.113379	190.113379	190.113
190.333968	190.333968	190.334
190.438458	190.438458	190.438
190.542948	190.542948	190.543
190.751927	190.751927	190.752
190.960907	190.960907	190.961
191.065397	191.065397	191.065
191.181497	191.181497	191.181
191.390476	191.390476	191.390
191.483356	191.483356	191.483
191.599456	191.599456	191.599
191.703946	191.703946	191.704
191.796825	191.796825	191.797
191.912925	191.912925	191.913
192.017415	192.017415	192.017
192.145125	192.145125	192.145
192.226395	192.226395	192.226
192.330884	192.330884	192.331
192.435374	192.435374	192.435
192.655964	192.655964	192.656
192.760454	192.760454	192.760
192.864943	192.864943	192.865
193.073923	193.073923	193.074
193.178413	193.178413	193.178
193.282902	193.282902	193.283
193.491882	193.491882	193.492
193.700862	193.700862	193.701
193.909841	193.909841	193.910
194.025941	194.025941	194.026
194.130431	194.130431	194.130
194.339410	194.339410	194.339
194.548390	194.548390	194.548
194.768980	194.768980	194.769
194.966349	194.966349	194.966
195.175329	195.175329	195.175
195.395918	195.395918	195.396
195.604898	195.604898	195.605
195.709388	195.709388	195.709
195.813878	195.813878	195.814
196.034467	196.034467	196.034
196.138957	196.138957	196.139
196.243447	196.243447	196.243
196.452426	196.452426	196.452
196.556916	196.556916	196.557
196.661406	196.661406	196.661
196.870385	196.870385	196.870
196.974875	196.974875	196.975
197.090975	197.090975	197.091
197.288345	197.288345	197.288
197.404444	197.404444	197.404
197.508934	197.508934	197.509
197.717914	197.717914	197.718
197.822404	197.822404	197.822
197.926893	197.926893	197.927
198.147483	198.147483	198.147
198.356463	198.356463	198.356
198.565442	198.565442	198.565
198.774422	198.774422	198.774
198.983401	198.983401	198.983
199.099501	199.099501	199.100
199.192381	199.192381	199.192
199.412971	199.412971	199.413
199.517460	199.517460	199.517
199.621950	199.621950	199.622
199.842540	199.842540	199.843
200.039909	200.039909	200.040
200.248889	200.248889	200.249
200.353379	200.353379	200.353
200.469478	200.469478	200.469
200.666848	200.666848	200.667
200.782948	200.782948	200.783
200.887438	200.887438	200.887
201.096417	201.096417	201.096
201.200907	201.200907	201.201
201.305397	201.305397	201.305
201.525986	201.525986	201.526
201.618866	201.618866	201.619
201.734966	201.734966	201.735
201.943946	201.943946	201.944
202.152925	202.152925	202.153
202.257415	202.257415	202.257
202.361905	202.361905	202.362
202.466395	202.466395	202.466
202.582494	202.582494	202.582
202.803084	202.803084	202.803
203.000454	203.000454	203.000
203.221043	203.221043	203.221
203.418413	203.418413	203.418
203.627392	203.627392	203.627
203.847982	203.847982	203.848
204.056961	204.056961	204.057
204.161451	204.161451	204.161
204.265941	204.265941	204.266
204.486531	204.486531	204.487
204.695510	204.695510	204.696
204.904490	204.904490	204.904
204.997370	204.997370	204.997
205.113469	205.113469	205.113
205.322449	205.322449	205.322
205.543039	205.543039	205.543
205.740408	205.740408	205.740
205.856508	205.856508	205.857
205.960998	205.960998	205.961
206.169977	206.169977	206.170
206.274467	206.274467	206.274
206.378957	206.378957	206.379
206.599546	206.599546	206.600
206.808526	206.808526	206.809
207.017506	207.017506	207.018
207.121995	207.121995	207.122
207.226485	207.226485	207.226
207.435465	207.435465	207.435
207.539955	207.539955	207.540
207.644444	207.644444	207.644
207.865034	207.865034	207.865
207.957914	207.957914	207.958
208.074014	208.074014	208.074
208.178503	208.178503	208.179
208.294603	208.294603	208.295
208.387483	208.387483	208.387
208.491973	208.491973	208.492
208.700952	208.700952	208.701
208.805442	208.805442	208.805
208.921542	208.921542	208.922
209.118912	209.118912	209.119
209.235011	209.235011	209.235
209.339501	209.339501	209.340
209.560091	209.560091	209.560
209.664580	209.664580	209.665
209.757460	209.757460	209.757
209.978050	209.978050	209.978
210.187029	210.187029	210.187
210.396009	210.396009	210.396
210.500499	210.500499	210.500
210.604989	210.604989	210.605
210.813968	210.813968	210.814
210.930068	210.930068	210.930
211.034558	211.034558	211.035
211.243537	211.243537	211.244
211.348027	211.348027	211.348
211.452517	211.452517	211.453
211.545397	211.545397	211.545
211.673107	211.673107	211.673
211.765986	211.765986	211.766
211.870476	211.870476	211.870
212.079456	212.079456	212.079
212.183946	212.183946	212.184
212.300045	212.300045	212.300
212.404535	212.404535	212.405
212.509025	212.509025	212.509
212.613515	212.613515	212.614
212.718005	212.718005	212.718
212.938594	212.938594	212.939
213.031474	213.031474	213.031
213.147574	213.147574	213.148
213.240454	213.240454	213.240
213.356553	213.356553	213.357
213.449433	213.449433	213.449
213.565533	213.565533	213.566
213.774512	213.774512	213.775
213.879002	213.879002	213.879
213.983492	213.983492	213.983
214.192472	214.192472	214.192
214.308571	214.308571	214.309
214.413061	214.413061	214.413
214.622041	214.622041	214.622
214.726531	214.726531	214.727
214.831020	214.831020	214.831
214.935510	214.935510	214.936
215.051610	215.051610	215.052
215.144490	215.144490	215.144
215.260590	215.260590	215.261
215.469569	215.469569	215.470
215.574059	215.574059	215.574
215.678549	215.678549	215.679
215.783039	215.783039	215.783
215.887528	215.887528	215.888
215.992018	215.992018	215.992
216.108118	216.108118	216.108
216.317098	216.317098	216.317
216.526077	216.526077	216.526
216.630567	216.630567	216.631
216.735057	216.735057	216.735
216.839546	216.839546	216.840
216.944036	216.944036	216.944
217.153016	217.153016	217.153
217.269116	217.269116	217.269
217.373605	217.373605	217.374
217.466485	217.466485	217.466
217.582585	217.582585	217.583
217.687075	217.687075	217.687
217.791565	217.791565	217.792
218.012154	218.012154	218.012
218.105034	218.105034	218.105
218.221134	218.221134	218.221
218.314014	218.314014	218.314
218.430113	218.430113	218.430
218.534603	218.534603	218.535
218.639093	218.639093	218.639
218.848073	218.848073	218.848
218.952562	218.952562	218.953
219.068662	219.068662	219.069
219.324082	219.324082	219.324
219.544671	219.544671	219.545
