0.383129	0.383129	0.383
0.603719	0.603719	0.604
0.847528	0.847528	0.848
1.323537	1.323537	1.324
1.811156	1.811156	1.811
2.031746	2.031746	2.032
2.298776	2.298776	2.299
2.798005	2.798005	2.798
3.285624	3.285624	3.286
3.506213	3.506213	3.506
3.773243	3.773243	3.773
4.237642	4.237642	4.238
4.702041	4.702041	4.702
4.934240	4.934240	4.934
5.189660	5.189660	5.190
5.677279	5.677279	5.677
6.164898	6.164898	6.165
6.257778	6.257778	6.258
6.385488	6.385488	6.385
6.640907	6.640907	6.641
6.931156	6.931156	6.931
7.140136	7.140136	7.140
7.407166	7.407166	7.407
7.685805	7.685805	7.686
7.825125	7.825125	7.825
8.068934	8.068934	8.069
8.161814	8.161814	8.162
8.289524	8.289524	8.290
8.510113	8.510113	8.510
8.614603	8.614603	8.615
8.800363	8.800363	8.800
9.055782	9.055782	9.056
9.218322	9.218322	9.218
9.496961	9.496961	9.497
9.763991	9.763991	9.764
9.972971	9.972971	9.973
10.228390	10.228390	10.228
10.321270	10.321270	10.321
10.472200	10.472200	10.472
10.669569	10.669569	10.670
10.924989	10.924989	10.925
11.006259	11.006259	11.006
11.075918	11.075918	11.076
11.238458	11.238458	11.238
11.424218	11.424218	11.424
11.528707	11.528707	11.529
11.691247	11.691247	11.691
11.946667	11.946667	11.947
12.167256	12.167256	12.167
12.364626	12.364626	12.365
12.643265	12.643265	12.643
12.852245	12.852245	12.852
12.910295	12.910295	12.910
13.107664	13.107664	13.108
13.316644	13.316644	13.317
13.537234	13.537234	13.537
13.792653	13.792653	13.793
13.931973	13.931973	13.932
14.117732	14.117732	14.118
14.291882	14.291882	14.292
14.582132	14.582132	14.582
14.825941	14.825941	14.826
14.918821	14.918821	14.919
15.058141	15.058141	15.058
15.220680	15.220680	15.221
15.510930	15.510930	15.511
15.963719	15.963719	15.964
16.230748	16.230748	16.231
16.381678	16.381678	16.382
16.660317	16.660317	16.660
16.892517	16.892517	16.893
17.159546	17.159546	17.160
17.240816	17.240816	17.241
17.426576	17.426576	17.427
17.623946	17.623946	17.624
17.693605	17.693605	17.694
17.809705	17.809705	17.810
18.099955	18.099955	18.100
18.216054	18.216054	18.216
18.413424	18.413424	18.413
18.483084	18.483084	18.483
18.575964	18.575964	18.576
18.668844	18.668844	18.669
18.877823	18.877823	18.878
19.098413	19.098413	19.098
19.527982	19.527982	19.528
19.632472	19.632472	19.632
19.795011	19.795011	19.795
19.969161	19.969161	19.969
20.247800	20.247800	20.248
20.561270	20.561270	20.561
20.723810	20.723810	20.724
20.816689	20.816689	20.817
21.176599	21.176599	21.177
21.269478	21.269478	21.269
21.350748	21.350748	21.351
21.606168	21.606168	21.606
21.884807	21.884807	21.885
21.942857	21.942857	21.943
22.070567	22.070567	22.071
22.233107	22.233107	22.233
22.465306	22.465306	22.465
22.662676	22.662676	22.663
22.790385	22.790385	22.790
22.964535	22.964535	22.965
23.092245	23.092245	23.092
23.196735	23.196735	23.197
23.382494	23.382494	23.382
23.440544	23.440544	23.441
23.893333	23.893333	23.893
24.021043	24.021043	24.021
24.125533	24.125533	24.126
24.264853	24.264853	24.265
24.508662	24.508662	24.509
24.729252	24.729252	24.729
24.996281	24.996281	24.996
25.425850	25.425850	25.426
25.716100	25.716100	25.716
26.180499	26.180499	26.180
26.354649	26.354649	26.355
26.842268	26.842268	26.842
28.804354	28.804354	28.804
29.233923	29.233923	29.234
29.663492	29.663492	29.663
30.104671	30.104671	30.105
30.615510	30.615510	30.616
31.010249	31.010249	31.010
31.463039	31.463039	31.463
31.892608	31.892608	31.893
32.345397	32.345397	32.345
32.798186	32.798186	32.798
33.239365	33.239365	33.239
33.680544	33.680544	33.681
34.133333	34.133333	34.133
34.191383	34.191383	34.191
34.574512	34.574512	34.575
35.015692	35.015692	35.016
35.456871	35.456871	35.457
35.921270	35.921270	35.921
35.967710	35.967710	35.968
36.350839	36.350839	36.351
36.803628	36.803628	36.804
37.233197	37.233197	37.233
37.685986	37.685986	37.686
37.953016	37.953016	37.953
38.138776	38.138776	38.139
38.579955	38.579955	38.580
38.800544	38.800544	38.801
39.021134	39.021134	39.021
39.473923	39.473923	39.474
39.903492	39.903492	39.903
40.356281	40.356281	40.356
40.785850	40.785850	40.786
41.250249	41.250249	41.250
41.679819	41.679819	41.680
42.132608	42.132608	42.133
42.573787	42.573787	42.574
43.026576	43.026576	43.027
43.456145	43.456145	43.456
43.897324	43.897324	43.897
44.350113	44.350113	44.350
44.802902	44.802902	44.803
44.930612	44.930612	44.931
45.244082	45.244082	45.244
45.696871	45.696871	45.697
45.963900	45.963900	45.964
46.590839	46.590839	46.591
47.020408	47.020408	47.020
47.148118	47.148118	47.148
47.461587	47.461587	47.462
47.902766	47.902766	47.903
48.355556	48.355556	48.356
48.413605	48.413605	48.414
48.785125	48.785125	48.785
49.237914	49.237914	49.238
49.679093	49.679093	49.679
50.155102	50.155102	50.155
50.456961	50.456961	50.457
50.584671	50.584671	50.585
51.258050	51.258050	51.258
51.467029	51.467029	51.467
51.908209	51.908209	51.908
52.035918	52.035918	52.036
52.581587	52.581587	52.582
52.813787	52.813787	52.814
53.104036	53.104036	53.104
53.243356	53.243356	53.243
53.754195	53.754195	53.754
54.009615	54.009615	54.010
54.137324	54.137324	54.137
55.019683	55.019683	55.020
55.228662	55.228662	55.229
55.472472	55.472472	55.472
55.635011	55.635011	55.635
55.913651	55.913651	55.914
56.354830	56.354830	56.355
56.587029	56.587029	56.587
56.807619	56.807619	56.808
57.248798	57.248798	57.249
57.539048	57.539048	57.539
57.678367	57.678367	57.678
57.852517	57.852517	57.853
58.119546	58.119546	58.120
58.560726	58.560726	58.561
58.700045	58.700045	58.700
58.839365	58.839365	58.839
59.025125	59.025125	59.025
59.141224	59.141224	59.141
59.315374	59.315374	59.315
59.466304	59.466304	59.466
59.907483	59.907483	59.907
59.988753	59.988753	59.989
60.151293	60.151293	60.151
60.348662	60.348662	60.349
60.546032	60.546032	60.546
60.801451	60.801451	60.801
61.242630	61.242630	61.243
61.695420	61.695420	61.695
62.136599	62.136599	62.137
62.589388	62.589388	62.589
62.635828	62.635828	62.636
63.018957	63.018957	63.019
63.181497	63.181497	63.181
63.460136	63.460136	63.460
63.901315	63.901315	63.901
64.191565	64.191565	64.192
64.365714	64.365714	64.366
64.423764	64.423764	64.424
64.597914	64.597914	64.598
64.795283	64.795283	64.795
64.911383	64.911383	64.911
65.248073	65.248073	65.248
65.689252	65.689252	65.689
65.933061	65.933061	65.933
66.211701	66.211701	66.212
66.571610	66.571610	66.572
67.024399	67.024399	67.024
67.279819	67.279819	67.280
67.465578	67.465578	67.466
67.755828	67.755828	67.756
67.976417	67.976417	67.976
68.231837	68.231837	68.232
68.359546	68.359546	68.360
68.800726	68.800726	68.801
69.241905	69.241905	69.242
69.741134	69.741134	69.741
69.868844	69.868844	69.869
70.135873	70.135873	70.136
70.310023	70.310023	70.310
70.588662	70.588662	70.589
70.820862	70.820862	70.821
71.482630	71.482630	71.483
71.749660	71.749660	71.750
71.923810	71.923810	71.924
72.283719	72.283719	72.284
72.376599	72.376599	72.377
72.829388	72.829388	72.829
73.026757	73.026757	73.027
73.305397	73.305397	73.305
73.363447	73.363447	73.363
73.734966	73.734966	73.735
74.048435	74.048435	74.048
74.176145	74.176145	74.176
74.419955	74.419955	74.420
74.617324	74.617324	74.617
75.081723	75.081723	75.082
75.476463	75.476463	75.476
75.987302	75.987302	75.987
76.242721	76.242721	76.243
76.416871	76.416871	76.417
76.718730	76.718730	76.719
76.950930	76.950930	76.951
77.148299	77.148299	77.148
77.334059	77.334059	77.334
77.392109	77.392109	77.392
77.635918	77.635918	77.636
77.786848	77.786848	77.787
78.030658	78.030658	78.031
78.239637	78.239637	78.240
78.796916	78.796916	78.797
79.145215	79.145215	79.145
79.447075	79.447075	79.447
79.609615	79.609615	79.610
79.853424	79.853424	79.853
80.050794	80.050794	80.051
80.213333	80.213333	80.213
80.503583	80.503583	80.504
80.608073	80.608073	80.608
80.724172	80.724172	80.724
80.944762	80.944762	80.945
81.014422	81.014422	81.014
81.165351	81.165351	81.165
81.409161	81.409161	81.409
81.502041	81.502041	81.502
81.896780	81.896780	81.897
82.128980	82.128980	82.129
82.349569	82.349569	82.350
82.767528	82.767528	82.768
82.825578	82.825578	82.826
83.057778	83.057778	83.058
83.197098	83.197098	83.197
83.510567	83.510567	83.511
83.661497	83.661497	83.661
83.765986	83.765986	83.766
83.951746	83.951746	83.952
84.125896	84.125896	84.126
84.334875	84.334875	84.335
84.567075	84.567075	84.567
84.857324	84.857324	84.857
85.008254	85.008254	85.008
85.461043	85.461043	85.461
85.937052	85.937052	85.937
86.355011	86.355011	86.355
86.656871	86.656871	86.657
86.819410	86.819410	86.819
87.272200	87.272200	87.272
87.469569	87.469569	87.470
87.748209	87.748209	87.748
87.817868	87.817868	87.818
88.061678	88.061678	88.062
88.235828	88.235828	88.236
88.630567	88.630567	88.631
88.700227	88.700227	88.700
89.071746	89.071746	89.072
89.153016	89.153016	89.153
89.547755	89.547755	89.548
89.977324	89.977324	89.977
90.058594	90.058594	90.059
90.430113	90.430113	90.430
90.882902	90.882902	90.883
91.057052	91.057052	91.057
91.231202	91.231202	91.231
91.358912	91.358912	91.359
91.416961	91.416961	91.417
91.660771	91.660771	91.661
91.800091	91.800091	91.800
92.241270	92.241270	92.241
92.403810	92.403810	92.404
92.694059	92.694059	92.694
92.775329	92.775329	92.775
93.204898	93.204898	93.205
93.611247	93.611247	93.611
93.889887	93.889887	93.890
94.064036	94.064036	94.064
94.493605	94.493605	94.494
94.714195	94.714195	94.714
94.969615	94.969615	94.970
95.190204	95.190204	95.190
95.410794	95.410794	95.411
95.550113	95.550113	95.550
95.910023	95.910023	95.910
96.026122	96.026122	96.026
96.177052	96.177052	96.177
96.386032	96.386032	96.386
96.618231	96.618231	96.618
96.769161	96.769161	96.769
97.001361	97.001361	97.001
97.210340	97.210340	97.210
97.291610	97.291610	97.292
97.512200	97.512200	97.512
97.674739	97.674739	97.675
98.115918	98.115918	98.116
98.290068	98.290068	98.290
98.406168	98.406168	98.406
98.615147	98.615147	98.615
99.021497	99.021497	99.021
99.474286	99.474286	99.474
99.927075	99.927075	99.927
100.205714	100.205714	100.206
100.379864	100.379864	100.380
100.635283	100.635283	100.635
100.832653	100.832653	100.833
100.925533	100.925533	100.926
101.111293	101.111293	101.111
101.273832	101.273832	101.274
101.378322	101.378322	101.378
101.807891	101.807891	101.808
102.225850	102.225850	102.226
102.643810	102.643810	102.644
103.084989	103.084989	103.085
103.177868	103.177868	103.178
103.537778	103.537778	103.538
103.630658	103.630658	103.631
103.978957	103.978957	103.979
104.106667	104.106667	104.107
104.454966	104.454966	104.455
104.629116	104.629116	104.629
104.733605	104.733605	104.734
104.896145	104.896145	104.896
105.337324	105.337324	105.337
105.488254	105.488254	105.488
105.801723	105.801723	105.802
105.859773	105.859773	105.860
105.975873	105.975873	105.976
106.254512	106.254512	106.255
106.591202	106.591202	106.591
106.707302	106.707302	106.707
106.858231	106.858231	106.858
107.148481	107.148481	107.148
107.624490	107.624490	107.624
107.670930	107.670930	107.671
108.054059	108.054059	108.054
108.506848	108.506848	108.507
108.959637	108.959637	108.960
109.412426	109.412426	109.412
109.876825	109.876825	109.877
110.062585	110.062585	110.063
110.364444	110.364444	110.364
110.608254	110.608254	110.608
110.770794	110.770794	110.771
110.968163	110.968163	110.968
111.223583	111.223583	111.224
111.432562	111.432562	111.433
111.664762	111.664762	111.665
111.943401	111.943401	111.943
112.129161	112.129161	112.129
112.198821	112.198821	112.199
112.558730	112.558730	112.559
112.709660	112.709660	112.710
113.023129	113.023129	113.023
113.324989	113.324989	113.325
113.452698	113.452698	113.453
113.928707	113.928707	113.929
114.009977	114.009977	114.010
114.369887	114.369887	114.370
114.822676	114.822676	114.823
115.287075	115.287075	115.287
115.577324	115.577324	115.577
115.728254	115.728254	115.728
116.169433	116.169433	116.169
116.262313	116.262313	116.262
116.691882	116.691882	116.692
117.086621	117.086621	117.087
117.562630	117.562630	117.563
117.678730	117.678730	117.679
117.992200	117.992200	117.992
118.456599	118.456599	118.457
118.700408	118.700408	118.700
118.909388	118.909388	118.909
119.141587	119.141587	119.142
119.350567	119.350567	119.351
119.791746	119.791746	119.792
120.256145	120.256145	120.256
120.708934	120.708934	120.709
121.057234	121.057234	121.057
121.161723	121.161723	121.162
121.602902	121.602902	121.603
121.823492	121.823492	121.823
122.067302	122.067302	122.067
122.508481	122.508481	122.508
123.019320	123.019320	123.019
123.135420	123.135420	123.135
123.414059	123.414059	123.414
123.623039	123.623039	123.623
123.878458	123.878458	123.878
123.948118	123.948118	123.948
124.342857	124.342857	124.343
124.447347	124.447347	124.447
124.795646	124.795646	124.796
125.167166	125.167166	125.167
125.410975	125.410975	125.411
125.492245	125.492245	125.492
125.678005	125.678005	125.678
126.142404	126.142404	126.142
126.212063	126.212063	126.212
126.386213	126.386213	126.386
126.583583	126.583583	126.584
126.757732	126.757732	126.758
127.024762	127.024762	127.025
127.489161	127.489161	127.489
127.628481	127.628481	127.628
127.779410	127.779410	127.779
127.930340	127.930340	127.930
128.383129	128.383129	128.383
128.545669	128.545669	128.546
128.859138	128.859138	128.859
129.288707	129.288707	129.289
129.741497	129.741497	129.741
129.811156	129.811156	129.811
130.066576	130.066576	130.067
130.182676	130.182676	130.183
130.472925	130.472925	130.473
130.728345	130.728345	130.728
130.879274	130.879274	130.879
131.088254	131.088254	131.088
131.250794	131.250794	131.251
131.564263	131.564263	131.564
131.715193	131.715193	131.715
131.993832	131.993832	131.994
132.109932	132.109932	132.110
132.376961	132.376961	132.377
132.458231	132.458231	132.458
132.667211	132.667211	132.667
132.760091	132.760091	132.760
132.899410	132.899410	132.899
133.015510	133.015510	133.016
133.143220	133.143220	133.143
133.352200	133.352200	133.352
133.468299	133.468299	133.468
133.607619	133.607619	133.608
133.804989	133.804989	133.805
133.932698	133.932698	133.933
134.234558	134.234558	134.235
134.339048	134.339048	134.339
134.478367	134.478367	134.478
134.710567	134.710567	134.711
134.896327	134.896327	134.896
135.616145	135.616145	135.616
135.929615	135.929615	135.930
136.034104	136.034104	136.034
136.208254	136.208254	136.208
136.579773	136.579773	136.580
136.962902	136.962902	136.963
137.253152	137.253152	137.253
137.427302	137.427302	137.427
137.856871	137.856871	137.857
138.321270	138.321270	138.321
138.599909	138.599909	138.600
139.226848	139.226848	139.227
139.273288	139.273288	139.273
139.342948	139.342948	139.343
139.447438	139.447438	139.447
139.679637	139.679637	139.680
139.772517	139.772517	139.773
140.120816	140.120816	140.121
140.225306	140.225306	140.225
140.387846	140.387846	140.388
140.585215	140.585215	140.585
140.875465	140.875465	140.875
141.038005	141.038005	141.038
141.119274	141.119274	141.119
141.560454	141.560454	141.560
141.746213	141.746213	141.746
141.943583	141.943583	141.944
142.245442	142.245442	142.245
142.373152	142.373152	142.373
142.605351	142.605351	142.605
142.837551	142.837551	142.838
142.965261	142.965261	142.965
143.069751	143.069751	143.070
143.209070	143.209070	143.209
143.290340	143.290340	143.290
143.592200	143.592200	143.592
143.743129	143.743129	143.743
143.986939	143.986939	143.987
144.184308	144.184308	144.184
144.474558	144.474558	144.475
144.625488	144.625488	144.625
145.078277	145.078277	145.078
145.345306	145.345306	145.345
145.542676	145.542676	145.543
145.600726	145.600726	145.601
146.018685	146.018685	146.019
146.169615	146.169615	146.170
146.459864	146.459864	146.460
146.517914	146.517914	146.518
146.587574	146.587574	146.588
146.901043	146.901043	146.901
147.075193	147.075193	147.075
147.353832	147.353832	147.354
147.400272	147.400272	147.400
147.527982	147.527982	147.528
147.887891	147.887891	147.888
148.027211	148.027211	148.027
148.282630	148.282630	148.283
148.340680	148.340680	148.341
148.468390	148.468390	148.468
148.584490	148.584490	148.584
148.712200	148.712200	148.712
148.770249	148.770249	148.770
148.886349	148.886349	148.886
149.164989	149.164989	149.165
149.211429	149.211429	149.211
149.617778	149.617778	149.618
149.664218	149.664218	149.664
149.919637	149.919637	149.920
150.058957	150.058957	150.059
150.511746	150.511746	150.512
151.034195	151.034195	151.034
151.208345	151.208345	151.208
151.289615	151.289615	151.290
151.428934	151.428934	151.429
151.591474	151.591474	151.591
151.695964	151.695964	151.696
151.881723	151.881723	151.882
152.137143	152.137143	152.137
152.311293	152.311293	152.311
152.798912	152.798912	152.799
153.263311	153.263311	153.263
153.367800	153.367800	153.368
153.541950	153.541950	153.542
153.716100	153.716100	153.716
153.843810	153.843810	153.844
153.925079	153.925079	153.925
154.041179	154.041179	154.041
154.226939	154.226939	154.227
154.331429	154.331429	154.331
154.621678	154.621678	154.622
154.691338	154.691338	154.691
155.051247	155.051247	155.051
155.190567	155.190567	155.191
155.318277	155.318277	155.318
155.504036	155.504036	155.504
155.689796	155.689796	155.690
155.933605	155.933605	155.934
155.991655	155.991655	155.992
156.212245	156.212245	156.212
156.432834	156.432834	156.433
156.479274	156.479274	156.479
156.560544	156.560544	156.561
156.723084	156.723084	156.723
156.827574	156.827574	156.828
156.908844	156.908844	156.909
157.024943	157.024943	157.025
157.291973	157.291973	157.292
157.500952	157.500952	157.501
157.605442	157.605442	157.605
157.733152	157.733152	157.733
158.197551	158.197551	158.198
158.708390	158.708390	158.708
158.894150	158.894150	158.894
158.998639	158.998639	158.999
159.103129	159.103129	159.103
159.196009	159.196009	159.196
159.393379	159.393379	159.393
159.648798	159.648798	159.649
159.799728	159.799728	159.800
159.869388	159.869388	159.869
160.031927	160.031927	160.032
160.194467	160.194467	160.194
160.461497	160.461497	160.461
160.554376	160.554376	160.554
160.693696	160.693696	160.694
160.774966	160.774966	160.775
160.902676	160.902676	160.903
161.053605	161.053605	161.054
161.181315	161.181315	161.181
161.367075	161.367075	161.367
161.448345	161.448345	161.448
161.483175	161.483175	161.483
161.622494	161.622494	161.622
161.808254	161.808254	161.808
161.959184	161.959184	161.959
162.133333	162.133333	162.133
162.272653	162.272653	162.273
162.446803	162.446803	162.447
162.713832	162.713832	162.714
162.806712	162.806712	162.807
163.004082	163.004082	163.004
163.178231	163.178231	163.178
163.352381	163.352381	163.352
163.445261	163.445261	163.445
163.631020	163.631020	163.631
163.735510	163.735510	163.736
164.072200	164.072200	164.072
164.130249	164.130249	164.130
164.269569	164.269569	164.270
164.374059	164.374059	164.374
164.513379	164.513379	164.513
164.710748	164.710748	164.711
164.977778	164.977778	164.978
165.198367	165.198367	165.198
165.430567	165.430567	165.431
165.894966	165.894966	165.895
166.069116	166.069116	166.069
166.173605	166.173605	166.174
166.336145	166.336145	166.336
166.475465	166.475465	166.475
166.603175	166.603175	166.603
166.788934	166.788934	166.789
166.858594	166.858594	166.859
166.974694	166.974694	166.975
167.137234	167.137234	167.137
167.253333	167.253333	167.253
167.311383	167.311383	167.311
167.392653	167.392653	167.393
167.520363	167.520363	167.520
167.682902	167.682902	167.683
167.764172	167.764172	167.764
167.880272	167.880272	167.880
167.996372	167.996372	167.996
168.135692	168.135692	168.136
168.182132	168.182132	168.182
168.344671	168.344671	168.345
168.588481	168.588481	168.588
168.785850	168.785850	168.786
169.041270	169.041270	169.041
169.134150	169.134150	169.134
169.285079	169.285079	169.285
169.505669	169.505669	169.506
169.656599	169.656599	169.657
169.807528	169.807528	169.808
169.946848	169.946848	169.947
170.097778	170.097778	170.098
170.237098	170.237098	170.237
170.388027	170.388027	170.388
170.620227	170.620227	170.620
170.701497	170.701497	170.701
170.852426	170.852426	170.852
170.922086	170.922086	170.922
170.980136	170.980136	170.980
171.038186	171.038186	171.038
171.131066	171.131066	171.131
171.305215	171.305215	171.305
171.490975	171.490975	171.491
171.607075	171.607075	171.607
171.734785	171.734785	171.735
171.850884	171.850884	171.851
171.978594	171.978594	171.979
172.048254	172.048254	172.048
172.199184	172.199184	172.199
172.442993	172.442993	172.443
172.651973	172.651973	172.652
172.744853	172.744853	172.745
172.895782	172.895782	172.896
173.104762	173.104762	173.105
173.441451	173.441451	173.441
173.545941	173.545941	173.546
173.638821	173.638821	173.639
173.789751	173.789751	173.790
173.847800	173.847800	173.848
173.998730	173.998730	173.999
174.091610	174.091610	174.092
174.207710	174.207710	174.208
174.288980	174.288980	174.289
174.474739	174.474739	174.475
174.544399	174.544399	174.544
174.904308	174.904308	174.904
175.090068	175.090068	175.090
175.229388	175.229388	175.229
175.357098	175.357098	175.357
175.519637	175.519637	175.520
175.635737	175.635737	175.636
175.833107	175.833107	175.833
175.914376	175.914376	175.914
176.100136	176.100136	176.100
176.297506	176.297506	176.298
176.367166	176.367166	176.367
176.715465	176.715465	176.715
176.901224	176.901224	176.901
177.028934	177.028934	177.029
177.156644	177.156644	177.157
177.249524	177.249524	177.250
177.284354	177.284354	177.284
177.586213	177.586213	177.586
177.911293	177.911293	177.911
178.073832	178.073832	178.074
178.131882	178.131882	178.132
178.166712	178.166712	178.167
178.213152	178.213152	178.213
178.526621	178.526621	178.527
178.584671	178.584671	178.585
178.723991	178.723991	178.724
178.840091	178.840091	178.840
178.967800	178.967800	178.968
179.095510	179.095510	179.096
179.176780	179.176780	179.177
179.281270	179.281270	179.281
179.443810	179.443810	179.444
179.664399	179.664399	179.664
179.884989	179.884989	179.885
179.977868	179.977868	179.978
180.070748	180.070748	180.071
180.326168	180.326168	180.326
180.546757	180.546757	180.547
180.778957	180.778957	180.779
181.080816	181.080816	181.081
181.243356	181.243356	181.243
181.417506	181.417506	181.418
181.556825	181.556825	181.557
181.696145	181.696145	181.696
181.789025	181.789025	181.789
182.137324	182.137324	182.137
182.346304	182.346304	182.346
182.439184	182.439184	182.439
182.578503	182.578503	182.579
182.741043	182.741043	182.741
182.810703	182.810703	182.811
182.880363	182.880363	182.880
183.042902	183.042902	183.043
183.240272	183.240272	183.240
183.495692	183.495692	183.496
183.588571	183.588571	183.589
183.948481	183.948481	183.948
184.052971	184.052971	184.053
184.261950	184.261950	184.262
184.401270	184.401270	184.401
184.482540	184.482540	184.483
184.540590	184.540590	184.541
184.679909	184.679909	184.680
184.854059	184.854059	184.854
184.946939	184.946939	184.947
185.074649	185.074649	185.075
185.155918	185.155918	185.156
185.306848	185.306848	185.307
185.353288	185.353288	185.353
185.411338	185.411338	185.411
185.480998	185.480998	185.481
185.585488	185.585488	185.585
185.782857	185.782857	185.783
185.829297	185.829297	185.829
185.968617	185.968617	185.969
186.073107	186.073107	186.073
186.258866	186.258866	186.259
186.316916	186.316916	186.317
186.363356	186.363356	186.363
186.514286	186.514286	186.514
186.653605	186.653605	186.654
186.758095	186.758095	186.758
186.932245	186.932245	186.932
187.106395	187.106395	187.106
187.199274	187.199274	187.199
187.303764	187.303764	187.304
187.419864	187.419864	187.420
187.617234	187.617234	187.617
187.733333	187.733333	187.733
187.861043	187.861043	187.861
187.942313	187.942313	187.942
188.011973	188.011973	188.012
188.093243	188.093243	188.093
188.220952	188.220952	188.221
188.302222	188.302222	188.302
188.557642	188.557642	188.558
188.615692	188.615692	188.616
188.696961	188.696961	188.697
188.975601	188.975601	188.976
189.149751	189.149751	189.150
189.335510	189.335510	189.336
189.567710	189.567710	189.568
189.660590	189.660590	189.661
189.823129	189.823129	189.823
190.043719	190.043719	190.044
190.252698	190.252698	190.253
190.392018	190.392018	190.392
190.519728	190.519728	190.520
190.717098	190.717098	190.717
191.169887	191.169887	191.170
191.622676	191.622676	191.623
192.063855	192.063855	192.064
192.388934	192.388934	192.389
192.539864	192.539864	192.540
192.586304	192.586304	192.586
192.969433	192.969433	192.969
193.433832	193.433832	193.434
193.666032	193.666032	193.666
193.886621	193.886621	193.887
194.351020	194.351020	194.351
194.397460	194.397460	194.397
194.792200	194.792200	194.792
195.244989	195.244989	195.245
195.674558	195.674558	195.675
195.871927	195.871927	195.872
196.173787	196.173787	196.174
196.347937	196.347937	196.348
196.603356	196.603356	196.603
197.044535	197.044535	197.045
197.485714	197.485714	197.486
197.566984	197.566984	197.567
197.961723	197.961723	197.962
198.391293	198.391293	198.391
198.855692	198.855692	198.856
198.960181	198.960181	198.960
199.076281	199.076281	199.076
199.540680	199.540680	199.541
199.761270	199.761270	199.761
199.970249	199.970249	199.970
200.063129	200.063129	200.063
200.190839	200.190839	200.191
200.655238	200.655238	200.655
200.840998	200.840998	200.841
201.084807	201.084807	201.085
201.351837	201.351837	201.352
201.572426	201.572426	201.572
201.816236	201.816236	201.816
202.001995	202.001995	202.002
202.443175	202.443175	202.443
202.733424	202.733424	202.733
202.895964	202.895964	202.896
202.965624	202.965624	202.966
203.209433	203.209433	203.209
203.418413	203.418413	203.418
203.580952	203.580952	203.581
203.813152	203.813152	203.813
204.265941	204.265941	204.266
204.707120	204.707120	204.707
205.171519	205.171519	205.172
205.612698	205.612698	205.613
206.065488	206.065488	206.065
206.518277	206.518277	206.518
206.831746	206.831746	206.832
207.040726	207.040726	207.041
207.435465	207.435465	207.435
207.563175	207.563175	207.563
207.679274	207.679274	207.679
207.876644	207.876644	207.877
208.108844	208.108844	208.109
208.329433	208.329433	208.329
208.410703	208.410703	208.411
208.805442	208.805442	208.805
208.851882	208.851882	208.852
209.235011	209.235011	209.235
209.455601	209.455601	209.456
209.687800	209.687800	209.688
209.815510	209.815510	209.816
210.198639	210.198639	210.199
210.604989	210.604989	210.605
210.848798	210.848798	210.849
211.057778	211.057778	211.058
211.487347	211.487347	211.487
211.754376	211.754376	211.754
211.940136	211.940136	211.940
212.404535	212.404535	212.405
212.462585	212.462585	212.463
212.845714	212.845714	212.846
213.089524	213.089524	213.090
213.298503	213.298503	213.299
213.437823	213.437823	213.438
213.739683	213.739683	213.740
214.215692	214.215692	214.216
214.366621	214.366621	214.367
214.540771	214.540771	214.541
214.656871	214.656871	214.657
214.831020	214.831020	214.831
215.109660	215.109660	215.110
215.330249	215.330249	215.330
216.026848	216.026848	216.027
216.154558	216.154558	216.155
216.259048	216.259048	216.259
216.456417	216.456417	216.456
216.909206	216.909206	216.909
217.036916	217.036916	217.037
217.350385	217.350385	217.350
217.570975	217.570975	217.571
217.675465	217.675465	217.675
217.884444	217.884444	217.884
218.151474	218.151474	218.151
218.267574	218.267574	218.268
218.592653	218.592653	218.593
218.731973	218.731973	218.732
218.790023	218.790023	218.790
219.173152	219.173152	219.173
219.625941	219.625941	219.626
220.531519	220.531519	220.532
220.798549	220.798549	220.799
220.972698	220.972698	220.973
221.286168	221.286168	221.286
221.460317	221.460317	221.460
221.727347	221.727347	221.727
221.889887	221.889887	221.890
222.168526	222.168526	222.169
222.331066	222.331066	222.331
222.795465	222.795465	222.795
222.992834	222.992834	222.993
223.979683	223.979683	223.980
224.153832	224.153832	224.154
224.409252	224.409252	224.409
224.792381	224.792381	224.792
225.094240	225.094240	225.094
225.500590	225.500590	225.501
225.953379	225.953379	225.953
226.011429	226.011429	226.011
226.092698	226.092698	226.093
226.232018	226.232018	226.232
226.394558	226.394558	226.395
226.649977	226.649977	226.650
226.870567	226.870567	226.871
226.917007	226.917007	226.917
227.300136	227.300136	227.300
227.451066	227.451066	227.451
227.578776	227.578776	227.579
227.764535	227.764535	227.765
227.869025	227.869025	227.869
228.043175	228.043175	228.043
228.205714	228.205714	228.206
228.321814	228.321814	228.322
228.658503	228.658503	228.659
228.728163	228.728163	228.728
228.902313	228.902313	228.902
229.099683	229.099683	229.100
229.157732	229.157732	229.158
229.389932	229.389932	229.390
229.564082	229.564082	229.564
229.761451	229.761451	229.761
230.016871	230.016871	230.017
230.481270	230.481270	230.481
230.713469	230.713469	230.713
230.910839	230.910839	230.911
231.201088	231.201088	231.201
231.363628	231.363628	231.364
231.491338	231.491338	231.491
231.804807	231.804807	231.805
232.083447	232.083447	232.083
232.292426	232.292426	232.292
232.338866	232.338866	232.339
232.721995	232.721995	232.722
232.791655	232.791655	232.792
233.000635	233.000635	233.001
233.174785	233.174785	233.175
233.395374	233.395374	233.395
233.615964	233.615964	233.616
233.662404	233.662404	233.662
234.080363	234.080363	234.080
234.138413	234.138413	234.138
234.393832	234.393832	234.394
234.498322	234.498322	234.498
234.974331	234.974331	234.974
235.171701	235.171701	235.172
235.427120	235.427120	235.427
235.763810	235.763810	235.764
235.949569	235.949569	235.950
236.332698	236.332698	236.333
236.390748	236.390748	236.391
237.226667	237.226667	237.227
237.516916	237.516916	237.517
237.574966	237.574966	237.575
237.760726	237.760726	237.761
238.143855	238.143855	238.144
238.213515	238.213515	238.214
238.434104	238.434104	238.434
238.596644	238.596644	238.597
238.898503	238.898503	238.899
239.037823	239.037823	239.038
239.258413	239.258413	239.258
239.513832	239.513832	239.514
239.746032	239.746032	239.746
240.256871	240.256871	240.257
240.407800	240.407800	240.408
240.616780	240.616780	240.617
240.732880	240.732880	240.733
240.860590	240.860590	240.861
240.930249	240.930249	240.930
241.197279	241.197279	241.197
241.324989	241.324989	241.325
241.754558	241.754558	241.755
241.951927	241.951927	241.952
242.056417	242.056417	242.056
242.218957	242.218957	242.219
242.660136	242.660136	242.660
242.811066	242.811066	242.811
243.008435	243.008435	243.008
243.182585	243.182585	243.183
243.438005	243.438005	243.438
243.588934	243.588934	243.589
243.948844	243.948844	243.949
244.181043	244.181043	244.181
244.378413	244.378413	244.378
244.575782	244.575782	244.576
244.773152	244.773152	244.773
244.900862	244.900862	244.901
245.655510	245.655510	245.656
246.143129	246.143129	246.143
247.071927	247.071927	247.072
