0.406349	0.406349	0.406
1.590567	1.590567	1.591
3.889342	3.889342	3.889
6.176508	6.176508	6.177
6.385488	6.385488	6.385
6.548027	6.548027	6.548
6.722177	6.722177	6.722
9.195102	9.195102	9.195
12.689705	12.689705	12.690
12.863855	12.863855	12.864
12.921905	12.921905	12.922
13.258594	13.258594	13.259
13.339864	13.339864	13.340
13.432744	13.432744	13.433
13.757823	13.757823	13.758
14.129342	14.129342	14.129
14.419592	14.419592	14.420
14.512472	14.512472	14.512
14.593741	14.593741	14.594
14.698231	14.698231	14.698
14.802721	14.802721	14.803
14.907211	14.907211	14.907
15.081361	15.081361	15.081
15.580590	15.580590	15.581
15.836009	15.836009	15.836
16.312018	16.312018	16.312
16.462948	16.462948	16.463
16.579048	16.579048	16.579
16.695147	16.695147	16.695
16.962177	16.962177	16.962
17.055057	17.055057	17.055
17.136327	17.136327	17.136
17.240816	17.240816	17.241
17.322086	17.322086	17.322
17.496236	17.496236	17.496
18.158005	18.158005	18.158
18.634014	18.634014	18.634
18.842993	18.842993	18.843
18.959093	18.959093	18.959
19.295782	19.295782	19.296
19.516372	19.516372	19.516
19.620862	19.620862	19.621
19.748571	19.748571	19.749
19.911111	19.911111	19.911
20.085261	20.085261	20.085
20.259410	20.259410	20.259
20.387120	20.387120	20.387
20.805079	20.805079	20.805
20.990839	20.990839	20.991
21.234649	21.234649	21.235
21.420408	21.420408	21.420
21.594558	21.594558	21.595
21.791927	21.791927	21.792
21.977687	21.977687	21.978
22.070567	22.070567	22.071
22.163447	22.163447	22.163
22.651066	22.651066	22.651
23.080635	23.080635	23.081
23.208345	23.208345	23.208
23.533424	23.533424	23.533
23.812063	23.812063	23.812
23.916553	23.916553	23.917
23.986213	23.986213	23.986
24.264853	24.264853	24.265
24.462222	24.462222	24.462
24.845351	24.845351	24.845
24.915011	24.915011	24.915
25.042721	25.042721	25.043
25.193651	25.193651	25.194
25.263311	25.263311	25.263
25.379410	25.379410	25.379
25.739320	25.739320	25.739
26.076009	26.076009	26.076
26.192109	26.192109	26.192
26.377868	26.377868	26.378
26.482358	26.482358	26.482
26.610068	26.610068	26.610
26.935147	26.935147	26.935
27.074467	27.074467	27.074
27.213787	27.213787	27.214
27.353107	27.353107	27.353
27.376327	27.376327	27.376
27.445986	27.445986	27.446
27.631746	27.631746	27.632
27.759456	27.759456	27.759
28.130975	28.130975	28.131
28.363175	28.363175	28.363
28.444444	28.444444	28.444
28.525714	28.525714	28.526
28.757914	28.757914	28.758
28.815964	28.815964	28.816
29.036553	29.036553	29.037
29.222313	29.222313	29.222
29.512562	29.512562	29.513
29.651882	29.651882	29.652
29.988571	29.988571	29.989
30.325261	30.325261	30.325
30.418141	30.418141	30.418
30.603900	30.603900	30.604
30.847710	30.847710	30.848
30.952200	30.952200	30.952
31.184399	31.184399	31.184
31.288889	31.288889	31.289
31.381769	31.381769	31.382
31.451429	31.451429	31.451
31.939048	31.939048	31.939
32.066757	32.066757	32.067
32.229297	32.229297	32.229
32.333787	32.333787	32.334
32.565986	32.565986	32.566
32.844626	32.844626	32.845
32.925896	32.925896	32.926
33.018776	33.018776	33.019
33.111655	33.111655	33.112
33.216145	33.216145	33.216
33.401905	33.401905	33.402
33.506395	33.506395	33.506
33.599274	33.599274	33.599
33.703764	33.703764	33.704
33.808254	33.808254	33.808
33.912744	33.912744	33.913
34.017234	34.017234	34.017
34.110113	34.110113	34.110
34.214603	34.214603	34.215
34.829932	34.829932	34.830
35.572971	35.572971	35.573
35.677460	35.677460	35.677
36.362449	36.362449	36.362
36.548209	36.548209	36.548
36.687528	36.687528	36.688
36.977778	36.977778	36.978
37.175147	37.175147	37.175
37.477007	37.477007	37.477
38.069116	38.069116	38.069
38.370975	38.370975	38.371
38.463855	38.463855	38.464
38.661224	38.661224	38.661
38.835374	38.835374	38.835
39.067574	39.067574	39.068
39.241723	39.241723	39.242
39.415873	39.415873	39.416
39.590023	39.590023	39.590
39.671293	39.671293	39.671
39.775782	39.775782	39.776
39.949932	39.949932	39.950
40.042812	40.042812	40.043
40.147302	40.147302	40.147
40.356281	40.356281	40.356
40.495601	40.495601	40.496
40.646531	40.646531	40.647
40.913560	40.913560	40.914
41.343129	41.343129	41.343
42.155828	42.155828	42.156
42.922086	42.922086	42.922
43.084626	43.084626	43.085
43.165896	43.165896	43.166
43.525805	43.525805	43.526
43.827664	43.827664	43.828
43.978594	43.978594	43.979
44.280454	44.280454	44.280
44.454603	44.454603	44.455
44.617143	44.617143	44.617
44.802902	44.802902	44.803
44.930612	44.930612	44.931
45.186032	45.186032	45.186
45.406621	45.406621	45.407
45.603991	45.603991	45.604
45.743311	45.743311	45.743
45.929070	45.929070	45.929
46.056780	46.056780	46.057
46.126440	46.126440	46.126
46.300590	46.300590	46.301
46.532789	46.532789	46.533
46.962358	46.962358	46.962
47.124898	47.124898	47.125
47.252608	47.252608	47.253
47.484807	47.484807	47.485
47.600907	47.600907	47.601
47.867937	47.867937	47.868
47.960816	47.960816	47.961
48.634195	48.634195	48.634
48.761905	48.761905	48.762
49.609433	49.609433	49.609
49.737143	49.737143	49.737
50.050612	50.050612	50.051
50.178322	50.178322	50.178
50.259592	50.259592	50.260
50.422132	50.422132	50.422
50.480181	50.480181	50.480
50.631111	50.631111	50.631
50.816871	50.816871	50.817
50.909751	50.909751	50.910
51.002630	51.002630	51.003
51.292880	51.292880	51.293
51.513469	51.513469	51.513
51.699229	51.699229	51.699
52.082358	52.082358	52.082
52.163628	52.163628	52.164
52.233288	52.233288	52.233
52.407438	52.407438	52.407
52.593197	52.593197	52.593
52.709297	52.709297	52.709
52.813787	52.813787	52.814
52.964717	52.964717	52.965
53.336236	53.336236	53.336
53.487166	53.487166	53.487
53.626485	53.626485	53.626
53.742585	53.742585	53.743
54.044444	54.044444	54.044
54.230204	54.230204	54.230
54.613333	54.613333	54.613
55.054512	55.054512	55.055
55.333152	55.333152	55.333
55.460862	55.460862	55.461
55.530522	55.530522	55.531
56.308390	56.308390	56.308
56.412880	56.412880	56.413
56.737959	56.737959	56.738
57.039819	57.039819	57.040
57.213968	57.213968	57.214
57.341678	57.341678	57.342
57.585488	57.585488	57.585
57.864127	57.864127	57.864
58.015057	58.015057	58.015
58.131156	58.131156	58.131
58.374966	58.374966	58.375
58.583946	58.583946	58.584
58.746485	58.746485	58.746
58.897415	58.897415	58.897
58.967075	58.967075	58.967
59.094785	59.094785	59.095
59.187664	59.187664	59.188
59.257324	59.257324	59.257
59.361814	59.361814	59.362
59.454694	59.454694	59.455
59.547574	59.547574	59.548
59.756553	59.756553	59.757
59.837823	59.837823	59.838
59.919093	59.919093	59.919
60.035193	60.035193	60.035
60.569252	60.569252	60.569
61.405170	61.405170	61.405
61.498050	61.498050	61.498
61.567710	61.567710	61.568
61.823129	61.823129	61.823
61.962449	61.962449	61.962
62.148209	62.148209	62.148
62.264308	62.264308	62.264
62.380408	62.380408	62.380
62.554558	62.554558	62.555
62.693878	62.693878	62.694
62.786757	62.786757	62.787
62.879637	62.879637	62.880
62.960907	62.960907	62.961
63.111837	63.111837	63.112
63.332426	63.332426	63.332
63.622676	63.622676	63.623
63.692336	63.692336	63.692
63.820045	63.820045	63.820
63.947755	63.947755	63.948
64.075465	64.075465	64.075
64.179955	64.179955	64.180
64.342494	64.342494	64.342
64.528254	64.528254	64.528
64.690794	64.690794	64.691
64.795283	64.795283	64.795
64.888163	64.888163	64.888
65.143583	65.143583	65.144
65.236463	65.236463	65.236
65.410612	65.410612	65.411
65.642812	65.642812	65.643
65.828571	65.828571	65.829
66.409070	66.409070	66.409
66.513560	66.513560	66.514
66.687710	66.687710	66.688
66.768980	66.768980	66.769
66.873469	66.873469	66.873
66.989569	66.989569	66.990
67.082449	67.082449	67.082
67.175329	67.175329	67.175
67.268209	67.268209	67.268
67.337868	67.337868	67.338
67.442358	67.442358	67.442
67.616508	67.616508	67.617
67.976417	67.976417	67.976
68.197007	68.197007	68.197
68.568526	68.568526	68.569
68.731066	68.731066	68.731
69.009705	69.009705	69.010
69.172245	69.172245	69.172
69.253515	69.253515	69.254
69.346395	69.346395	69.346
69.427664	69.427664	69.428
69.520544	69.520544	69.521
69.613424	69.613424	69.613
69.694694	69.694694	69.695
69.787574	69.787574	69.788
69.950113	69.950113	69.950
70.217143	70.217143	70.217
70.484172	70.484172	70.484
70.577052	70.577052	70.577
70.669932	70.669932	70.670
70.786032	70.786032	70.786
70.936961	70.936961	70.937
71.308481	71.308481	71.308
71.505850	71.505850	71.506
71.668390	71.668390	71.668
71.714830	71.714830	71.715
71.877370	71.877370	71.877
72.086349	72.086349	72.086
72.225669	72.225669	72.226
72.341769	72.341769	72.342
72.423039	72.423039	72.423
72.515918	72.515918	72.516
72.829388	72.829388	72.829
72.968707	72.968707	72.969
73.131247	73.131247	73.131
73.200907	73.200907	73.201
73.375057	73.375057	73.375
73.491156	73.491156	73.491
73.572426	73.572426	73.572
73.665306	73.665306	73.665
73.862676	73.862676	73.863
73.955556	73.955556	73.956
74.060045	74.060045	74.060
74.536054	74.536054	74.536
74.640544	74.640544	74.641
74.907574	74.907574	74.908
75.070113	75.070113	75.070
75.476463	75.476463	75.476
75.906032	75.906032	75.906
76.486531	76.486531	76.487
76.788390	76.788390	76.788
77.043810	77.043810	77.044
77.217959	77.217959	77.218
77.287619	77.287619	77.288
77.334059	77.334059	77.334
77.403719	77.403719	77.404
77.473379	77.473379	77.473
77.601088	77.601088	77.601
78.065488	78.065488	78.065
78.471837	78.471837	78.472
78.692426	78.692426	78.692
78.866576	78.866576	78.867
79.075556	79.075556	79.076
79.377415	79.377415	79.377
79.551565	79.551565	79.552
79.888254	79.888254	79.888
79.981134	79.981134	79.981
80.050794	80.050794	80.051
80.155283	80.155283	80.155
80.213333	80.213333	80.213
80.317823	80.317823	80.318
80.468753	80.468753	80.469
80.619683	80.619683	80.620
80.805442	80.805442	80.805
80.967982	80.967982	80.968
81.130522	81.130522	81.131
81.258231	81.258231	81.258
81.455601	81.455601	81.456
81.536871	81.536871	81.537
81.618141	81.618141	81.618
81.711020	81.711020	81.711
81.792290	81.792290	81.792
81.920000	81.920000	81.920
82.036100	82.036100	82.036
82.117370	82.117370	82.117
82.361179	82.361179	82.361
82.825578	82.825578	82.826
82.953288	82.953288	82.953
83.278367	83.278367	83.278
83.336417	83.336417	83.336
83.673107	83.673107	83.673
83.754376	83.754376	83.754
83.882086	83.882086	83.882
84.009796	84.009796	84.010
84.311655	84.311655	84.312
84.520635	84.520635	84.521
84.648345	84.648345	84.648
84.729615	84.729615	84.730
85.066304	85.066304	85.066
85.159184	85.159184	85.159
85.321723	85.321723	85.322
85.379773	85.379773	85.380
85.786122	85.786122	85.786
85.948662	85.948662	85.949
86.227302	86.227302	86.227
86.413061	86.413061	86.413
86.482721	86.482721	86.483
86.575601	86.575601	86.576
86.645261	86.645261	86.645
86.726531	86.726531	86.727
86.912290	86.912290	86.912
87.098050	87.098050	87.098
87.202540	87.202540	87.203
87.365079	87.365079	87.365
87.516009	87.516009	87.516
88.026848	88.026848	88.027
88.317098	88.317098	88.317
88.433197	88.433197	88.433
88.537687	88.537687	88.538
88.874376	88.874376	88.874
89.292336	89.292336	89.292
89.570975	89.570975	89.571
89.721905	89.721905	89.722
89.907664	89.907664	89.908
90.139864	90.139864	90.140
90.221134	90.221134	90.221
90.314014	90.314014	90.314
90.395283	90.395283	90.395
90.499773	90.499773	90.500
90.592653	90.592653	90.593
90.685533	90.685533	90.686
90.848073	90.848073	90.848
90.940952	90.940952	90.941
91.033832	91.033832	91.034
91.207982	91.207982	91.208
91.475011	91.475011	91.475
91.556281	91.556281	91.556
91.637551	91.637551	91.638
91.858141	91.858141	91.858
92.020680	92.020680	92.021
92.287710	92.287710	92.288
92.636009	92.636009	92.636
92.763719	92.763719	92.764
92.856599	92.856599	92.857
93.158458	93.158458	93.158
93.344218	93.344218	93.344
93.611247	93.611247	93.611
93.797007	93.797007	93.797
93.971156	93.971156	93.971
94.238186	94.238186	94.238
94.493605	94.493605	94.494
94.853515	94.853515	94.854
95.283084	95.283084	95.283
95.399184	95.399184	95.399
95.526893	95.526893	95.527
95.724263	95.724263	95.724
95.933243	95.933243	95.933
96.060952	96.060952	96.061
96.130612	96.130612	96.131
96.211882	96.211882	96.212
96.269932	96.269932	96.270
96.560181	96.560181	96.560
96.653061	96.653061	96.653
96.803991	96.803991	96.804
96.931701	96.931701	96.932
97.175510	97.175510	97.176
97.303220	97.303220	97.303
97.396100	97.396100	97.396
97.523810	97.523810	97.524
97.605079	97.605079	97.605
97.697959	97.697959	97.698
97.860499	97.860499	97.860
97.918549	97.918549	97.919
98.034649	98.034649	98.035
98.232018	98.232018	98.232
98.324898	98.324898	98.325
98.417778	98.417778	98.418
98.580317	98.580317	98.580
98.777687	98.777687	98.778
99.091156	99.091156	99.091
99.195646	99.195646	99.196
99.265306	99.265306	99.265
99.416236	99.416236	99.416
99.660045	99.660045	99.660
99.869025	99.869025	99.869
99.985125	99.985125	99.985
100.089615	100.089615	100.090
100.263764	100.263764	100.264
100.379864	100.379864	100.380
100.461134	100.461134	100.461
100.554014	100.554014	100.554
100.646893	100.646893	100.647
100.821043	100.821043	100.821
100.960363	100.960363	100.960
101.064853	101.064853	101.065
101.250612	101.250612	101.251
101.668571	101.668571	101.669
102.040091	102.040091	102.040
102.214240	102.214240	102.214
102.330340	102.330340	102.330
102.504490	102.504490	102.504
102.574150	102.574150	102.574
102.597370	102.597370	102.597
102.678639	102.678639	102.679
103.003719	103.003719	103.004
103.444898	103.444898	103.445
103.491338	103.491338	103.491
103.584218	103.584218	103.584
103.804807	103.804807	103.805
103.932517	103.932517	103.933
104.118277	104.118277	104.118
104.245986	104.245986	104.246
104.675556	104.675556	104.676
105.116735	105.116735	105.117
105.348934	105.348934	105.349
105.557914	105.557914	105.558
105.708844	105.708844	105.709
105.964263	105.964263	105.964
106.219683	106.219683	106.220
106.370612	106.370612	106.371
106.556372	106.556372	106.556
106.811791	106.811791	106.812
106.939501	106.939501	106.940
107.136871	107.136871	107.137
107.229751	107.229751	107.230
107.322630	107.322630	107.323
107.415510	107.415510	107.416
107.508390	107.508390	107.508
107.682540	107.682540	107.683
107.891519	107.891519	107.892
107.972789	107.972789	107.973
108.065669	108.065669	108.066
108.146939	108.146939	108.147
108.228209	108.228209	108.228
108.379138	108.379138	108.379
108.506848	108.506848	108.507
109.191837	109.191837	109.192
109.342766	109.342766	109.343
109.505306	109.505306	109.505
109.818776	109.818776	109.819
110.074195	110.074195	110.074
110.271565	110.271565	110.272
110.457324	110.457324	110.457
110.608254	110.608254	110.608
110.852063	110.852063	110.852
110.944943	110.944943	110.945
111.026213	111.026213	111.026
111.130703	111.130703	111.131
111.293243	111.293243	111.293
111.386122	111.386122	111.386
111.490612	111.490612	111.491
111.583492	111.583492	111.583
111.873741	111.873741	111.874
112.013061	112.013061	112.013
112.117551	112.117551	112.118
112.210431	112.210431	112.210
112.303311	112.303311	112.303
112.756100	112.756100	112.756
112.907029	112.907029	112.907
113.092789	113.092789	113.093
113.185669	113.185669	113.186
113.324989	113.324989	113.325
113.533968	113.533968	113.534
113.766168	113.766168	113.766
113.975147	113.975147	113.975
114.114467	114.114467	114.114
114.288617	114.288617	114.289
114.404717	114.404717	114.405
114.509206	114.509206	114.509
114.590476	114.590476	114.590
114.694966	114.694966	114.695
114.776236	114.776236	114.776
114.869116	114.869116	114.869
114.961995	114.961995	114.962
115.066485	115.066485	115.066
115.240635	115.240635	115.241
115.484444	115.484444	115.484
115.577324	115.577324	115.577
116.006893	116.006893	116.007
116.111383	116.111383	116.111
116.366803	116.366803	116.367
116.506122	116.506122	116.506
116.575782	116.575782	116.576
116.773152	116.773152	116.773
117.086621	117.086621	117.087
117.249161	117.249161	117.249
117.353651	117.353651	117.354
117.458141	117.458141	117.458
117.539410	117.539410	117.539
117.725170	117.725170	117.725
117.899320	117.899320	117.899
117.957370	117.957370	117.957
118.096689	118.096689	118.097
118.224399	118.224399	118.224
118.503039	118.503039	118.503
118.665578	118.665578	118.666
118.944218	118.944218	118.944
119.071927	119.071927	119.072
119.304127	119.304127	119.304
119.524717	119.524717	119.525
119.814966	119.814966	119.815
120.302585	120.302585	120.303
120.569615	120.569615	120.570
120.685714	120.685714	120.686
120.766984	120.766984	120.767
120.825034	120.825034	120.825
120.952744	120.952744	120.953
121.126893	121.126893	121.127
121.533243	121.533243	121.533
121.765442	121.765442	121.765
121.823492	121.823492	121.823
121.927982	121.927982	121.928
122.009252	122.009252	122.009
122.183401	122.183401	122.183
122.287891	122.287891	122.288
122.403991	122.403991	122.404
122.496871	122.496871	122.497
122.705850	122.705850	122.706
122.868390	122.868390	122.868
123.042540	123.042540	123.043
123.263129	123.263129	123.263
123.576599	123.576599	123.577
123.750748	123.750748	123.751
123.797188	123.797188	123.797
123.994558	123.994558	123.995
124.145488	124.145488	124.145
124.249977	124.249977	124.250
124.331247	124.331247	124.331
124.412517	124.412517	124.413
124.517007	124.517007	124.517
124.598277	124.598277	124.598
124.691156	124.691156	124.691
124.772426	124.772426	124.772
124.853696	124.853696	124.854
125.004626	125.004626	125.005
125.109116	125.109116	125.109
125.306485	125.306485	125.306
125.387755	125.387755	125.388
125.515465	125.515465	125.515
125.747664	125.747664	125.748
125.852154	125.852154	125.852
126.003084	126.003084	126.003
126.351383	126.351383	126.351
126.746122	126.746122	126.746
126.850612	126.850612	126.851
126.920272	126.920272	126.920
127.291791	127.291791	127.292
127.442721	127.442721	127.443
127.640091	127.640091	127.640
127.837460	127.837460	127.837
128.023220	128.023220	128.023
128.185760	128.185760	128.186
128.325079	128.325079	128.325
128.476009	128.476009	128.476
128.568889	128.568889	128.569
128.696599	128.696599	128.697
128.766259	128.766259	128.766
128.952018	128.952018	128.952
129.068118	129.068118	129.068
129.335147	129.335147	129.335
129.660227	129.660227	129.660
129.811156	129.811156	129.811
130.194286	130.194286	130.194
130.589025	130.589025	130.589
130.670295	130.670295	130.670
130.739955	130.739955	130.740
130.879274	130.879274	130.879
131.076644	131.076644	131.077
131.192744	131.192744	131.193
131.274014	131.274014	131.274
131.378503	131.378503	131.379
131.552653	131.552653	131.553
131.750023	131.750023	131.750
131.866122	131.866122	131.866
131.970612	131.970612	131.971
132.063492	132.063492	132.063
132.191202	132.191202	132.191
132.376961	132.376961	132.377
132.690431	132.690431	132.690
132.911020	132.911020	132.911
132.992290	132.992290	132.992
133.085170	133.085170	133.085
133.178050	133.178050	133.178
133.282540	133.282540	133.283
133.456689	133.456689	133.457
133.549569	133.549569	133.550
133.758549	133.758549	133.759
133.874649	133.874649	133.875
134.072018	134.072018	134.072
134.280998	134.280998	134.281
134.478367	134.478367	134.478
134.548027	134.548027	134.548
134.652517	134.652517	134.653
134.768617	134.768617	134.769
134.931156	134.931156	134.931
135.035646	135.035646	135.036
135.209796	135.209796	135.210
135.291066	135.291066	135.291
135.383946	135.383946	135.384
135.465215	135.465215	135.465
135.709025	135.709025	135.709
135.952834	135.952834	135.953
136.045714	136.045714	136.046
136.126984	136.126984	136.127
136.208254	136.208254	136.208
136.370794	136.370794	136.371
136.440454	136.440454	136.440
136.591383	136.591383	136.591
136.753923	136.753923	136.754
136.858413	136.858413	136.858
136.939683	136.939683	136.940
137.032562	137.032562	137.033
137.102222	137.102222	137.102
137.241542	137.241542	137.242
137.346032	137.346032	137.346
137.415692	137.415692	137.416
137.496961	137.496961	137.497
137.671111	137.671111	137.671
137.787211	137.787211	137.787
138.031020	138.031020	138.031
138.123900	138.123900	138.124
138.216780	138.216780	138.217
138.298050	138.298050	138.298
138.390930	138.390930	138.391
138.576689	138.576689	138.577
138.843719	138.843719	138.844
139.006259	139.006259	139.006
139.273288	139.273288	139.273
139.354558	139.354558	139.355
139.459048	139.459048	139.459
139.644807	139.644807	139.645
139.726077	139.726077	139.726
139.900227	139.900227	139.900
140.016327	140.016327	140.016
140.178866	140.178866	140.179
140.585215	140.585215	140.585
140.770975	140.770975	140.771
140.817415	140.817415	140.817
141.246984	141.246984	141.247
141.386304	141.386304	141.386
141.514014	141.514014	141.514
141.676553	141.676553	141.677
141.792653	141.792653	141.793
141.897143	141.897143	141.897
142.048073	142.048073	142.048
142.373152	142.373152	142.373
142.570522	142.570522	142.571
143.092971	143.092971	143.093
143.429660	143.429660	143.430
144.056599	144.056599	144.057
144.184308	144.184308	144.184
144.428118	144.428118	144.428
144.497778	144.497778	144.498
144.671927	144.671927	144.672
144.904127	144.904127	144.904
145.008617	145.008617	145.009
145.171156	145.171156	145.171
145.240816	145.240816	145.241
145.356916	145.356916	145.357
145.531066	145.531066	145.531
145.589116	145.589116	145.589
146.088345	146.088345	146.088
146.227664	146.227664	146.228
146.401814	146.401814	146.402
146.529524	146.529524	146.530
146.610794	146.610794	146.611
146.947483	146.947483	146.947
146.993923	146.993923	146.994
147.051973	147.051973	147.052
147.191293	147.191293	147.191
147.295782	147.295782	147.296
147.446712	147.446712	147.447
147.818231	147.818231	147.818
147.911111	147.911111	147.911
148.085261	148.085261	148.085
148.329070	148.329070	148.329
148.421950	148.421950	148.422
148.526440	148.526440	148.526
148.735420	148.735420	148.735
148.805079	148.805079	148.805
148.932789	148.932789	148.933
149.025669	149.025669	149.026
149.176599	149.176599	149.177
149.466848	149.466848	149.467
149.571338	149.571338	149.571
149.768707	149.768707	149.769
149.942857	149.942857	149.943
150.395646	150.395646	150.396
151.289615	151.289615	151.290
151.394104	151.394104	151.394
151.637914	151.637914	151.638
151.893333	151.893333	151.893
152.218413	152.218413	152.218
152.380952	152.380952	152.381
152.613152	152.613152	152.613
152.740862	152.740862	152.741
153.054331	153.054331	153.054
153.309751	153.309751	153.310
153.495510	153.495510	153.496
153.611610	153.611610	153.612
153.994739	153.994739	153.995
154.029569	154.029569	154.030
154.122449	154.122449	154.122
154.238549	154.238549	154.239
154.482358	154.482358	154.482
154.772608	154.772608	154.773
154.981587	154.981587	154.982
155.074467	155.074467	155.074
155.237007	155.237007	155.237
155.434376	155.434376	155.434
155.631746	155.631746	155.632
155.898776	155.898776	155.899
156.189025	156.189025	156.189
156.548934	156.548934	156.549
156.723084	156.723084	156.723
156.932063	156.932063	156.932
157.082993	157.082993	157.083
157.141043	157.141043	157.141
157.384853	157.384853	157.385
157.849252	157.849252	157.849
158.035011	158.035011	158.035
158.267211	158.267211	158.267
158.545850	158.545850	158.546
158.661950	158.661950	158.662
158.801270	158.801270	158.801
158.905760	158.905760	158.906
159.114739	159.114739	159.115
159.242449	159.242449	159.242
159.393379	159.393379	159.393
159.660408	159.660408	159.660
159.741678	159.741678	159.742
159.869388	159.869388	159.869
160.008707	160.008707	160.009
160.264127	160.264127	160.264
160.357007	160.357007	160.357
160.461497	160.461497	160.461
160.658866	160.658866	160.659
160.740136	160.740136	160.740
160.867846	160.867846	160.868
160.960726	160.960726	160.961
161.030385	161.030385	161.030
161.111655	161.111655	161.112
161.204535	161.204535	161.205
161.518005	161.518005	161.518
161.657324	161.657324	161.657
161.773424	161.773424	161.773
161.924354	161.924354	161.924
162.028844	162.028844	162.029
162.202993	162.202993	162.203
162.400363	162.400363	162.400
162.632562	162.632562	162.633
162.760272	162.760272	162.760
162.934422	162.934422	162.934
163.096961	163.096961	163.097
163.259501	163.259501	163.260
163.317551	163.317551	163.318
163.375601	163.375601	163.376
163.480091	163.480091	163.480
163.549751	163.549751	163.550
163.654240	163.654240	163.654
163.747120	163.747120	163.747
163.898050	163.898050	163.898
164.002540	164.002540	164.003
164.420499	164.420499	164.420
164.850068	164.850068	164.850
165.012608	165.012608	165.013
165.209977	165.209977	165.210
165.279637	165.279637	165.280
165.302857	165.302857	165.303
165.430567	165.430567	165.431
165.732426	165.732426	165.732
165.953016	165.953016	165.953
166.196825	166.196825	166.197
166.243265	166.243265	166.243
166.417415	166.417415	166.417
166.649615	166.649615	166.650
166.730884	166.730884	166.731
166.812154	166.812154	166.812
166.916644	166.916644	166.917
167.009524	167.009524	167.010
167.090794	167.090794	167.091
167.183673	167.183673	167.184
167.276553	167.276553	167.277
167.671293	167.671293	167.671
167.787392	167.787392	167.787
168.066032	168.066032	168.066
168.182132	168.182132	168.182
168.379501	168.379501	168.380
168.460771	168.460771	168.461
168.530431	168.530431	168.530
168.623311	168.623311	168.623
168.692971	168.692971	168.693
168.855510	168.855510	168.856
168.948390	168.948390	168.948
169.087710	169.087710	169.088
169.192200	169.192200	169.192
169.308299	169.308299	169.308
169.447619	169.447619	169.448
169.505669	169.505669	169.506
169.726259	169.726259	169.726
169.842358	169.842358	169.842
169.993288	169.993288	169.993
170.097778	170.097778	170.098
170.190658	170.190658	170.191
170.283537	170.283537	170.284
170.364807	170.364807	170.365
170.469297	170.469297	170.469
170.550567	170.550567	170.551
170.643447	170.643447	170.643
170.724717	170.724717	170.725
170.805986	170.805986	170.806
170.898866	170.898866	170.899
170.980136	170.980136	170.980
171.073016	171.073016	171.073
171.165896	171.165896	171.166
171.247166	171.247166	171.247
171.340045	171.340045	171.340
171.421315	171.421315	171.421
171.549025	171.549025	171.549
171.618685	171.618685	171.619
171.816054	171.816054	171.816
171.908934	171.908934	171.909
172.280454	172.280454	172.280
172.477823	172.477823	172.478
172.570703	172.570703	172.571
172.733243	172.733243	172.733
173.267302	173.267302	173.267
173.429841	173.429841	173.430
173.534331	173.534331	173.534
173.615601	173.615601	173.616
173.696871	173.696871	173.697
173.859410	173.859410	173.859
174.010340	174.010340	174.010
174.080000	174.080000	174.080
174.300590	174.300590	174.301
174.428299	174.428299	174.428
174.521179	174.521179	174.521
174.590839	174.590839	174.591
174.753379	174.753379	174.753
174.834649	174.834649	174.835
175.194558	175.194558	175.195
175.299048	175.299048	175.299
175.357098	175.357098	175.357
175.542857	175.542857	175.543
175.775057	175.775057	175.775
175.972426	175.972426	175.972
176.111746	176.111746	176.112
176.193016	176.193016	176.193
176.274286	176.274286	176.274
176.471655	176.471655	176.472
176.610975	176.610975	176.611
176.819955	176.819955	176.820
177.179864	177.179864	177.180
177.435283	177.435283	177.435
177.644263	177.644263	177.644
177.934512	177.934512	177.935
178.097052	178.097052	178.097
178.317642	178.317642	178.318
178.538231	178.538231	178.538
178.700771	178.700771	178.701
178.782041	178.782041	178.782
178.956190	178.956190	178.956
179.408980	179.408980	179.409
179.594739	179.594739	179.595
179.734059	179.734059	179.734
180.059138	180.059138	180.059
180.186848	180.186848	180.187
180.558367	180.558367	180.558
180.674467	180.674467	180.674
180.744127	180.744127	180.744
180.848617	180.848617	180.849
180.929887	180.929887	180.930
181.022766	181.022766	181.023
181.104036	181.104036	181.104
181.196916	181.196916	181.197
181.289796	181.289796	181.290
181.359456	181.359456	181.359
181.440726	181.440726	181.441
181.614875	181.614875	181.615
181.765805	181.765805	181.766
181.847075	181.847075	181.847
182.009615	182.009615	182.010
182.102494	182.102494	182.102
182.311474	182.311474	182.311
182.439184	182.439184	182.439
182.787483	182.787483	182.787
182.845533	182.845533	182.846
182.926803	182.926803	182.927
183.124172	183.124172	183.124
183.217052	183.217052	183.217
183.344762	183.344762	183.345
183.437642	183.437642	183.438
183.507302	183.507302	183.507
183.611791	183.611791	183.612
183.855601	183.855601	183.856
183.948481	183.948481	183.948
184.041361	184.041361	184.041
184.238730	184.238730	184.239
184.296780	184.296780	184.297
184.354830	184.354830	184.355
184.552200	184.552200	184.552
184.633469	184.633469	184.633
184.772789	184.772789	184.773
184.888889	184.888889	184.889
185.004989	185.004989	185.005
185.167528	185.167528	185.168
185.237188	185.237188	185.237
185.643537	185.643537	185.644
185.794467	185.794467	185.794
185.887347	185.887347	185.887
186.015057	186.015057	186.015
186.212426	186.212426	186.212
186.328526	186.328526	186.329
186.781315	186.781315	186.781
187.036735	187.036735	187.037
187.419864	187.419864	187.420
187.559184	187.559184	187.559
187.733333	187.733333	187.733
187.930703	187.930703	187.931
188.116463	188.116463	188.116
188.290612	188.290612	188.291
188.395102	188.395102	188.395
188.534422	188.534422	188.534
188.662132	188.662132	188.662
188.824671	188.824671	188.825
189.022041	189.022041	189.022
189.405170	189.405170	189.405
189.683810	189.683810	189.684
189.857959	189.857959	189.858
189.962449	189.962449	189.962
190.032109	190.032109	190.032
190.148209	190.148209	190.148
190.299138	190.299138	190.299
191.239546	191.239546	191.240
191.378866	191.378866	191.379
191.553016	191.553016	191.553
191.680726	191.680726	191.681
191.796825	191.796825	191.797
191.959365	191.959365	191.959
192.063855	192.063855	192.064
192.145125	192.145125	192.145
192.238005	192.238005	192.238
192.330884	192.330884	192.331
192.423764	192.423764	192.424
192.505034	192.505034	192.505
192.597914	192.597914	192.598
192.679184	192.679184	192.679
193.015873	193.015873	193.016
193.340952	193.340952	193.341
193.538322	193.538322	193.538
193.898231	193.898231	193.898
194.060771	194.060771	194.061
194.165261	194.165261	194.165
194.327800	194.327800	194.328
194.397460	194.397460	194.397
194.571610	194.571610	194.572
194.652880	194.652880	194.653
194.722540	194.722540	194.723
194.815419	194.815419	194.815
194.885079	194.885079	194.885
194.977959	194.977959	194.978
195.128889	195.128889	195.129
195.732608	195.732608	195.733
196.057687	196.057687	196.058
196.127347	196.127347	196.127
196.243447	196.243447	196.243
196.405986	196.405986	196.406
196.649796	196.649796	196.650
196.789116	196.789116	196.789
197.009705	197.009705	197.010
197.114195	197.114195	197.114
197.183855	197.183855	197.184
197.241905	197.241905	197.242
197.392834	197.392834	197.393
197.508934	197.508934	197.509
197.706304	197.706304	197.706
197.764354	197.764354	197.764
197.845624	197.845624	197.846
197.938503	197.938503	197.939
198.031383	198.031383	198.031
198.193923	198.193923	198.194
198.263583	198.263583	198.264
198.344853	198.344853	198.345
198.530612	198.530612	198.531
198.681542	198.681542	198.682
198.809252	198.809252	198.809
199.029841	199.029841	199.030
199.192381	199.192381	199.192
199.285261	199.285261	199.285
199.366531	199.366531	199.367
199.447800	199.447800	199.448
199.633560	199.633560	199.634
199.714830	199.714830	199.715
199.888980	199.888980	199.889
200.051519	200.051519	200.052
200.144399	200.144399	200.144
200.214059	200.214059	200.214
200.388209	200.388209	200.388
200.481088	200.481088	200.481
200.666848	200.666848	200.667
200.759728	200.759728	200.760
200.922268	200.922268	200.922
201.049977	201.049977	201.050
201.282177	201.282177	201.282
201.444717	201.444717	201.445
201.525986	201.525986	201.526
201.793016	201.793016	201.793
201.990385	201.990385	201.990
202.094875	202.094875	202.095
202.176145	202.176145	202.176
202.443175	202.443175	202.443
202.849524	202.849524	202.850
203.128163	203.128163	203.128
203.197823	203.197823	203.198
203.290703	203.290703	203.291
203.383583	203.383583	203.384
203.488073	203.488073	203.488
203.569342	203.569342	203.569
203.755102	203.755102	203.755
203.847982	203.847982	203.848
203.940862	203.940862	203.941
204.138231	204.138231	204.138
204.567800	204.567800	204.568
204.823220	204.823220	204.823
204.892880	204.892880	204.893
204.974150	204.974150	204.974
205.345669	205.345669	205.346
205.450159	205.450159	205.450
205.833288	205.833288	205.833
206.065488	206.065488	206.065
206.576327	206.576327	206.576
206.843356	206.843356	206.843
207.760544	207.760544	207.761
208.805442	208.805442	208.805
209.931610	209.931610	209.932
211.278367	211.278367	211.278
