0.580499	0.580499	0.580
0.731429	0.731429	0.731
0.893968	0.893968	0.894
1.369977	1.369977	1.370
1.520907	1.520907	1.521
1.834376	1.834376	1.834
2.136236	2.136236	2.136
2.298776	2.298776	2.299
2.461315	2.461315	2.461
2.623855	2.623855	2.624
2.774785	2.774785	2.775
3.076644	3.076644	3.077
3.413333	3.413333	3.413
3.552653	3.552653	3.553
3.726803	3.726803	3.727
4.028662	4.028662	4.029
4.353741	4.353741	4.354
4.667211	4.667211	4.667
4.829751	4.829751	4.830
4.980680	4.980680	4.981
5.131610	5.131610	5.132
5.294150	5.294150	5.294
5.607619	5.607619	5.608
5.746939	5.746939	5.747
5.921088	5.921088	5.921
6.246168	6.246168	6.246
6.548027	6.548027	6.548
6.698957	6.698957	6.699
6.861497	6.861497	6.861
7.186576	7.186576	7.187
7.488435	7.488435	7.488
7.813515	7.813515	7.814
8.126984	8.126984	8.127
8.440454	8.440454	8.440
8.753923	8.753923	8.754
9.079002	9.079002	9.079
9.392472	9.392472	9.392
9.531791	9.531791	9.532
9.694331	9.694331	9.694
9.856871	9.856871	9.857
10.019410	10.019410	10.019
10.332880	10.332880	10.333
10.495420	10.495420	10.495
10.634739	10.634739	10.635
10.959819	10.959819	10.960
11.110748	11.110748	11.111
11.261678	11.261678	11.262
11.586757	11.586757	11.587
11.900227	11.900227	11.900
12.225306	12.225306	12.225
12.376236	12.376236	12.376
12.527166	12.527166	12.527
12.689705	12.689705	12.690
12.852245	12.852245	12.852
13.165714	13.165714	13.166
13.316644	13.316644	13.317
13.479184	13.479184	13.479
13.618503	13.618503	13.619
13.792653	13.792653	13.793
14.106122	14.106122	14.106
14.257052	14.257052	14.257
14.407982	14.407982	14.408
14.744671	14.744671	14.745
14.883991	14.883991	14.884
15.046531	15.046531	15.047
15.360000	15.360000	15.360
15.685079	15.685079	15.685
16.010159	16.010159	16.010
16.149478	16.149478	16.149
16.300408	16.300408	16.300
16.462948	16.462948	16.463
16.625488	16.625488	16.625
16.938957	16.938957	16.939
17.252426	17.252426	17.252
17.403356	17.403356	17.403
17.565896	17.565896	17.566
17.879365	17.879365	17.879
18.030295	18.030295	18.030
18.181224	18.181224	18.181
18.343764	18.343764	18.344
18.529524	18.529524	18.530
18.831383	18.831383	18.831
18.982313	18.982313	18.982
19.144853	19.144853	19.145
19.458322	19.458322	19.458
19.771791	19.771791	19.772
19.922721	19.922721	19.923
20.073651	20.073651	20.074
20.259410	20.259410	20.259
20.398730	20.398730	20.399
20.712200	20.712200	20.712
20.863129	20.863129	20.863
21.025669	21.025669	21.026
21.176599	21.176599	21.177
21.339138	21.339138	21.339
21.652608	21.652608	21.653
21.803537	21.803537	21.804
21.954467	21.954467	21.954
22.291156	22.291156	22.291
22.627846	22.627846	22.628
22.790385	22.790385	22.790
22.918095	22.918095	22.918
23.301224	23.301224	23.301
23.556644	23.556644	23.557
23.730794	23.730794	23.731
23.858503	23.858503	23.859
24.195193	24.195193	24.195
24.555102	24.555102	24.555
24.659592	24.659592	24.660
25.123991	25.123991	25.124
25.437460	25.437460	25.437
25.646440	25.646440	25.646
25.774150	25.774150	25.774
25.878639	25.878639	25.879
26.076009	26.076009	26.076
26.366259	26.366259	26.366
26.435918	26.435918	26.436
26.552018	26.552018	26.552
26.691338	26.691338	26.691
27.016417	27.016417	27.016
27.701406	27.701406	27.701
27.852336	27.852336	27.852
28.014875	28.014875	28.015
28.096145	28.096145	28.096
28.583764	28.583764	28.584
28.908844	28.908844	28.909
29.199093	29.199093	29.199
29.350023	29.350023	29.350
29.500952	29.500952	29.501
29.837642	29.837642	29.838
30.162721	30.162721	30.163
30.452971	30.452971	30.453
30.801270	30.801270	30.801
30.940590	30.940590	30.941
31.068299	31.068299	31.068
31.230839	31.230839	31.231
31.404989	31.404989	31.405
31.753288	31.753288	31.753
31.880998	31.880998	31.881
32.171247	32.171247	32.171
32.333787	32.333787	32.334
32.682086	32.682086	32.682
32.972336	32.972336	32.972
33.030385	33.030385	33.030
33.100045	33.100045	33.100
33.274195	33.274195	33.274
33.599274	33.599274	33.599
33.935964	33.935964	33.936
34.226213	34.226213	34.226
34.562902	34.562902	34.563
34.841542	34.841542	34.842
35.015692	35.015692	35.016
35.189841	35.189841	35.190
35.514921	35.514921	35.515
35.828390	35.828390	35.828
35.979320	35.979320	35.979
36.130249	36.130249	36.130
36.281179	36.281179	36.281
36.455329	36.455329	36.455
36.745578	36.745578	36.746
36.896508	36.896508	36.897
37.047438	37.047438	37.047
37.372517	37.372517	37.373
37.709206	37.709206	37.709
37.987846	37.987846	37.988
38.336145	38.336145	38.336
38.614785	38.614785	38.615
38.754104	38.754104	38.754
38.928254	38.928254	38.928
39.102404	39.102404	39.102
39.276553	39.276553	39.277
39.566803	39.566803	39.567
39.717732	39.717732	39.718
39.891882	39.891882	39.892
40.228571	40.228571	40.229
40.518821	40.518821	40.519
40.658141	40.658141	40.658
40.832290	40.832290	40.832
41.157370	41.157370	41.157
41.482449	41.482449	41.482
41.784308	41.784308	41.784
42.097778	42.097778	42.098
42.225488	42.225488	42.225
42.388027	42.388027	42.388
42.573787	42.573787	42.574
42.713107	42.713107	42.713
42.875646	42.875646	42.876
43.061406	43.061406	43.061
43.560635	43.560635	43.561
43.665125	43.665125	43.665
43.978594	43.978594	43.979
44.303673	44.303673	44.304
44.454603	44.454603	44.455
44.605533	44.605533	44.606
44.768073	44.768073	44.768
44.930612	44.930612	44.931
45.081542	45.081542	45.082
45.232472	45.232472	45.232
45.406621	45.406621	45.407
45.557551	45.557551	45.558
45.882630	45.882630	45.883
46.161270	46.161270	46.161
46.358639	46.358639	46.359
46.497959	46.497959	46.498
46.637279	46.637279	46.637
46.811429	46.811429	46.811
47.438367	47.438367	47.438
47.775057	47.775057	47.775
48.053696	48.053696	48.054
48.204626	48.204626	48.205
48.715465	48.715465	48.715
49.017324	49.017324	49.017
49.330794	49.330794	49.331
49.481723	49.481723	49.482
49.667483	49.667483	49.667
49.957732	49.957732	49.958
50.282812	50.282812	50.283
50.573061	50.573061	50.573
50.747211	50.747211	50.747
50.921361	50.921361	50.921
51.072290	51.072290	51.072
51.234830	51.234830	51.235
51.385760	51.385760	51.386
51.548299	51.548299	51.548
51.699229	51.699229	51.699
51.861769	51.861769	51.862
52.012698	52.012698	52.013
52.163628	52.163628	52.164
52.326168	52.326168	52.326
52.488707	52.488707	52.489
52.651247	52.651247	52.651
52.802177	52.802177	52.802
52.953107	52.953107	52.953
53.104036	53.104036	53.104
53.266576	53.266576	53.267
53.429116	53.429116	53.429
53.591655	53.591655	53.592
53.742585	53.742585	53.743
53.905125	53.905125	53.905
54.056054	54.056054	54.056
54.218594	54.218594	54.219
54.369524	54.369524	54.370
54.532063	54.532063	54.532
54.682993	54.682993	54.683
54.845533	54.845533	54.846
55.008073	55.008073	55.008
55.159002	55.159002	55.159
55.309932	55.309932	55.310
55.472472	55.472472	55.472
55.635011	55.635011	55.635
55.785941	55.785941	55.786
55.948481	55.948481	55.948
56.099410	56.099410	56.099
56.261950	56.261950	56.262
56.424490	56.424490	56.424
56.575420	56.575420	56.575
56.726349	56.726349	56.726
56.888889	56.888889	56.889
57.039819	57.039819	57.040
57.202358	57.202358	57.202
57.353288	57.353288	57.353
57.515828	57.515828	57.516
57.666757	57.666757	57.667
57.829297	57.829297	57.829
57.991837	57.991837	57.992
58.165986	58.165986	58.166
58.467846	58.467846	58.468
58.618776	58.618776	58.619
58.781315	58.781315	58.781
59.118005	59.118005	59.118
59.419864	59.419864	59.420
59.559184	59.559184	59.559
59.721723	59.721723	59.722
59.861043	59.861043	59.861
60.058413	60.058413	60.058
60.360272	60.360272	60.360
60.511202	60.511202	60.511
60.673741	60.673741	60.674
60.998821	60.998821	60.999
61.138141	61.138141	61.138
61.289070	61.289070	61.289
61.440000	61.440000	61.440
61.602540	61.602540	61.603
61.939229	61.939229	61.939
62.090159	62.090159	62.090
62.241088	62.241088	62.241
62.392018	62.392018	62.392
62.554558	62.554558	62.555
62.705488	62.705488	62.705
62.879637	62.879637	62.880
63.193107	63.193107	63.193
63.344036	63.344036	63.344
63.494966	63.494966	63.495
63.854875	63.854875	63.855
64.145125	64.145125	64.145
64.284444	64.284444	64.284
64.446984	64.446984	64.447
64.586304	64.586304	64.586
64.795283	64.795283	64.795
65.073923	65.073923	65.074
65.236463	65.236463	65.236
65.387392	65.387392	65.387
65.758912	65.758912	65.759
65.851791	65.851791	65.852
66.037551	66.037551	66.038
66.200091	66.200091	66.200
66.339410	66.339410	66.339
66.490340	66.490340	66.490
66.710930	66.710930	66.711
66.954739	66.954739	66.955
67.128889	67.128889	67.129
67.279819	67.279819	67.280
67.430748	67.430748	67.431
67.581678	67.581678	67.582
67.906757	67.906757	67.907
68.057687	68.057687	68.058
68.220227	68.220227	68.220
68.371156	68.371156	68.371
68.556916	68.556916	68.557
68.858776	68.858776	68.859
69.009705	69.009705	69.010
69.160635	69.160635	69.161
69.497324	69.497324	69.497
69.613424	69.613424	69.613
69.799184	69.799184	69.799
69.961723	69.961723	69.962
70.112653	70.112653	70.113
70.263583	70.263583	70.264
70.426122	70.426122	70.426
70.739592	70.739592	70.740
70.890522	70.890522	70.891
71.053061	71.053061	71.053
71.203991	71.203991	71.204
71.366531	71.366531	71.367
71.668390	71.668390	71.668
71.830930	71.830930	71.831
71.981859	71.981859	71.982
72.132789	72.132789	72.133
72.318549	72.318549	72.319
72.666848	72.666848	72.667
72.794558	72.794558	72.795
72.945488	72.945488	72.945
73.282177	73.282177	73.282
73.595646	73.595646	73.596
73.769796	73.769796	73.770
73.874286	73.874286	73.874
74.199365	74.199365	74.199
74.582494	74.582494	74.582
74.814694	74.814694	74.815
75.186213	75.186213	75.186
75.464853	75.464853	75.465
75.778322	75.778322	75.778
75.882812	75.882812	75.883
76.091791	76.091791	76.092
76.196281	76.196281	76.196
76.289161	76.289161	76.289
76.393651	76.393651	76.394
76.579410	76.579410	76.579
76.707120	76.707120	76.707
77.043810	77.043810	77.044
77.717188	77.717188	77.717
78.030658	78.030658	78.031
78.111927	78.111927	78.112
78.204807	78.204807	78.205
78.936236	78.936236	78.936
79.226485	79.226485	79.226
79.528345	79.528345	79.528
79.865034	79.865034	79.865
80.190113	80.190113	80.190
80.271383	80.271383	80.271
80.480363	80.480363	80.480
80.817052	80.817052	80.817
80.875102	80.875102	80.875
81.153741	81.153741	81.154
81.258231	81.258231	81.258
81.432381	81.432381	81.432
81.757460	81.757460	81.757
82.047710	82.047710	82.048
82.198639	82.198639	82.199
82.361179	82.361179	82.361
82.709478	82.709478	82.709
82.802358	82.802358	82.802
82.999728	82.999728	83.000
83.057778	83.057778	83.058
83.301587	83.301587	83.302
83.626667	83.626667	83.627
83.963356	83.963356	83.963
84.241995	84.241995	84.242
84.590295	84.590295	84.590
84.880544	84.880544	84.881
85.043084	85.043084	85.043
85.217234	85.217234	85.217
85.530703	85.530703	85.531
85.739683	85.739683	85.740
85.844172	85.844172	85.844
86.006712	86.006712	86.007
86.157642	86.157642	86.158
86.308571	86.308571	86.309
86.482721	86.482721	86.483
86.784580	86.784580	86.785
86.923900	86.923900	86.924
87.074830	87.074830	87.075
87.399909	87.399909	87.400
87.724989	87.724989	87.725
88.026848	88.026848	88.027
88.351927	88.351927	88.352
88.642177	88.642177	88.642
88.804717	88.804717	88.805
88.955646	88.955646	88.956
89.118186	89.118186	89.118
89.303946	89.303946	89.304
89.605805	89.605805	89.606
89.745125	89.745125	89.745
89.919274	89.919274	89.919
90.244354	90.244354	90.244
90.546213	90.546213	90.546
90.697143	90.697143	90.697
90.859683	90.859683	90.860
91.184762	91.184762	91.185
91.509841	91.509841	91.510
91.811701	91.811701	91.812
92.125170	92.125170	92.125
92.252880	92.252880	92.253
92.438639	92.438639	92.439
92.601179	92.601179	92.601
92.740499	92.740499	92.740
92.903039	92.903039	92.903
93.077188	93.077188	93.077
93.576417	93.576417	93.576
93.692517	93.692517	93.693
94.005986	94.005986	94.006
94.331066	94.331066	94.331
94.493605	94.493605	94.494
94.632925	94.632925	94.633
94.795465	94.795465	94.795
94.946395	94.946395	94.946
95.434014	95.434014	95.434
95.584943	95.584943	95.585
95.898413	95.898413	95.898
96.200272	96.200272	96.200
96.246712	96.246712	96.247
96.397642	96.397642	96.398
96.525351	96.525351	96.525
96.664671	96.664671	96.665
96.838821	96.838821	96.839
97.163900	97.163900	97.164
97.465760	97.465760	97.466
97.790839	97.790839	97.791
98.742857	98.742857	98.743
99.044717	99.044717	99.045
99.346576	99.346576	99.347
99.497506	99.497506	99.498
99.683265	99.683265	99.683
99.985125	99.985125	99.985
100.310204	100.310204	100.310
100.612063	100.612063	100.612
100.948753	100.948753	100.949
101.088073	101.088073	101.088
101.239002	101.239002	101.239
101.401542	101.401542	101.402
101.564082	101.564082	101.564
101.726621	101.726621	101.727
101.877551	101.877551	101.878
102.191020	102.191020	102.191
102.249070	102.249070	102.249
102.504490	102.504490	102.504
102.667029	102.667029	102.667
102.817959	102.817959	102.818
102.980499	102.980499	102.980
103.131429	103.131429	103.131
103.270748	103.270748	103.271
103.456508	103.456508	103.457
103.607438	103.607438	103.607
103.769977	103.769977	103.770
104.083447	104.083447	104.083
104.222766	104.222766	104.223
104.385306	104.385306	104.385
104.861315	104.861315	104.861
105.023855	105.023855	105.024
105.337324	105.337324	105.337
105.650794	105.650794	105.651
105.801723	105.801723	105.802
105.952653	105.952653	105.953
106.277732	106.277732	106.278
106.591202	106.591202	106.591
106.742132	106.742132	106.742
106.904671	106.904671	106.905
107.218141	107.218141	107.218
107.357460	107.357460	107.357
107.531610	107.531610	107.532
107.682540	107.682540	107.683
107.833469	107.833469	107.833
108.158549	108.158549	108.159
108.483628	108.483628	108.484
108.797098	108.797098	108.797
109.122177	109.122177	109.122
109.296327	109.296327	109.296
109.783946	109.783946	109.784
110.074195	110.074195	110.074
110.376054	110.376054	110.376
110.677914	110.677914	110.678
111.002993	111.002993	111.003
111.304853	111.304853	111.305
111.629932	111.629932	111.630
111.955011	111.955011	111.955
112.280091	112.280091	112.280
112.547120	112.547120	112.547
112.721270	112.721270	112.721
112.883810	112.883810	112.884
113.023129	113.023129	113.023
113.185669	113.185669	113.186
113.348209	113.348209	113.348
113.499138	113.499138	113.499
113.650068	113.650068	113.650
113.812608	113.812608	113.813
114.137687	114.137687	114.138
114.288617	114.288617	114.289
114.462766	114.462766	114.463
114.602086	114.602086	114.602
114.764626	114.764626	114.765
115.066485	115.066485	115.066
115.229025	115.229025	115.229
115.391565	115.391565	115.392
115.705034	115.705034	115.705
116.018503	116.018503	116.019
116.181043	116.181043	116.181
116.343583	116.343583	116.344
116.471293	116.471293	116.471
116.657052	116.657052	116.657
116.970522	116.970522	116.971
117.283991	117.283991	117.284
117.597460	117.597460	117.597
117.736780	117.736780	117.737
118.050249	118.050249	118.050
118.201179	118.201179	118.201
118.421769	118.421769	118.422
118.514649	118.514649	118.515
118.712018	118.712018	118.712
118.839728	118.839728	118.840
119.176417	119.176417	119.176
119.478277	119.478277	119.478
120.093605	120.093605	120.094
120.407075	120.407075	120.407
120.720544	120.720544	120.721
121.045624	121.045624	121.046
121.370703	121.370703	121.371
121.719002	121.719002	121.719
121.835102	121.835102	121.835
121.974422	121.974422	121.974
122.322721	122.322721	122.323
122.612971	122.612971	122.613
122.787120	122.787120	122.787
123.251519	123.251519	123.252
123.564989	123.564989	123.565
123.715918	123.715918	123.716
123.878458	123.878458	123.878
124.040998	124.040998	124.041
124.180317	124.180317	124.180
124.807256	124.807256	124.807
125.132336	125.132336	125.132
125.445805	125.445805	125.446
125.596735	125.596735	125.597
125.747664	125.747664	125.748
125.898594	125.898594	125.899
126.072744	126.072744	126.073
126.386213	126.386213	126.386
126.537143	126.537143	126.537
126.862222	126.862222	126.862
127.024762	127.024762	127.025
127.152472	127.152472	127.152
127.523991	127.523991	127.524
127.605261	127.605261	127.605
127.744580	127.744580	127.745
127.953560	127.953560	127.954
128.290249	128.290249	128.290
128.441179	128.441179	128.441
128.592109	128.592109	128.592
128.661769	128.661769	128.662
128.917188	128.917188	128.917
129.102948	129.102948	129.103
129.288707	129.288707	129.289
129.869206	129.869206	129.869
130.031746	130.031746	130.032
130.368435	130.368435	130.368
130.519365	130.519365	130.519
130.658685	130.658685	130.659
130.809615	130.809615	130.810
131.134694	131.134694	131.135
131.297234	131.297234	131.297
131.436553	131.436553	131.437
131.599093	131.599093	131.599
131.750023	131.750023	131.750
132.075102	132.075102	132.075
132.260862	132.260862	132.261
132.527891	132.527891	132.528
132.667211	132.667211	132.667
132.829751	132.829751	132.830
132.992290	132.992290	132.992
133.131610	133.131610	133.132
133.282540	133.282540	133.283
133.433469	133.433469	133.433
133.619229	133.619229	133.619
133.932698	133.932698	133.933
134.095238	134.095238	134.095
134.246168	134.246168	134.246
134.385488	134.385488	134.385
134.559637	134.559637	134.560
134.698957	134.698957	134.699
134.873107	134.873107	134.873
135.047256	135.047256	135.047
135.186576	135.186576	135.187
135.349116	135.349116	135.349
135.523265	135.523265	135.523
135.848345	135.848345	135.848
136.010884	136.010884	136.011
136.126984	136.126984	136.127
136.301134	136.301134	136.301
136.510113	136.510113	136.510
136.649433	136.649433	136.649
136.800363	136.800363	136.800
136.928073	136.928073	136.928
137.067392	137.067392	137.067
137.229932	137.229932	137.230
137.404082	137.404082	137.404
138.031020	138.031020	138.031
138.402540	138.402540	138.403
138.669569	138.669569	138.670
138.959819	138.959819	138.960
139.296508	139.296508	139.297
139.609977	139.609977	139.610
139.760907	139.760907	139.761
139.911837	139.911837	139.912
140.248526	140.248526	140.249
140.399456	140.399456	140.399
140.550385	140.550385	140.550
140.678095	140.678095	140.678
140.852245	140.852245	140.852
141.177324	141.177324	141.177
141.363084	141.363084	141.363
141.502404	141.502404	141.502
141.804263	141.804263	141.804
142.129342	142.129342	142.129
142.442812	142.442812	142.443
142.558912	142.558912	142.559
142.767891	142.767891	142.768
142.883991	142.883991	142.884
143.069751	143.069751	143.070
143.278730	143.278730	143.279
143.383220	143.383220	143.383
143.464490	143.464490	143.464
143.696689	143.696689	143.697
144.044989	144.044989	144.045
144.718367	144.718367	144.718
144.985397	144.985397	144.985
145.113107	145.113107	145.113
145.322086	145.322086	145.322
145.681995	145.681995	145.682
145.832925	145.832925	145.833
145.937415	145.937415	145.937
146.158005	146.158005	146.158
146.285714	146.285714	146.286
146.506304	146.506304	146.506
146.668844	146.668844	146.669
146.924263	146.924263	146.924
147.051973	147.051973	147.052
147.295782	147.295782	147.296
148.201361	148.201361	148.201
148.329070	148.329070	148.329
148.480000	148.480000	148.480
148.572880	148.572880	148.573
148.828299	148.828299	148.828
