0.162540	0.162540	0.163
0.743039	0.743039	0.743
1.335147	1.335147	1.335
1.880816	1.880816	1.881
2.484535	2.484535	2.485
3.065034	3.065034	3.065
3.657143	3.657143	3.657
4.202812	4.202812	4.203
4.818141	4.818141	4.818
5.387029	5.387029	5.387
5.967528	5.967528	5.968
6.524807	6.524807	6.525
7.140136	7.140136	7.140
8.277914	8.277914	8.278
8.881633	8.881633	8.882
9.462132	9.462132	9.462
10.054240	10.054240	10.054
10.611519	10.611519	10.612
11.203628	11.203628	11.204
11.749297	11.749297	11.749
12.329796	12.329796	12.330
12.875465	12.875465	12.875
14.082902	14.082902	14.083
14.582132	14.582132	14.582
15.719909	15.719909	15.720
15.882449	15.882449	15.882
16.300408	16.300408	16.300
16.857687	16.857687	16.858
17.426576	17.426576	17.427
18.831383	18.831383	18.831
19.214512	19.214512	19.215
19.516372	19.516372	19.516
19.806621	19.806621	19.807
19.934331	19.934331	19.934
20.154921	20.154921	20.155
20.317460	20.317460	20.317
20.572880	20.572880	20.573
20.967619	20.967619	20.968
21.188209	21.188209	21.188
21.350748	21.350748	21.351
21.582948	21.582948	21.583
21.757098	21.757098	21.757
22.314376	22.314376	22.314
23.324444	23.324444	23.324
23.545034	23.545034	23.545
24.264853	24.264853	24.265
24.357732	24.357732	24.358
24.566712	24.566712	24.567
24.845351	24.845351	24.845
25.100771	25.100771	25.101
25.541950	25.541950	25.542
26.052789	26.052789	26.053
26.168889	26.168889	26.169
26.273379	26.273379	26.273
27.457596	27.457596	27.458
27.875556	27.875556	27.876
28.061315	28.061315	28.061
28.537324	28.537324	28.537
28.978503	28.978503	28.979
29.024943	29.024943	29.025
29.141043	29.141043	29.141
29.721542	29.721542	29.722
29.884082	29.884082	29.884
30.487800	30.487800	30.488
30.882540	30.882540	30.883
30.928980	30.928980	30.929
31.497868	31.497868	31.498
32.473107	32.473107	32.473
35.654240	35.654240	35.654
36.768798	36.768798	36.769
37.953016	37.953016	37.953
41.482449	41.482449	41.482
41.563719	41.563719	41.564
42.747937	42.747937	42.748
43.003356	43.003356	43.003
48.878005	48.878005	48.878
50.108662	50.108662	50.109
50.712381	50.712381	50.712
51.304490	51.304490	51.304
51.861769	51.861769	51.862
52.465488	52.465488	52.465
52.755737	52.755737	52.756
53.034376	53.034376	53.034
53.324626	53.324626	53.325
53.638095	53.638095	53.638
55.658231	55.658231	55.658
57.597098	57.597098	57.597
58.119546	58.119546	58.120
59.756553	59.756553	59.757
62.252698	62.252698	62.253
66.687710	66.687710	66.688
67.163719	67.163719	67.164
67.628118	67.628118	67.628
68.069297	68.069297	68.069
68.591746	68.591746	68.592
69.032925	69.032925	69.033
69.497324	69.497324	69.497
69.799184	69.799184	69.799
69.938503	69.938503	69.939
70.542222	70.542222	70.542
70.623492	70.623492	70.623
70.797642	70.797642	70.798
70.925351	70.925351	70.925
71.169161	71.169161	71.169
71.389751	71.389751	71.390
71.645170	71.645170	71.645
71.830930	71.830930	71.831
72.225669	72.225669	72.226
72.341769	72.341769	72.342
72.771338	72.771338	72.771
73.061587	73.061587	73.062
73.212517	73.212517	73.213
73.317007	73.317007	73.317
73.676916	73.676916	73.677
73.943946	73.943946	73.944
74.152925	74.152925	74.153
74.605714	74.605714	74.606
74.930794	74.930794	74.931
75.081723	75.081723	75.082
75.522902	75.522902	75.523
75.615782	75.615782	75.616
75.778322	75.778322	75.778
75.998912	75.998912	75.999
76.440091	76.440091	76.440
76.567800	76.567800	76.568
76.916100	76.916100	76.916
77.403719	77.403719	77.404
77.554649	77.554649	77.555
77.635918	77.635918	77.636
77.868118	77.868118	77.868
77.972608	77.972608	77.973
78.320907	78.320907	78.321
78.831746	78.831746	78.832
79.272925	79.272925	79.273
79.760544	79.760544	79.761
80.213333	80.213333	80.213
80.410703	80.410703	80.411
80.677732	80.677732	80.678
81.107302	81.107302	81.107
81.490431	81.490431	81.490
81.594921	81.594921	81.595
81.745850	81.745850	81.746
82.291519	82.291519	82.292
82.535329	82.535329	82.535
82.976508	82.976508	82.977
83.185488	83.185488	83.185
83.452517	83.452517	83.453
83.893696	83.893696	83.894
84.137506	84.137506	84.138
84.369705	84.369705	84.370
84.822494	84.822494	84.822
85.043084	85.043084	85.043
85.310113	85.310113	85.310
85.716463	85.716463	85.716
86.087982	86.087982	86.088
86.204082	86.204082	86.204
86.262132	86.262132	86.262
86.691701	86.691701	86.692
86.877460	86.877460	86.877
87.132880	87.132880	87.133
87.585669	87.585669	87.586
87.910748	87.910748	87.911
88.526077	88.526077	88.526
88.735057	88.735057	88.735
88.978866	88.978866	88.979
89.443265	89.443265	89.443
89.779955	89.779955	89.780
89.907664	89.907664	89.908
90.151474	90.151474	90.151
90.383673	90.383673	90.384
90.615873	90.615873	90.616
90.871293	90.871293	90.871
91.312472	91.312472	91.312
91.776871	91.776871	91.777
92.450249	92.450249	92.450
92.543129	92.543129	92.543
92.752109	92.752109	92.752
93.657687	93.657687	93.658
94.087256	94.087256	94.087
94.563265	94.563265	94.563
94.992834	94.992834	94.993
95.457234	95.457234	95.457
96.072562	96.072562	96.073
96.409252	96.409252	96.409
96.478912	96.478912	96.479
96.885261	96.885261	96.885
97.326440	97.326440	97.326
97.767619	97.767619	97.768
97.999819	97.999819	98.000
98.255238	98.255238	98.255
98.708027	98.708027	98.708
99.207256	99.207256	99.207
99.381406	99.381406	99.381
100.066395	100.066395	100.066
100.368254	100.368254	100.368
100.461134	100.461134	100.461
100.530794	100.530794	100.531
100.681723	100.681723	100.682
100.902313	100.902313	100.902
101.146122	101.146122	101.146
101.506032	101.506032	101.506
102.423220	102.423220	102.423
102.678639	102.678639	102.679
102.852789	102.852789	102.853
103.038549	103.038549	103.039
103.293968	103.293968	103.294
103.816417	103.816417	103.816
104.211156	104.211156	104.211
104.420136	104.420136	104.420
104.547846	104.547846	104.548
104.663946	104.663946	104.664
104.884535	104.884535	104.885
105.128345	105.128345	105.128
105.314104	105.314104	105.314
106.068753	106.068753	106.069
106.289342	106.289342	106.289
106.556372	106.556372	106.556
107.009161	107.009161	107.009
107.252971	107.252971	107.253
107.485170	107.485170	107.485
107.694150	107.694150	107.694
107.949569	107.949569	107.950
108.611338	108.611338	108.611
108.878367	108.878367	108.878
109.319546	109.319546	109.320
109.795556	109.795556	109.796
110.236735	110.236735	110.237
110.712744	110.712744	110.713
112.082721	112.082721	112.083
112.558730	112.558730	112.559
115.263855	115.263855	115.264
115.716644	115.716644	115.717
116.181043	116.181043	116.181
116.645442	116.645442	116.645
117.121451	117.121451	117.121
117.562630	117.562630	117.563
118.015419	118.015419	118.015
118.944218	118.944218	118.944
119.408617	119.408617	119.409
119.861406	119.861406	119.861
120.314195	120.314195	120.314
120.766984	120.766984	120.767
121.231383	121.231383	121.231
121.684172	121.684172	121.684
122.647800	122.647800	122.648
123.088980	123.088980	123.089
123.564989	123.564989	123.565
124.017778	124.017778	124.018
124.493787	124.493787	124.494
124.946576	124.946576	124.947
125.399365	125.399365	125.399
125.863764	125.863764	125.864
126.351383	126.351383	126.351
126.839002	126.839002	126.839
127.280181	127.280181	127.280
127.744580	127.744580	127.745
128.197370	128.197370	128.197
128.684989	128.684989	128.685
129.102948	129.102948	129.103
129.149388	129.149388	129.149
129.567347	129.567347	129.567
130.020136	130.020136	130.020
130.948934	130.948934	130.949
132.852971	132.852971	132.853
133.305760	133.305760	133.306
134.222948	134.222948	134.223
134.687347	134.687347	134.687
135.140136	135.140136	135.140
135.372336	135.372336	135.372
136.730703	136.730703	136.731
137.392472	137.392472	137.392
137.845261	137.845261	137.845
138.298050	138.298050	138.298
138.739229	138.739229	138.739
138.959819	138.959819	138.960
139.203628	139.203628	139.204
139.656417	139.656417	139.656
140.178866	140.178866	140.179
141.502404	141.502404	141.502
142.640181	142.640181	142.640
143.325170	143.325170	143.325
144.242358	144.242358	144.242
145.159546	145.159546	145.160
145.623946	145.623946	145.624
146.436644	146.436644	146.437
146.587574	146.587574	146.588
