0.185760	0.185760	0.186
0.743039	0.743039	0.743
0.917188	0.917188	0.917
1.079728	1.079728	1.080
1.277098	1.277098	1.277
1.787937	1.787937	1.788
2.333605	2.333605	2.334
2.879274	2.879274	2.879
3.482993	3.482993	3.483
4.655601	4.655601	4.656
5.236100	5.236100	5.236
5.387029	5.387029	5.387
5.549569	5.549569	5.550
5.758549	5.758549	5.759
6.304218	6.304218	6.304
6.861497	6.861497	6.861
7.407166	7.407166	7.407
7.976054	7.976054	7.976
9.183492	9.183492	9.183
9.299592	9.299592	9.300
9.496961	9.496961	9.497
9.671111	9.671111	9.671
9.984580	9.984580	9.985
10.158730	10.158730	10.159
10.472200	10.472200	10.472
10.646349	10.646349	10.646
10.959819	10.959819	10.960
11.145578	11.145578	11.146
11.447438	11.447438	11.447
11.609977	11.609977	11.610
11.795737	11.795737	11.796
12.097596	12.097596	12.098
12.283356	12.283356	12.283
12.596825	12.596825	12.597
12.770975	12.770975	12.771
13.084444	13.084444	13.084
13.258594	13.258594	13.259
13.572063	13.572063	13.572
13.746213	13.746213	13.746
13.897143	13.897143	13.897
14.059683	14.059683	14.060
14.222222	14.222222	14.222
14.396372	14.396372	14.396
14.640181	14.640181	14.640
14.709841	14.709841	14.710
14.872381	14.872381	14.872
15.034921	15.034921	15.035
15.197460	15.197460	15.197
15.522540	15.522540	15.523
15.685079	15.685079	15.685
15.847619	15.847619	15.848
16.021769	16.021769	16.022
16.184308	16.184308	16.184
16.520998	16.520998	16.521
16.671927	16.671927	16.672
16.822857	16.822857	16.823
16.985397	16.985397	16.985
17.171156	17.171156	17.171
17.229206	17.229206	17.229
17.322086	17.322086	17.322
17.484626	17.484626	17.485
17.647166	17.647166	17.647
17.809705	17.809705	17.810
18.134785	18.134785	18.135
18.297324	18.297324	18.297
18.459864	18.459864	18.460
18.622404	18.622404	18.622
18.784943	18.784943	18.785
19.144853	19.144853	19.145
19.295782	19.295782	19.296
19.446712	19.446712	19.447
19.597642	19.597642	19.598
19.783401	19.783401	19.783
19.945941	19.945941	19.946
20.085261	20.085261	20.085
20.259410	20.259410	20.259
20.421950	20.421950	20.422
20.584490	20.584490	20.584
20.747029	20.747029	20.747
20.909569	20.909569	20.910
21.072109	21.072109	21.072
21.246259	21.246259	21.246
21.397188	21.397188	21.397
21.745488	21.745488	21.745
21.896417	21.896417	21.896
22.058957	22.058957	22.059
22.221497	22.221497	22.221
22.395646	22.395646	22.396
22.558186	22.558186	22.558
22.697506	22.697506	22.698
22.871655	22.871655	22.872
23.034195	23.034195	23.034
23.208345	23.208345	23.208
23.359274	23.359274	23.359
23.521814	23.521814	23.522
23.684354	23.684354	23.684
23.858503	23.858503	23.859
24.009433	24.009433	24.009
24.160363	24.160363	24.160
24.346122	24.346122	24.346
24.415782	24.415782	24.416
24.497052	24.497052	24.497
24.659592	24.659592	24.660
24.833741	24.833741	24.834
25.158821	25.158821	25.159
25.321361	25.321361	25.321
25.483900	25.483900	25.484
25.808980	25.808980	25.809
26.006349	26.006349	26.006
26.134059	26.134059	26.134
26.470748	26.470748	26.471
26.784218	26.784218	26.784
26.958367	26.958367	26.958
27.120907	27.120907	27.121
27.445986	27.445986	27.446
27.782676	27.782676	27.783
27.956825	27.956825	27.957
28.107755	28.107755	28.108
28.281905	28.281905	28.282
28.432834	28.432834	28.433
28.630204	28.630204	28.630
28.769524	28.769524	28.770
29.094603	29.094603	29.095
29.291973	29.291973	29.292
29.419683	29.419683	29.420
29.477732	29.477732	29.478
29.744762	29.744762	29.745
29.953741	29.953741	29.954
30.081451	30.081451	30.081
30.418141	30.418141	30.418
30.615510	30.615510	30.616
30.731610	30.731610	30.732
31.056689	31.056689	31.057
31.393379	31.393379	31.393
31.718458	31.718458	31.718
31.915828	31.915828	31.916
32.066757	32.066757	32.067
32.124807	32.124807	32.125
32.240907	32.240907	32.241
32.368617	32.368617	32.369
32.577596	32.577596	32.578
32.728526	32.728526	32.729
33.030385	33.030385	33.030
33.227755	33.227755	33.228
33.367075	33.367075	33.367
33.425125	33.425125	33.425
33.471565	33.471565	33.472
33.564444	33.564444	33.564
33.692154	33.692154	33.692
33.877914	33.877914	33.878
34.040454	34.040454	34.040
34.121723	34.121723	34.122
34.365533	34.365533	34.366
34.458413	34.458413	34.458
34.632562	34.632562	34.633
34.713832	34.713832	34.714
34.853152	34.853152	34.853
35.027302	35.027302	35.027
35.178231	35.178231	35.178
35.340771	35.340771	35.341
35.526531	35.526531	35.527
35.607800	35.607800	35.608
35.689070	35.689070	35.689
35.851610	35.851610	35.852
36.014150	36.014150	36.014
36.176689	36.176689	36.177
36.501769	36.501769	36.502
36.664308	36.664308	36.664
36.826848	36.826848	36.827
36.989388	36.989388	36.989
37.151927	37.151927	37.152
37.488617	37.488617	37.489
37.651156	37.651156	37.651
37.802086	37.802086	37.802
37.964626	37.964626	37.965
38.161995	38.161995	38.162
38.301315	38.301315	38.301
38.452245	38.452245	38.452
38.626395	38.626395	38.626
38.788934	38.788934	38.789
39.114014	39.114014	39.114
39.276553	39.276553	39.277
39.439093	39.439093	39.439
39.601633	39.601633	39.602
39.764172	39.764172	39.764
40.100862	40.100862	40.101
40.251791	40.251791	40.252
40.402721	40.402721	40.403
40.553651	40.553651	40.554
40.890340	40.890340	40.890
41.238639	41.238639	41.239
41.389569	41.389569	41.390
41.552109	41.552109	41.552
41.726259	41.726259	41.726
41.877188	41.877188	41.877
42.039728	42.039728	42.040
42.213878	42.213878	42.214
42.376417	42.376417	42.376
42.701497	42.701497	42.701
42.875646	42.875646	42.876
43.038186	43.038186	43.038
43.200726	43.200726	43.201
43.351655	43.351655	43.352
43.525805	43.525805	43.526
43.839274	43.839274	43.839
44.001814	44.001814	44.002
44.164354	44.164354	44.164
44.338503	44.338503	44.339
44.396553	44.396553	44.397
44.489433	44.489433	44.489
44.651973	44.651973	44.652
44.826122	44.826122	44.826
44.988662	44.988662	44.989
45.151202	45.151202	45.151
45.325351	45.325351	45.325
45.476281	45.476281	45.476
45.638821	45.638821	45.639
45.801361	45.801361	45.801
46.126440	46.126440	46.126
46.300590	46.300590	46.301
46.463129	46.463129	46.463
46.788209	46.788209	46.788
46.962358	46.962358	46.962
47.113288	47.113288	47.113
47.438367	47.438367	47.438
47.624127	47.624127	47.624
47.763447	47.763447	47.763
47.937596	47.937596	47.938
48.100136	48.100136	48.100
48.193016	48.193016	48.193
48.425215	48.425215	48.425
48.529705	48.529705	48.530
48.750295	48.750295	48.750
48.924444	48.924444	48.924
49.075374	49.075374	49.075
49.168254	49.168254	49.168
49.400454	49.400454	49.400
49.493333	49.493333	49.493
49.737143	49.737143	49.737
50.062222	50.062222	50.062
50.271202	50.271202	50.271
50.398912	50.398912	50.399
50.491791	50.491791	50.492
50.723991	50.723991	50.724
50.909751	50.909751	50.910
51.060680	51.060680	51.061
51.385760	51.385760	51.386
51.722449	51.722449	51.722
52.047528	52.047528	52.048
52.244898	52.244898	52.245
52.384218	52.384218	52.384
52.697687	52.697687	52.698
52.871837	52.871837	52.872
53.034376	53.034376	53.034
53.359456	53.359456	53.359
53.696145	53.696145	53.696
54.021224	54.021224	54.021
54.195374	54.195374	54.195
54.346304	54.346304	54.346
54.671383	54.671383	54.671
54.938413	54.938413	54.938
55.019683	55.019683	55.020
55.240272	55.240272	55.240
55.344762	55.344762	55.345
55.518912	55.518912	55.519
55.681451	55.681451	55.681
55.843991	55.843991	55.844
56.006531	56.006531	56.007
56.169070	56.169070	56.169
56.331610	56.331610	56.332
56.494150	56.494150	56.494
57.004989	57.004989	57.005
57.666757	57.666757	57.667
58.316916	58.316916	58.317
58.641995	58.641995	58.642
58.781315	58.781315	58.781
58.955465	58.955465	58.955
59.048345	59.048345	59.048
59.176054	59.176054	59.176
59.431474	59.431474	59.431
59.640454	59.640454	59.640
59.919093	59.919093	59.919
60.070023	60.070023	60.070
60.139683	60.139683	60.140
60.406712	60.406712	60.407
60.615692	60.615692	60.616
60.894331	60.894331	60.894
61.091701	61.091701	61.092
61.172971	61.172971	61.173
61.567710	61.567710	61.568
61.730249	61.730249	61.730
61.881179	61.881179	61.881
62.043719	62.043719	62.044
62.206259	62.206259	62.206
62.368798	62.368798	62.369
62.531338	62.531338	62.531
62.693878	62.693878	62.694
62.856417	62.856417	62.856
63.018957	63.018957	63.019
63.169887	63.169887	63.170
63.344036	63.344036	63.344
63.669116	63.669116	63.669
63.831655	63.831655	63.832
63.994195	63.994195	63.994
64.145125	64.145125	64.145
64.365714	64.365714	64.366
64.644354	64.644354	64.644
64.806893	64.806893	64.807
64.969433	64.969433	64.969
65.131973	65.131973	65.132
65.306122	65.306122	65.306
65.468662	65.468662	65.469
65.619592	65.619592	65.620
65.782132	65.782132	65.782
65.956281	65.956281	65.956
66.281361	66.281361	66.281
66.455510	66.455510	66.456
66.606440	66.606440	66.606
66.768980	66.768980	66.769
66.977959	66.977959	66.978
67.419138	67.419138	67.419
67.918367	67.918367	67.918
68.092517	68.092517	68.093
68.185397	68.185397	68.185
68.568526	68.568526	68.569
68.742676	68.742676	68.743
68.835556	68.835556	68.836
69.056145	69.056145	69.056
69.230295	69.230295	69.230
69.381224	69.381224	69.381
69.439274	69.439274	69.439
69.474104	69.474104	69.474
69.532154	69.532154	69.532
70.042993	70.042993	70.043
70.414512	70.414512	70.415
70.519002	70.519002	70.519
70.693152	70.693152	70.693
71.018231	71.018231	71.018
71.180771	71.180771	71.181
71.343311	71.343311	71.343
71.517460	71.517460	71.517
71.668390	71.668390	71.668
71.993469	71.993469	71.993
72.341769	72.341769	72.342
72.434649	72.434649	72.435
72.655238	72.655238	72.655
72.817778	72.817778	72.818
72.991927	72.991927	72.992
73.212517	73.212517	73.213
73.305397	73.305397	73.305
73.433107	73.433107	73.433
73.642086	73.642086	73.642
73.734966	73.734966	73.735
73.804626	73.804626	73.805
73.978776	73.978776	73.979
74.303855	74.303855	74.304
74.628934	74.628934	74.629
74.965624	74.965624	74.966
75.116553	75.116553	75.117
75.279093	75.279093	75.279
75.383583	75.383583	75.384
75.464853	75.464853	75.465
75.604172	75.604172	75.604
75.952472	75.952472	75.952
76.277551	76.277551	76.278
76.463311	76.463311	76.463
76.602630	76.602630	76.603
76.927710	76.927710	76.928
77.078639	77.078639	77.079
77.264399	77.264399	77.264
77.577868	77.577868	77.578
77.926168	77.926168	77.926
78.135147	78.135147	78.135
78.251247	78.251247	78.251
78.344127	78.344127	78.344
78.576327	78.576327	78.576
78.901406	78.901406	78.901
79.110385	79.110385	79.110
79.226485	79.226485	79.226
79.563175	79.563175	79.563
79.783764	79.783764	79.784
79.888254	79.888254	79.888
80.213333	80.213333	80.213
80.387483	80.387483	80.387
80.550023	80.550023	80.550
80.863492	80.863492	80.863
81.200181	81.200181	81.200
81.362721	81.362721	81.363
81.525261	81.525261	81.525
81.687800	81.687800	81.688
81.861950	81.861950	81.862
82.012880	82.012880	82.013
82.175420	82.175420	82.175
82.337959	82.337959	82.338
82.546939	82.546939	82.547
82.651429	82.651429	82.651
83.185488	83.185488	83.185
83.510567	83.510567	83.511
83.673107	83.673107	83.673
83.835646	83.835646	83.836
83.986576	83.986576	83.987
84.323265	84.323265	84.323
84.485805	84.485805	84.486
84.822494	84.822494	84.822
84.973424	84.973424	84.973
85.135964	85.135964	85.136
85.461043	85.461043	85.461
85.623583	85.623583	85.624
85.797732	85.797732	85.798
86.273741	86.273741	86.274
86.447891	86.447891	86.448
86.598821	86.598821	86.599
86.772971	86.772971	86.773
86.923900	86.923900	86.924
87.086440	87.086440	87.086
87.237370	87.237370	87.237
87.411519	87.411519	87.412
87.562449	87.562449	87.562
87.748209	87.748209	87.748
88.061678	88.061678	88.062
88.247438	88.247438	88.247
88.398367	88.398367	88.398
88.618957	88.618957	88.619
88.723447	88.723447	88.723
88.816327	88.816327	88.816
88.897596	88.897596	88.898
89.060136	89.060136	89.060
89.222676	89.222676	89.223
89.396825	89.396825	89.397
89.547755	89.547755	89.548
89.710295	89.710295	89.710
89.872834	89.872834	89.873
90.035374	90.035374	90.035
90.197914	90.197914	90.198
90.360454	90.360454	90.360
90.511383	90.511383	90.511
90.697143	90.697143	90.697
90.848073	90.848073	90.848
91.010612	91.010612	91.011
91.173152	91.173152	91.173
91.347302	91.347302	91.347
91.509841	91.509841	91.510
91.660771	91.660771	91.661
91.823311	91.823311	91.823
91.997460	91.997460	91.997
92.334150	92.334150	92.334
92.485079	92.485079	92.485
92.647619	92.647619	92.648
92.798549	92.798549	92.799
92.961088	92.961088	92.961
93.123628	93.123628	93.124
93.286168	93.286168	93.286
93.448707	93.448707	93.449
93.622857	93.622857	93.623
93.762177	93.762177	93.762
93.866667	93.866667	93.867
93.947937	93.947937	93.948
94.087256	94.087256	94.087
94.273016	94.273016	94.273
94.447166	94.447166	94.447
94.609705	94.609705	94.610
94.749025	94.749025	94.749
94.923175	94.923175	94.923
95.074104	95.074104	95.074
95.248254	95.248254	95.248
95.410794	95.410794	95.411
95.573333	95.573333	95.573
95.747483	95.747483	95.747
95.898413	95.898413	95.898
96.072562	96.072562	96.073
96.235102	96.235102	96.235
96.386032	96.386032	96.386
96.548571	96.548571	96.549
96.699501	96.699501	96.700
96.873651	96.873651	96.874
97.047800	97.047800	97.048
97.198730	97.198730	97.199
97.349660	97.349660	97.350
97.535420	97.535420	97.535
97.663129	97.663129	97.663
97.848889	97.848889	97.849
98.023039	98.023039	98.023
98.185578	98.185578	98.186
98.348118	98.348118	98.348
98.499048	98.499048	98.499
98.661587	98.661587	98.662
98.847347	98.847347	98.847
99.067937	99.067937	99.068
99.149206	99.149206	99.149
99.276916	99.276916	99.277
99.485896	99.485896	99.486
99.648435	99.648435	99.648
99.810975	99.810975	99.811
99.973515	99.973515	99.974
100.136054	100.136054	100.136
100.298594	100.298594	100.299
100.461134	100.461134	100.461
100.623673	100.623673	100.624
100.786213	100.786213	100.786
100.948753	100.948753	100.949
101.111293	101.111293	101.111
101.285442	101.285442	101.285
101.447982	101.447982	101.448
101.610522	101.610522	101.611
101.773061	101.773061	101.773
101.923991	101.923991	101.924
102.098141	102.098141	102.098
102.260680	102.260680	102.261
102.411610	102.411610	102.412
102.562540	102.562540	102.563
102.748299	102.748299	102.748
102.910839	102.910839	102.911
103.061769	103.061769	103.062
103.247528	103.247528	103.248
103.386848	103.386848	103.387
103.537778	103.537778	103.538
103.700317	103.700317	103.700
103.886077	103.886077	103.886
104.048617	104.048617	104.049
104.280816	104.280816	104.281
104.350476	104.350476	104.350
104.501406	104.501406	104.501
104.698776	104.698776	104.699
104.861315	104.861315	104.861
105.000635	105.000635	105.001
105.186395	105.186395	105.186
105.348934	105.348934	105.349
105.511474	105.511474	105.511
105.650794	105.650794	105.651
105.708844	105.708844	105.709
105.848163	105.848163	105.848
105.999093	105.999093	105.999
106.161633	106.161633	106.162
106.312562	106.312562	106.313
106.393832	106.393832	106.394
106.498322	106.498322	106.498
106.649252	106.649252	106.649
106.811791	106.811791	106.812
106.962721	106.962721	106.963
107.125261	107.125261	107.125
107.299410	107.299410	107.299
107.485170	107.485170	107.485
107.612880	107.612880	107.613
107.787029	107.787029	107.787
107.937959	107.937959	107.938
108.088889	108.088889	108.089
108.251429	108.251429	108.251
108.413968	108.413968	108.414
108.588118	108.588118	108.588
108.762268	108.762268	108.762
108.855147	108.855147	108.855
108.982857	108.982857	108.983
109.098957	109.098957	109.099
109.261497	109.261497	109.261
109.424036	109.424036	109.424
109.586576	109.586576	109.587
109.749116	109.749116	109.749
109.911655	109.911655	109.912
110.074195	110.074195	110.074
110.236735	110.236735	110.237
110.410884	110.410884	110.411
110.747574	110.747574	110.748
110.910113	110.910113	110.910
111.061043	111.061043	111.061
111.223583	111.223583	111.224
111.711202	111.711202	111.711
111.873741	111.873741	111.874
112.047891	112.047891	112.048
112.198821	112.198821	112.199
112.361361	112.361361	112.361
112.523900	112.523900	112.524
112.686440	112.686440	112.686
112.848980	112.848980	112.849
113.011519	113.011519	113.012
113.371429	113.371429	113.371
113.522358	113.522358	113.522
113.673288	113.673288	113.673
113.824218	113.824218	113.824
113.975147	113.975147	113.975
114.485986	114.485986	114.486
115.159365	115.159365	115.159
115.635374	115.635374	115.635
115.797914	115.797914	115.798
116.111383	116.111383	116.111
116.181043	116.181043	116.181
116.459683	116.459683	116.460
116.773152	116.773152	116.773
117.109841	117.109841	117.110
117.423311	117.423311	117.423
117.585850	117.585850	117.586
117.771610	117.771610	117.772
117.818050	117.818050	117.818
117.922540	117.922540	117.923
118.085079	118.085079	118.085
118.398549	118.398549	118.399
118.561088	118.561088	118.561
118.886168	118.886168	118.886
119.048707	119.048707	119.049
119.129977	119.129977	119.130
119.373787	119.373787	119.374
119.698866	119.698866	119.699
120.035556	120.035556	120.036
120.198095	120.198095	120.198
120.349025	120.349025	120.349
120.511565	120.511565	120.512
120.685714	120.685714	120.686
120.848254	120.848254	120.848
121.010794	121.010794	121.011
121.173333	121.173333	121.173
121.335873	121.335873	121.336
121.498413	121.498413	121.498
121.660952	121.660952	121.661
121.823492	121.823492	121.823
121.986032	121.986032	121.986
122.311111	122.311111	122.311
122.462041	122.462041	122.462
122.636190	122.636190	122.636
122.810340	122.810340	122.810
122.961270	122.961270	122.961
123.123810	123.123810	123.124
123.286349	123.286349	123.286
123.448889	123.448889	123.449
123.611429	123.611429	123.611
123.773968	123.773968	123.774
123.948118	123.948118	123.948
124.099048	124.099048	124.099
124.273197	124.273197	124.273
124.424127	124.424127	124.424
124.586667	124.586667	124.587
124.923356	124.923356	124.923
125.085896	125.085896	125.086
125.248435	125.248435	125.248
125.410975	125.410975	125.411
125.573515	125.573515	125.574
125.736054	125.736054	125.736
125.898594	125.898594	125.899
126.061134	126.061134	126.061
126.223673	126.223673	126.224
126.386213	126.386213	126.386
126.548753	126.548753	126.549
126.711293	126.711293	126.711
126.885442	126.885442	126.885
127.036372	127.036372	127.036
127.210522	127.210522	127.211
127.523991	127.523991	127.524
127.860680	127.860680	127.861
128.023220	128.023220	128.023
128.185760	128.185760	128.186
128.348299	128.348299	128.348
128.510839	128.510839	128.511
128.673379	128.673379	128.673
128.835918	128.835918	128.836
128.998458	128.998458	128.998
129.149388	129.149388	129.149
129.323537	129.323537	129.324
129.486077	129.486077	129.486
129.648617	129.648617	129.649
129.811156	129.811156	129.811
130.136236	130.136236	130.136
130.461315	130.461315	130.461
130.623855	130.623855	130.624
130.786395	130.786395	130.786
130.948934	130.948934	130.949
131.111474	131.111474	131.111
131.274014	131.274014	131.274
131.436553	131.436553	131.437
131.610703	131.610703	131.611
131.773243	131.773243	131.773
131.935782	131.935782	131.936
132.098322	132.098322	132.098
132.249252	132.249252	132.249
132.423401	132.423401	132.423
132.748481	132.748481	132.748
132.899410	132.899410	132.899
133.073560	133.073560	133.074
133.247710	133.247710	133.248
133.387029	133.387029	133.387
133.491519	133.491519	133.492
133.584399	133.584399	133.584
133.700499	133.700499	133.700
133.793379	133.793379	133.793
133.897868	133.897868	133.898
134.013968	134.013968	134.014
134.130068	134.130068	134.130
134.222948	134.222948	134.223
134.350658	134.350658	134.351
134.443537	134.443537	134.444
134.548027	134.548027	134.548
134.687347	134.687347	134.687
135.000816	135.000816	135.001
135.337506	135.337506	135.338
135.558095	135.558095	135.558
135.674195	135.674195	135.674
135.883175	135.883175	135.883
135.999274	135.999274	135.999
136.219864	136.219864	136.220
136.347574	136.347574	136.348
136.661043	136.661043	136.661
136.881633	136.881633	136.882
136.986122	136.986122	136.986
137.195102	137.195102	137.195
137.322812	137.322812	137.323
137.450522	137.450522	137.451
137.647891	137.647891	137.648
137.961361	137.961361	137.961
138.054240	138.054240	138.054
138.181950	138.181950	138.182
138.298050	138.298050	138.298
138.507029	138.507029	138.507
138.634739	138.634739	138.635
138.820499	138.820499	138.820
138.959819	138.959819	138.960
139.273288	139.273288	139.273
139.493878	139.493878	139.494
139.598367	139.598367	139.598
139.818957	139.818957	139.819
139.923447	139.923447	139.923
140.178866	140.178866	140.179
140.248526	140.248526	140.249
140.469116	140.469116	140.469
140.573605	140.573605	140.574
140.794195	140.794195	140.794
140.910295	140.910295	140.910
141.119274	141.119274	141.119
141.235374	141.235374	141.235
141.467574	141.467574	141.468
141.560454	141.560454	141.560
141.653333	141.653333	141.653
141.769433	141.769433	141.769
141.873923	141.873923	141.874
142.094512	142.094512	142.095
142.210612	142.210612	142.211
142.384762	142.384762	142.385
142.535692	142.535692	142.536
142.744671	142.744671	142.745
142.872381	142.872381	142.872
143.185850	143.185850	143.186
143.243900	143.243900	143.244
143.394830	143.394830	143.395
143.510930	143.510930	143.511
143.650249	143.650249	143.650
143.836009	143.836009	143.836
144.161088	144.161088	144.161
144.288798	144.288798	144.289
144.370068	144.370068	144.370
144.474558	144.474558	144.475
144.695147	144.695147	144.695
144.799637	144.799637	144.800
145.020227	145.020227	145.020
145.136327	145.136327	145.136
145.461406	145.461406	145.461
145.658776	145.658776	145.659
145.774875	145.774875	145.775
145.995465	145.995465	145.995
146.111565	146.111565	146.112
146.332154	146.332154	146.332
146.448254	146.448254	146.448
146.773333	146.773333	146.773
147.005533	147.005533	147.006
147.098413	147.098413	147.098
147.307392	147.307392	147.307
147.435102	147.435102	147.435
147.620862	147.620862	147.621
147.748571	147.748571	147.749
148.073651	148.073651	148.074
148.166531	148.166531	148.167
148.247800	148.247800	148.248
148.387120	148.387120	148.387
148.596100	148.596100	148.596
148.723810	148.723810	148.724
148.956009	148.956009	148.956
149.060499	149.060499	149.060
149.164989	149.164989	149.165
149.385578	149.385578	149.386
149.617778	149.617778	149.618
149.710658	149.710658	149.711
149.931247	149.931247	149.931
150.047347	150.047347	150.047
150.151837	150.151837	150.152
150.244717	150.244717	150.245
150.349206	150.349206	150.349
150.569796	150.569796	150.570
150.685896	150.685896	150.686
150.790385	150.790385	150.790
151.010975	151.010975	151.011
151.219955	151.219955	151.220
151.347664	151.347664	151.348
151.568254	151.568254	151.568
151.661134	151.661134	151.661
151.881723	151.881723	151.882
151.997823	151.997823	151.998
152.090703	152.090703	152.091
152.311293	152.311293	152.311
152.520272	152.520272	152.520
152.647982	152.647982	152.648
152.740862	152.740862	152.741
152.961451	152.961451	152.961
153.182041	153.182041	153.182
153.298141	153.298141	153.298
153.391020	153.391020	153.391
153.611610	153.611610	153.612
153.832200	153.832200	153.832
153.959909	153.959909	153.960
154.052789	154.052789	154.053
154.273379	154.273379	154.273
154.470748	154.470748	154.471
154.610068	154.610068	154.610
154.795828	154.795828	154.796
154.911927	154.911927	154.912
155.120907	155.120907	155.121
155.237007	155.237007	155.237
155.573696	155.573696	155.574
155.771066	155.771066	155.771
155.887166	155.887166	155.887
156.072925	156.072925	156.073
156.200635	156.200635	156.201
156.409615	156.409615	156.410
156.537324	156.537324	156.537
156.862404	156.862404	156.862
157.059773	157.059773	157.060
157.187483	157.187483	157.187
157.361633	157.361633	157.362
157.500952	157.500952	157.501
157.709932	157.709932	157.710
157.837642	157.837642	157.838
158.023401	158.023401	158.023
158.162721	158.162721	158.163
158.255601	158.255601	158.256
158.348481	158.348481	158.348
158.487800	158.487800	158.488
158.685170	158.685170	158.685
158.789660	158.789660	158.790
159.010249	159.010249	159.010
159.126349	159.126349	159.126
159.463039	159.463039	159.463
159.648798	159.648798	159.649
159.788118	159.788118	159.788
159.973878	159.973878	159.974
160.089977	160.089977	160.090
160.310567	160.310567	160.311
160.438277	160.438277	160.438
160.647256	160.647256	160.647
160.763356	160.763356	160.763
161.100045	161.100045	161.100
161.320635	161.320635	161.321
161.413515	161.413515	161.414
161.622494	161.622494	161.622
161.750204	161.750204	161.750
161.959184	161.959184	161.959
162.075283	162.075283	162.075
162.168163	162.168163	162.168
162.411973	162.411973	162.412
162.597732	162.597732	162.598
162.725442	162.725442	162.725
162.818322	162.818322	162.818
162.911202	162.911202	162.911
163.062132	163.062132	163.062
163.155011	163.155011	163.155
163.271111	163.271111	163.271
163.375601	163.375601	163.376
163.480091	163.480091	163.480
163.572971	163.572971	163.573
163.712290	163.712290	163.712
163.909660	163.909660	163.910
164.037370	164.037370	164.037
164.246349	164.246349	164.246
164.362449	164.362449	164.362
164.490159	164.490159	164.490
164.583039	164.583039	164.583
164.699138	164.699138	164.699
164.803628	164.803628	164.804
164.919728	164.919728	164.920
165.024218	165.024218	165.024
165.140317	165.140317	165.140
165.233197	165.233197	165.233
165.349297	165.349297	165.349
165.453787	165.453787	165.454
165.569887	165.569887	165.570
165.674376	165.674376	165.674
165.790476	165.790476	165.790
165.894966	165.894966	165.895
165.999456	165.999456	165.999
166.103946	166.103946	166.104
166.347755	166.347755	166.348
166.649615	166.649615	166.650
166.730884	166.730884	166.731
166.870204	166.870204	166.870
166.986304	166.986304	166.986
167.183673	167.183673	167.184
167.299773	167.299773	167.300
167.648073	167.648073	167.648
167.961542	167.961542	167.962
168.170522	168.170522	168.171
168.286621	168.286621	168.287
168.495601	168.495601	168.496
168.611701	168.611701	168.612
168.704580	168.704580	168.705
168.948390	168.948390	168.948
169.261859	169.261859	169.262
169.470839	169.470839	169.471
169.598549	169.598549	169.599
169.935238	169.935238	169.935
170.260317	170.260317	170.260
170.573787	170.573787	170.574
170.782766	170.782766	170.783
170.898866	170.898866	170.899
171.107846	171.107846	171.108
171.235556	171.235556	171.236
171.560635	171.560635	171.561
171.699955	171.699955	171.700
171.874104	171.874104	171.874
172.083084	172.083084	172.083
172.210794	172.210794	172.211
172.419773	172.419773	172.420
172.524263	172.524263	172.524
172.617143	172.617143	172.617
172.849342	172.849342	172.849
173.162812	173.162812	173.163
173.383401	173.383401	173.383
173.499501	173.499501	173.500
173.824580	173.824580	173.825
174.056780	174.056780	174.057
174.149660	174.149660	174.150
174.474739	174.474739	174.475
174.683719	174.683719	174.684
174.811429	174.811429	174.811
175.136508	175.136508	175.137
175.461587	175.461587	175.462
175.775057	175.775057	175.775
175.995646	175.995646	175.996
176.111746	176.111746	176.112
176.320726	176.320726	176.321
176.471655	176.471655	176.472
176.669025	176.669025	176.669
176.750295	176.750295	176.750
176.889615	176.889615	176.890
177.075374	177.075374	177.075
177.203084	177.203084	177.203
177.295964	177.295964	177.296
177.423673	177.423673	177.424
177.621043	177.621043	177.621
177.737143	177.737143	177.737
177.864853	177.864853	177.865
178.062222	178.062222	178.062
178.306032	178.306032	178.306
178.387302	178.387302	178.387
178.619501	178.619501	178.620
178.735601	178.735601	178.736
178.944580	178.944580	178.945
179.060680	179.060680	179.061
179.176780	179.176780	179.177
179.269660	179.269660	179.270
179.385760	179.385760	179.386
179.490249	179.490249	179.490
179.594739	179.594739	179.595
179.710839	179.710839	179.711
179.815329	179.815329	179.815
179.919819	179.919819	179.920
180.024308	180.024308	180.024
180.140408	180.140408	180.140
180.233288	180.233288	180.233
180.349388	180.349388	180.349
180.453878	180.453878	180.454
180.569977	180.569977	180.570
180.662857	180.662857	180.663
180.778957	180.778957	180.779
180.883447	180.883447	180.883
180.987937	180.987937	180.988
181.162086	181.162086	181.162
181.208526	181.208526	181.209
181.313016	181.313016	181.313
181.463946	181.463946	181.464
181.533605	181.533605	181.534
181.649705	181.649705	181.650
181.881905	181.881905	181.882
181.974785	181.974785	181.975
182.148934	182.148934	182.149
182.311474	182.311474	182.311
182.474014	182.474014	182.474
182.799093	182.799093	182.799
182.961633	182.961633	182.962
183.124172	183.124172	183.124
183.286712	183.286712	183.287
183.449252	183.449252	183.449
183.797551	183.797551	183.798
183.948481	183.948481	183.948
184.099410	184.099410	184.099
184.273560	184.273560	184.274
184.482540	184.482540	184.483
184.598639	184.598639	184.599
184.761179	184.761179	184.761
184.923719	184.923719	184.924
185.074649	185.074649	185.075
185.411338	185.411338	185.411
185.573878	185.573878	185.574
185.736417	185.736417	185.736
185.898957	185.898957	185.899
186.061497	186.061497	186.061
186.398186	186.398186	186.398
186.549116	186.549116	186.549
186.700045	186.700045	186.700
186.862585	186.862585	186.863
187.199274	187.199274	187.199
187.373424	187.373424	187.373
187.524354	187.524354	187.524
187.686893	187.686893	187.687
187.861043	187.861043	187.861
188.023583	188.023583	188.024
188.174512	188.174512	188.175
188.348662	188.348662	188.349
188.522812	188.522812	188.523
188.673741	188.673741	188.674
189.022041	189.022041	189.022
189.184580	189.184580	189.185
189.347120	189.347120	189.347
189.486440	189.486440	189.486
189.660590	189.660590	189.661
189.811519	189.811519	189.812
189.950839	189.950839	189.951
190.136599	190.136599	190.137
190.287528	190.287528	190.288
190.473288	190.473288	190.473
190.612608	190.612608	190.613
190.775147	190.775147	190.775
190.937687	190.937687	190.938
191.123447	191.123447	191.123
191.262766	191.262766	191.263
191.448526	191.448526	191.449
191.622676	191.622676	191.623
191.692336	191.692336	191.692
191.761995	191.761995	191.762
191.936145	191.936145	191.936
192.098685	192.098685	192.099
192.435374	192.435374	192.435
192.586304	192.586304	192.586
192.725624	192.725624	192.726
193.073923	193.073923	193.074
193.213243	193.213243	193.213
193.399002	193.399002	193.399
193.724082	193.724082	193.724
193.956281	193.956281	193.956
194.060771	194.060771	194.061
194.385850	194.385850	194.386
194.710930	194.710930	194.711
195.047619	195.047619	195.048
195.186939	195.186939	195.187
195.372698	195.372698	195.373
195.697778	195.697778	195.698
196.011247	196.011247	196.011
196.359546	196.359546	196.360
196.498866	196.498866	196.499
196.673016	196.673016	196.673
196.998095	196.998095	196.998
197.311565	197.311565	197.312
197.392834	197.392834	197.393
197.648254	197.648254	197.648
197.973333	197.973333	197.973
198.054603	198.054603	198.055
198.147483	198.147483	198.147
198.321633	198.321633	198.322
198.623492	198.623492	198.623
198.948571	198.948571	198.949
199.111111	199.111111	199.111
199.285261	199.285261	199.285
199.598730	199.598730	199.599
199.923810	199.923810	199.924
200.132789	200.132789	200.133
200.260499	200.260499	200.260
200.399819	200.399819	200.400
200.573968	200.573968	200.574
200.910658	200.910658	200.911
201.224127	201.224127	201.224
201.560816	201.560816	201.561
201.711746	201.711746	201.712
201.897506	201.897506	201.898
202.060045	202.060045	202.060
202.222585	202.222585	202.223
202.361905	202.361905	202.362
202.524444	202.524444	202.524
202.861134	202.861134	202.861
203.023673	203.023673	203.024
203.186213	203.186213	203.186
203.406803	203.406803	203.407
203.499683	203.499683	203.500
203.836372	203.836372	203.836
203.998912	203.998912	203.999
204.161451	204.161451	204.161
204.323991	204.323991	204.324
204.486531	204.486531	204.487
204.637460	204.637460	204.637
204.823220	204.823220	204.823
204.985760	204.985760	204.986
205.136689	205.136689	205.137
205.287619	205.287619	205.288
205.473379	205.473379	205.473
205.624308	205.624308	205.624
205.786848	205.786848	205.787
205.926168	205.926168	205.926
206.111927	206.111927	206.112
206.448617	206.448617	206.449
206.599546	206.599546	206.600
206.773696	206.773696	206.774
206.924626	206.924626	206.925
207.098776	207.098776	207.099
207.261315	207.261315	207.261
207.423855	207.423855	207.424
207.586395	207.586395	207.586
207.748934	207.748934	207.749
207.911474	207.911474	207.911
208.074014	208.074014	208.074
208.248163	208.248163	208.248
208.410703	208.410703	208.411
208.654512	208.654512	208.655
208.735782	208.735782	208.736
208.875102	208.875102	208.875
209.060862	209.060862	209.061
209.200181	209.200181	209.200
209.385941	209.385941	209.386
209.548481	209.548481	209.548
209.699410	209.699410	209.699
209.861950	209.861950	209.862
210.036100	210.036100	210.036
210.187029	210.187029	210.187
210.361179	210.361179	210.361
210.523719	210.523719	210.524
210.686259	210.686259	210.686
210.837188	210.837188	210.837
211.011338	211.011338	211.011
211.173878	211.173878	211.174
211.324807	211.324807	211.325
211.498957	211.498957	211.499
211.649887	211.649887	211.650
211.824036	211.824036	211.824
211.974966	211.974966	211.975
212.125896	212.125896	212.126
212.300045	212.300045	212.300
212.485805	212.485805	212.486
212.625125	212.625125	212.625
212.799274	212.799274	212.799
212.950204	212.950204	212.950
213.135964	213.135964	213.136
213.298503	213.298503	213.299
213.461043	213.461043	213.461
213.623583	213.623583	213.624
213.844172	213.844172	213.844
213.948662	213.948662	213.949
214.064762	214.064762	214.065
214.273741	214.273741	214.274
214.436281	214.436281	214.436
214.598821	214.598821	214.599
214.761361	214.761361	214.761
214.923900	214.923900	214.924
215.086440	215.086440	215.086
215.248980	215.248980	215.249
215.411519	215.411519	215.412
215.574059	215.574059	215.574
215.724989	215.724989	215.725
215.899138	215.899138	215.899
216.061678	216.061678	216.062
216.224218	216.224218	216.224
216.398367	216.398367	216.398
216.549297	216.549297	216.549
216.711837	216.711837	216.712
216.874376	216.874376	216.874
217.048526	217.048526	217.049
217.199456	217.199456	217.199
217.385215	217.385215	217.385
217.524535	217.524535	217.525
217.675465	217.675465	217.675
217.849615	217.849615	217.850
218.012154	218.012154	218.012
218.174694	218.174694	218.175
218.337234	218.337234	218.337
218.499773	218.499773	218.500
218.673923	218.673923	218.674
218.824853	218.824853	218.825
218.999002	218.999002	218.999
219.068662	219.068662	219.069
219.138322	219.138322	219.138
219.277642	219.277642	219.278
219.475011	219.475011	219.475
219.637551	219.637551	219.638
219.800091	219.800091	219.800
219.962630	219.962630	219.963
220.125170	220.125170	220.125
220.310930	220.310930	220.311
220.438639	220.438639	220.439
220.624399	220.624399	220.624
220.775329	220.775329	220.775
220.926259	220.926259	220.926
221.100408	221.100408	221.100
221.274558	221.274558	221.275
221.437098	221.437098	221.437
221.599637	221.599637	221.600
221.762177	221.762177	221.762
221.924717	221.924717	221.925
222.087256	222.087256	222.087
222.249796	222.249796	222.250
222.423946	222.423946	222.424
222.586485	222.586485	222.586
222.749025	222.749025	222.749
222.911565	222.911565	222.912
223.074104	223.074104	223.074
223.225034	223.225034	223.225
223.387574	223.387574	223.388
223.561723	223.561723	223.562
223.724263	223.724263	223.724
223.886803	223.886803	223.887
224.049342	224.049342	224.049
224.211882	224.211882	224.212
224.374422	224.374422	224.374
224.536961	224.536961	224.537
224.699501	224.699501	224.700
224.862041	224.862041	224.862
225.024580	225.024580	225.025
225.187120	225.187120	225.187
225.535419	225.535419	225.535
225.697959	225.697959	225.698
225.837279	225.837279	225.837
226.011429	226.011429	226.011
226.173968	226.173968	226.174
226.255238	226.255238	226.255
226.487438	226.487438	226.487
226.661587	226.661587	226.662
226.986667	226.986667	226.987
227.149206	227.149206	227.149
227.311746	227.311746	227.312
227.462676	227.462676	227.463
227.636825	227.636825	227.637
227.799365	227.799365	227.799
228.136054	228.136054	228.136
228.298594	228.298594	228.299
228.461134	228.461134	228.461
228.612063	228.612063	228.612
228.855873	228.855873	228.856
229.331882	229.331882	229.332
229.610522	229.610522	229.611
230.109751	230.109751	230.110
230.446440	230.446440	230.446
230.922449	230.922449	230.922
231.247528	231.247528	231.248
231.293968	231.293968	231.294
231.862857	231.862857	231.863
232.141497	232.141497	232.141
232.257596	232.257596	232.258
232.408526	232.408526	232.409
232.489796	232.489796	232.490
232.582676	232.582676	232.583
232.640726	232.640726	232.641
232.721995	232.721995	232.722
232.884535	232.884535	232.885
233.116735	233.116735	233.117
233.232834	233.232834	233.233
233.290884	233.290884	233.291
233.406984	233.406984	233.407
233.476644	233.476644	233.477
233.546304	233.546304	233.546
233.650794	233.650794	233.651
233.732063	233.732063	233.732
233.859773	233.859773	233.860
233.987483	233.987483	233.987
234.080363	234.080363	234.080
234.161633	234.161633	234.162
234.266122	234.266122	234.266
234.393832	234.393832	234.394
234.533152	234.533152	234.533
234.742132	234.742132	234.742
234.823401	234.823401	234.823
234.904671	234.904671	234.905
234.974331	234.974331	234.974
235.125261	235.125261	235.125
235.322630	235.322630	235.323
235.392290	235.392290	235.392
235.578050	235.578050	235.578
235.728980	235.728980	235.729
235.937959	235.937959	235.938
236.077279	236.077279	236.077
236.332698	236.332698	236.333
236.564898	236.564898	236.565
236.657778	236.657778	236.658
236.808707	236.808707	236.809
236.971247	236.971247	236.971
237.098957	237.098957	237.099
237.296327	237.296327	237.296
237.365986	237.365986	237.366
237.633016	237.633016	237.633
237.818776	237.818776	237.819
237.876825	237.876825	237.877
237.900045	237.900045	237.900
238.062585	238.062585	238.063
238.132245	238.132245	238.132
238.283175	238.283175	238.283
238.364444	238.364444	238.364
238.689524	238.689524	238.690
239.026213	239.026213	239.026
239.211973	239.211973	239.212
239.374512	239.374512	239.375
239.629932	239.629932	239.630
239.838912	239.838912	239.839
240.628390	240.628390	240.628
240.988299	240.988299	240.988
241.673288	241.673288	241.673
241.812608	241.812608	241.813
241.963537	241.963537	241.964
242.091247	242.091247	242.091
242.277007	242.277007	242.277
242.555646	242.555646	242.556
