0.046440	0.046440	0.046
0.278639	0.278639	0.279
0.522449	0.522449	0.522
0.754649	0.754649	0.755
1.021678	1.021678	1.022
1.497687	1.497687	1.498
1.764717	1.764717	1.765
2.020136	2.020136	2.020
2.252336	2.252336	2.252
2.530975	2.530975	2.531
2.751565	2.751565	2.752
3.006984	3.006984	3.007
3.123084	3.123084	3.123
3.215964	3.215964	3.216
3.482993	3.482993	3.483
3.645533	3.645533	3.646
3.750023	3.750023	3.750
3.877732	3.877732	3.878
4.017052	4.017052	4.017
4.504671	4.504671	4.505
4.771701	4.771701	4.772
5.027120	5.027120	5.027
5.294150	5.294150	5.294
5.537959	5.537959	5.538
5.770159	5.770159	5.770
6.025578	6.025578	6.026
6.269388	6.269388	6.269
6.780227	6.780227	6.780
7.058866	7.058866	7.059
7.500045	7.500045	7.500
7.813515	7.813515	7.814
8.068934	8.068934	8.069
9.055782	9.055782	9.056
9.148662	9.148662	9.149
9.322812	9.322812	9.323
9.566621	9.566621	9.567
10.089070	10.089070	10.089
10.565079	10.565079	10.565
11.087528	11.087528	11.088
11.575147	11.575147	11.575
12.085986	12.085986	12.086
12.573605	12.573605	12.574
13.072834	13.072834	13.073
13.258594	13.258594	13.259
13.583673	13.583673	13.584
16.114649	16.114649	16.115
16.613878	16.613878	16.614
17.020227	17.020227	17.020
17.612336	17.612336	17.612
18.146395	18.146395	18.146
18.634014	18.634014	18.634
19.121633	19.121633	19.122
19.632472	19.632472	19.632
20.108481	20.108481	20.108
21.153379	21.153379	21.153
21.397188	21.397188	21.397
21.640998	21.640998	21.641
22.163447	22.163447	22.163
24.009433	24.009433	24.009
24.160363	24.160363	24.160
24.891791	24.891791	24.892
25.077551	25.077551	25.078
25.123991	25.123991	25.124
25.681270	25.681270	25.681
25.913469	25.913469	25.913
26.145669	26.145669	26.146
26.389478	26.389478	26.389
26.714558	26.714558	26.715
27.213787	27.213787	27.214
28.130975	28.130975	28.131
28.223855	28.223855	28.224
28.688254	28.688254	28.688
29.024943	29.024943	29.025
29.175873	29.175873	29.176
29.698322	29.698322	29.698
29.918912	29.918912	29.919
30.197551	30.197551	30.198
30.696780	30.696780	30.697
31.242449	31.242449	31.242
31.730068	31.730068	31.730
32.182857	32.182857	32.183
32.716916	32.716916	32.717
32.972336	32.972336	32.972
33.076825	33.076825	33.077
33.216145	33.216145	33.216
33.367075	33.367075	33.367
33.715374	33.715374	33.715
33.935964	33.935964	33.936
34.249433	34.249433	34.249
34.493243	34.493243	34.493
34.992472	34.992472	34.992
35.143401	35.143401	35.143
35.363991	35.363991	35.364
35.503311	35.503311	35.503
35.735510	35.735510	35.736
35.990930	35.990930	35.991
36.107029	36.107029	36.107
36.257959	36.257959	36.258
37.117098	37.117098	37.117
37.372517	37.372517	37.373
37.500227	37.500227	37.500
37.627937	37.627937	37.628
38.266485	38.266485	38.266
38.638005	38.638005	38.638
38.823764	38.823764	38.824
39.624853	39.624853	39.625
39.752562	39.752562	39.753
39.787392	39.787392	39.787
39.903492	39.903492	39.903
40.286621	40.286621	40.287
40.518821	40.518821	40.519
40.994830	40.994830	40.995
41.273469	41.273469	41.273
41.389569	41.389569	41.390
41.517279	41.517279	41.517
41.633379	41.633379	41.633
41.761088	41.761088	41.761
42.016508	42.016508	42.017
42.283537	42.283537	42.284
42.666667	42.666667	42.667
42.794376	42.794376	42.794
43.293605	43.293605	43.294
43.560635	43.560635	43.561
43.665125	43.665125	43.665
43.792834	43.792834	43.793
43.932154	43.932154	43.932
44.048254	44.048254	44.048
44.315283	44.315283	44.315
45.313741	45.313741	45.314
45.429841	45.429841	45.430
45.557551	45.557551	45.558
45.673651	45.673651	45.674
46.184490	46.184490	46.184
46.312200	46.312200	46.312
46.672109	46.672109	46.672
47.438367	47.438367	47.438
47.577687	47.577687	47.578
47.833107	47.833107	47.833
48.042086	48.042086	48.042
48.332336	48.332336	48.332
48.436825	48.436825	48.437
48.564535	48.564535	48.565
48.831565	48.831565	48.832
48.947664	48.947664	48.948
49.075374	49.075374	49.075
49.214694	49.214694	49.215
49.330794	49.330794	49.331
49.574603	49.574603	49.575
49.702313	49.702313	49.702
49.841633	49.841633	49.842
49.946122	49.946122	49.946
50.073832	50.073832	50.074
50.340862	50.340862	50.341
50.468571	50.468571	50.469
50.851701	50.851701	50.852
50.967800	50.967800	50.968
51.246440	51.246440	51.246
51.362540	51.362540	51.363
51.629569	51.629569	51.630
51.710839	51.710839	51.711
51.850159	51.850159	51.850
52.221678	52.221678	52.222
52.372608	52.372608	52.373
52.871837	52.871837	52.872
53.208526	53.208526	53.209
53.347846	53.347846	53.348
53.614875	53.614875	53.615
53.730975	53.730975	53.731
53.893515	53.893515	53.894
54.148934	54.148934	54.149
54.369524	54.369524	54.370
54.613333	54.613333	54.613
54.880363	54.880363	54.880
55.182222	55.182222	55.182
55.356372	55.356372	55.356
55.635011	55.635011	55.635
55.867211	55.867211	55.867
56.134240	56.134240	56.134
56.378050	56.378050	56.378
56.633469	56.633469	56.633
56.888889	56.888889	56.889
57.097868	57.097868	57.098
57.306848	57.306848	57.307
57.388118	57.388118	57.388
57.643537	57.643537	57.644
57.898957	57.898957	57.899
58.398186	58.398186	58.398
58.653605	58.653605	58.654
58.897415	58.897415	58.897
59.222494	59.222494	59.222
59.315374	59.315374	59.315
59.396644	59.396644	59.397
59.663673	59.663673	59.664
59.930703	59.930703	59.931
60.058413	60.058413	60.058
60.279002	60.279002	60.279
60.418322	60.418322	60.418
60.650522	60.650522	60.651
60.905941	60.905941	60.906
61.231020	61.231020	61.231
61.428390	61.428390	61.428
61.672200	61.672200	61.672
61.916009	61.916009	61.916
62.217868	62.217868	62.218
62.392018	62.392018	62.392
62.670658	62.670658	62.671
62.926077	62.926077	62.926
63.227937	63.227937	63.228
63.413696	63.413696	63.414
63.541406	63.541406	63.541
63.680726	63.680726	63.681
63.947755	63.947755	63.948
64.435374	64.435374	64.435
64.667574	64.667574	64.668
64.795283	64.795283	64.795
64.922993	64.922993	64.923
65.027483	65.027483	65.027
65.190023	65.190023	65.190
65.306122	65.306122	65.306
65.422222	65.422222	65.422
65.561542	65.561542	65.562
65.689252	65.689252	65.689
65.956281	65.956281	65.956
66.072381	66.072381	66.072
66.211701	66.211701	66.212
66.409070	66.409070	66.409
66.478730	66.478730	66.479
66.618050	66.618050	66.618
66.838639	66.838639	66.839
66.954739	66.954739	66.955
67.361088	67.361088	67.361
67.465578	67.465578	67.466
67.593288	67.593288	67.593
67.744218	67.744218	67.744
67.976417	67.976417	67.976
68.243447	68.243447	68.243
68.464036	68.464036	68.464
68.754286	68.754286	68.754
68.974875	68.974875	68.975
69.474104	69.474104	69.474
69.729524	69.729524	69.730
69.880454	69.880454	69.880
69.984943	69.984943	69.985
70.228753	70.228753	70.229
70.472562	70.472562	70.473
70.739592	70.739592	70.740
70.890522	70.890522	70.891
70.971791	70.971791	70.972
71.018231	71.018231	71.018
71.227211	71.227211	71.227
71.343311	71.343311	71.343
71.471020	71.471020	71.471
71.726440	71.726440	71.726
71.981859	71.981859	71.982
72.167619	72.167619	72.168
72.248889	72.248889	72.249
72.492698	72.492698	72.493
72.748118	72.748118	72.748
72.875828	72.875828	72.876
73.003537	73.003537	73.004
73.119637	73.119637	73.120
73.247347	73.247347	73.247
73.386667	73.386667	73.387
73.502766	73.502766	73.503
73.758186	73.758186	73.758
73.897506	73.897506	73.898
74.001995	74.001995	74.002
74.257415	74.257415	74.257
74.501224	74.501224	74.501
74.721814	74.721814	74.722
74.884354	74.884354	74.884
75.000454	75.000454	75.000
75.371973	75.371973	75.372
75.488073	75.488073	75.488
75.743492	75.743492	75.743
75.906032	75.906032	75.906
76.010522	76.010522	76.011
76.126621	76.126621	76.127
76.254331	76.254331	76.254
76.521361	76.521361	76.521
76.660680	76.660680	76.661
77.008980	77.008980	77.009
77.357279	77.357279	77.357
77.519819	77.519819	77.520
77.775238	77.775238	77.775
78.019048	78.019048	78.019
78.158367	78.158367	78.158
78.262857	78.262857	78.263
78.378957	78.378957	78.379
78.506667	78.506667	78.507
78.773696	78.773696	78.774
79.017506	79.017506	79.018
79.261315	79.261315	79.261
79.389025	79.389025	79.389
79.563175	79.563175	79.563
79.818594	79.818594	79.819
80.050794	80.050794	80.051
80.282993	80.282993	80.283
80.538413	80.538413	80.538
80.782222	80.782222	80.782
81.026032	81.026032	81.026
81.281451	81.281451	81.281
81.525261	81.525261	81.525
81.652971	81.652971	81.653
81.780680	81.780680	81.781
81.896780	81.896780	81.897
82.024490	82.024490	82.024
82.279909	82.279909	82.280
82.535329	82.535329	82.535
82.790748	82.790748	82.791
82.906848	82.906848	82.907
83.046168	83.046168	83.046
83.289977	83.289977	83.290
83.545397	83.545397	83.545
83.789206	83.789206	83.789
83.835646	83.835646	83.836
84.056236	84.056236	84.056
84.288435	84.288435	84.288
84.555465	84.555465	84.555
85.066304	85.066304	85.066
85.437823	85.437823	85.438
85.588753	85.588753	85.589
85.844172	85.844172	85.844
86.064762	86.064762	86.065
86.331791	86.331791	86.332
86.563991	86.563991	86.564
87.074830	87.074830	87.075
87.574059	87.574059	87.574
87.829478	87.829478	87.829
88.084898	88.084898	88.085
88.328707	88.328707	88.329
88.595737	88.595737	88.596
88.885986	88.885986	88.886
89.106576	89.106576	89.107
89.512925	89.512925	89.513
89.582585	89.582585	89.583
89.838005	89.838005	89.838
90.081814	90.081814	90.082
90.581043	90.581043	90.581
90.708753	90.708753	90.709
90.836463	90.836463	90.836
90.964172	90.964172	90.964
91.091882	91.091882	91.092
91.335692	91.335692	91.336
91.463401	91.463401	91.463
91.591111	91.591111	91.591
91.834921	91.834921	91.835
92.090340	92.090340	92.090
92.229660	92.229660	92.230
92.345760	92.345760	92.346
92.589569	92.589569	92.590
92.728889	92.728889	92.729
92.868209	92.868209	92.868
92.995918	92.995918	92.996
93.123628	93.123628	93.124
93.495147	93.495147	93.495
93.622857	93.622857	93.623
93.750567	93.750567	93.751
93.889887	93.889887	93.890
94.145306	94.145306	94.145
94.261406	94.261406	94.261
94.389116	94.389116	94.389
94.516825	94.516825	94.517
94.621315	94.621315	94.621
94.876735	94.876735	94.877
95.132154	95.132154	95.132
95.375964	95.375964	95.376
95.654603	95.654603	95.655
95.875193	95.875193	95.875
96.142222	96.142222	96.142
96.269932	96.269932	96.270
96.397642	96.397642	96.398
96.513741	96.513741	96.514
96.629841	96.629841	96.630
96.769161	96.769161	96.769
96.896871	96.896871	96.897
97.012971	97.012971	97.013
97.140680	97.140680	97.141
97.396100	97.396100	97.396
97.639909	97.639909	97.640
97.895329	97.895329	97.895
97.999819	97.999819	98.000
98.139138	98.139138	98.139
98.394558	98.394558	98.395
98.661587	98.661587	98.662
98.893787	98.893787	98.894
99.149206	99.149206	99.149
99.381406	99.381406	99.381
99.543946	99.543946	99.544
99.671655	99.671655	99.672
99.787755	99.787755	99.788
99.903855	99.903855	99.904
100.054785	100.054785	100.055
100.170884	100.170884	100.171
100.519184	100.519184	100.519
100.635283	100.635283	100.635
100.681723	100.681723	100.682
100.937143	100.937143	100.937
101.169342	101.169342	101.169
101.424762	101.424762	101.425
101.691791	101.691791	101.692
101.923991	101.923991	101.924
102.051701	102.051701	102.052
102.167800	102.167800	102.168
102.434830	102.434830	102.435
102.550930	102.550930	102.551
102.690249	102.690249	102.690
102.922449	102.922449	102.922
103.050159	103.050159	103.050
103.177868	103.177868	103.178
103.235918	103.235918	103.236
103.433288	103.433288	103.433
103.560998	103.560998	103.561
103.677098	103.677098	103.677
103.828027	103.828027	103.828
103.944127	103.944127	103.944
104.141497	104.141497	104.141
104.431746	104.431746	104.432
104.571066	104.571066	104.571
104.698776	104.698776	104.699
104.826485	104.826485	104.826
104.942585	104.942585	104.943
105.047075	105.047075	105.047
105.186395	105.186395	105.186
105.441814	105.441814	105.442
105.697234	105.697234	105.697
105.778503	105.778503	105.779
105.952653	105.952653	105.953
106.208073	106.208073	106.208
106.440272	106.440272	106.440
106.695692	106.695692	106.696
106.939501	106.939501	106.940
107.194921	107.194921	107.195
107.450340	107.450340	107.450
107.612880	107.612880	107.613
107.694150	107.694150	107.694
107.937959	107.937959	107.938
108.065669	108.065669	108.066
108.181769	108.181769	108.182
108.309478	108.309478	108.309
108.425578	108.425578	108.426
108.646168	108.646168	108.646
108.692608	108.692608	108.693
108.948027	108.948027	108.948
109.226667	109.226667	109.227
109.284717	109.284717	109.285
109.482086	109.482086	109.482
109.783946	109.783946	109.784
109.992925	109.992925	109.993
110.225125	110.225125	110.225
110.364444	110.364444	110.364
110.480544	110.480544	110.481
110.596644	110.596644	110.597
110.898503	110.898503	110.899
111.246803	111.246803	111.247
111.304853	111.304853	111.305
111.502222	111.502222	111.502
111.757642	111.757642	111.758
112.013061	112.013061	112.013
112.256871	112.256871	112.257
112.361361	112.361361	112.361
112.512290	112.512290	112.512
112.756100	112.756100	112.756
112.999909	112.999909	113.000
113.104399	113.104399	113.104
113.278549	113.278549	113.279
113.510748	113.510748	113.511
113.766168	113.766168	113.766
114.009977	114.009977	114.010
114.242177	114.242177	114.242
114.485986	114.485986	114.486
114.613696	114.613696	114.614
114.741406	114.741406	114.741
114.996825	114.996825	114.997
115.136145	115.136145	115.136
115.240635	115.240635	115.241
115.368345	115.368345	115.368
115.507664	115.507664	115.508
115.751474	115.751474	115.751
115.879184	115.879184	115.879
116.018503	116.018503	116.019
116.134603	116.134603	116.135
116.262313	116.262313	116.262
116.390023	116.390023	116.390
116.517732	116.517732	116.518
116.645442	116.645442	116.645
116.761542	116.761542	116.762
116.866032	116.866032	116.866
117.040181	117.040181	117.040
117.283991	117.283991	117.284
117.551020	117.551020	117.551
117.690340	117.690340	117.690
117.794830	117.794830	117.795
117.899320	117.899320	117.899
118.038639	118.038639	118.039
118.294059	118.294059	118.294
118.514649	118.514649	118.515
118.653968	118.653968	118.654
118.770068	118.770068	118.770
118.909388	118.909388	118.909
119.037098	119.037098	119.037
119.292517	119.292517	119.293
119.524717	119.524717	119.525
119.652426	119.652426	119.652
119.780136	119.780136	119.780
120.035556	120.035556	120.036
120.290975	120.290975	120.291
120.778594	120.778594	120.779
121.045624	121.045624	121.046
121.301043	121.301043	121.301
121.660952	121.660952	121.661
121.788662	121.788662	121.789
122.055692	122.055692	122.056
122.171791	122.171791	122.172
122.299501	122.299501	122.300
122.682630	122.682630	122.683
122.798730	122.798730	122.799
123.054150	123.054150	123.054
123.321179	123.321179	123.321
123.425669	123.425669	123.426
123.564989	123.564989	123.565
123.704308	123.704308	123.704
123.820408	123.820408	123.820
123.948118	123.948118	123.948
124.075828	124.075828	124.076
124.342857	124.342857	124.343
124.575057	124.575057	124.575
124.807256	124.807256	124.807
125.039456	125.039456	125.039
125.352925	125.352925	125.353
125.515465	125.515465	125.515
125.852154	125.852154	125.852
126.142404	126.142404	126.142
126.362993	126.362993	126.363
126.641633	126.641633	126.642
126.804172	126.804172	126.804
127.164082	127.164082	127.164
127.361451	127.361451	127.361
127.663311	127.663311	127.663
127.791020	127.791020	127.791
127.907120	127.907120	127.907
128.162540	128.162540	128.163
128.255419	128.255419	128.255
128.429569	128.429569	128.430
128.673379	128.673379	128.673
128.754649	128.754649	128.755
128.917188	128.917188	128.917
129.172608	129.172608	129.173
129.439637	129.439637	129.440
129.578957	129.578957	129.579
129.857596	129.857596	129.858
129.938866	129.938866	129.939
130.229116	130.229116	130.229
130.472925	130.472925	130.473
130.728345	130.728345	130.728
130.972154	130.972154	130.972
131.111474	131.111474	131.111
131.215964	131.215964	131.216
131.343673	131.343673	131.344
131.471383	131.471383	131.471
131.738413	131.738413	131.738
131.866122	131.866122	131.866
131.993832	131.993832	131.994
132.121542	132.121542	132.122
132.249252	132.249252	132.249
132.516281	132.516281	132.516
132.655601	132.655601	132.656
132.771701	132.771701	132.772
132.911020	132.911020	132.911
133.038730	133.038730	133.039
133.270930	133.270930	133.271
133.561179	133.561179	133.561
133.804989	133.804989	133.805
134.072018	134.072018	134.072
134.164898	134.164898	134.165
134.350658	134.350658	134.351
134.698957	134.698957	134.699
134.849887	134.849887	134.850
134.907937	134.907937	134.908
135.128526	135.128526	135.129
135.233016	135.233016	135.233
135.372336	135.372336	135.372
135.534875	135.534875	135.535
136.417234	136.417234	136.417
136.556553	136.556553	136.557
136.672653	136.672653	136.673
136.846803	136.846803	136.847
137.148662	137.148662	137.149
137.438912	137.438912	137.439
137.566621	137.566621	137.567
137.694331	137.694331	137.694
138.448980	138.448980	138.449
138.716009	138.716009	138.716
138.994649	138.994649	138.995
139.238458	139.238458	139.238
139.517098	139.517098	139.517
139.795737	139.795737	139.796
140.051156	140.051156	140.051
140.306576	140.306576	140.307
140.527166	140.527166	140.527
140.770975	140.770975	140.771
141.339864	141.339864	141.340
141.630113	141.630113	141.630
141.897143	141.897143	141.897
142.175782	142.175782	142.176
142.419592	142.419592	142.420
142.686621	142.686621	142.687
142.814331	142.814331	142.814
142.907211	142.907211	142.907
143.220680	143.220680	143.221
143.476100	143.476100	143.476
143.580590	143.580590	143.581
143.754739	143.754739	143.755
143.940499	143.940499	143.940
143.998549	143.998549	143.999
144.253968	144.253968	144.254
144.509388	144.509388	144.509
144.776417	144.776417	144.776
144.915737	144.915737	144.916
145.031837	145.031837	145.032
145.298866	145.298866	145.299
145.577506	145.577506	145.578
145.821315	145.821315	145.821
146.088345	146.088345	146.088
146.146395	146.146395	146.146
146.343764	146.343764	146.344
146.575964	146.575964	146.576
146.634014	146.634014	146.634
146.842993	146.842993	146.843
146.993923	146.993923	146.994
147.098413	147.098413	147.098
147.249342	147.249342	147.249
147.365442	147.365442	147.365
147.493152	147.493152	147.493
147.620862	147.620862	147.621
147.795011	147.795011	147.795
147.853061	147.853061	147.853
147.957551	147.957551	147.958
148.120091	148.120091	148.120
148.398730	148.398730	148.399
148.630930	148.630930	148.631
148.921179	148.921179	148.921
148.979229	148.979229	148.979
149.188209	149.188209	149.188
149.455238	149.455238	149.455
149.722268	149.722268	149.722
149.966077	149.966077	149.966
150.233107	150.233107	150.233
150.476916	150.476916	150.477
150.732336	150.732336	150.732
150.883265	150.883265	150.883
150.999365	150.999365	150.999
151.254785	151.254785	151.255
151.394104	151.394104	151.394
151.510204	151.510204	151.510
151.765624	151.765624	151.766
151.997823	151.997823	151.998
152.288073	152.288073	152.288
152.624762	152.624762	152.625
152.729252	152.729252	152.729
152.798912	152.798912	152.799
153.065941	153.065941	153.066
153.321361	153.321361	153.321
153.565170	153.565170	153.565
153.808980	153.808980	153.809
154.076009	154.076009	154.076
154.343039	154.343039	154.343
154.598458	154.598458	154.598
154.726168	154.726168	154.726
154.853878	154.853878	154.854
154.981587	154.981587	154.982
155.086077	155.086077	155.086
155.225397	155.225397	155.225
155.387937	155.387937	155.388
155.643356	155.643356	155.643
155.759456	155.759456	155.759
155.898776	155.898776	155.899
156.038095	156.038095	156.038
156.130975	156.130975	156.131
156.374785	156.374785	156.375
156.665034	156.665034	156.665
156.908844	156.908844	156.909
157.175873	157.175873	157.176
157.431293	157.431293	157.431
157.675102	157.675102	157.675
157.942132	157.942132	157.942
158.197551	158.197551	158.198
158.429751	158.429751	158.430
158.708390	158.708390	158.708
158.963810	158.963810	158.964
159.079909	159.079909	159.080
159.219229	159.219229	159.219
159.335329	159.335329	159.335
159.463039	159.463039	159.463
159.730068	159.730068	159.730
159.904218	159.904218	159.904
159.973878	159.973878	159.974
160.217687	160.217687	160.218
160.496327	160.496327	160.496
160.949116	160.949116	160.949
161.250975	161.250975	161.251
161.343855	161.343855	161.344
161.529615	161.529615	161.530
161.785034	161.785034	161.785
161.924354	161.924354	161.924
162.052063	162.052063	162.052
162.307483	162.307483	162.307
162.562902	162.562902	162.563
162.806712	162.806712	162.807
163.062132	163.062132	163.062
163.329161	163.329161	163.329
163.596190	163.596190	163.596
163.863220	163.863220	163.863
164.141859	164.141859	164.142
164.362449	164.362449	164.362
164.652698	164.652698	164.653
165.024218	165.024218	165.024
165.082268	165.082268	165.082
165.221587	165.221587	165.222
165.802086	165.802086	165.802
165.953016	165.953016	165.953
166.173605	166.173605	166.174
166.417415	166.417415	166.417
166.533515	166.533515	166.534
166.788934	166.788934	166.789
167.079184	167.079184	167.079
167.462313	167.462313	167.462
167.891882	167.891882	167.892
169.877188	169.877188	169.877
170.840816	170.840816	170.841
171.038186	171.038186	171.038
171.316825	171.316825	171.317
171.432925	171.432925	171.433
172.466213	172.466213	172.466
173.093152	173.093152	173.093
173.186032	173.186032	173.186
173.615601	173.615601	173.616
173.731701	173.731701	173.732
174.625669	174.625669	174.626
174.799819	174.799819	174.800
175.519637	175.519637	175.520
175.821497	175.821497	175.821
175.879546	175.879546	175.880
175.914376	175.914376	175.914
176.053696	176.053696	176.054
176.100136	176.100136	176.100
177.365624	177.365624	177.366
177.957732	177.957732	177.958
178.352472	178.352472	178.352
178.503401	178.503401	178.503
179.443810	179.443810	179.444
179.734059	179.734059	179.734
180.720907	180.720907	180.721
180.860227	180.860227	180.860
181.092426	181.092426	181.092
181.440726	181.440726	181.441
181.580045	181.580045	181.580
181.777415	181.777415	181.777
182.137324	182.137324	182.137
182.311474	182.311474	182.311
182.474014	182.474014	182.474
182.810703	182.810703	182.811
183.147392	183.147392	183.147
183.228662	183.228662	183.229
183.484082	183.484082	183.484
183.658231	183.658231	183.658
183.820771	183.820771	183.821
184.145850	184.145850	184.146
184.320000	184.320000	184.320
184.470930	184.470930	184.471
184.796009	184.796009	184.796
185.144308	185.144308	185.144
185.457778	185.457778	185.458
185.782857	185.782857	185.783
186.107937	186.107937	186.108
186.433016	186.433016	186.433
186.734875	186.734875	186.735
186.909025	186.909025	186.909
187.048345	187.048345	187.048
187.361814	187.361814	187.362
187.663673	187.663673	187.664
187.837823	187.837823	187.838
187.977143	187.977143	187.977
188.128073	188.128073	188.128
188.267392	188.267392	188.267
188.580862	188.580862	188.581
188.882721	188.882721	188.883
189.172971	189.172971	189.173
189.474830	189.474830	189.475
189.799909	189.799909	189.800
