0.464399	0.464399	2
1.091338	1.091338	3
1.637007	1.637007	4
2.310385	2.310385	1
3.018594	3.018594	2
3.645533	3.645533	3
4.330522	4.330522	4
4.980680	4.980680	1
5.607619	5.607619	2
6.234558	6.234558	3
6.896327	6.896327	4
7.546485	7.546485	1
8.196644	8.196644	2
8.881633	8.881633	3
9.508571	9.508571	4
10.123900	10.123900	1
10.750839	10.750839	2
11.377778	11.377778	3
12.039546	12.039546	4
12.712925	12.712925	1
13.363084	13.363084	2
14.001633	14.001633	3
14.628571	14.628571	4
15.255510	15.255510	1
15.882449	15.882449	2
16.520998	16.520998	3
17.171156	17.171156	4
17.821315	17.821315	1
18.459864	18.459864	2
19.075193	19.075193	3
19.702132	19.702132	4
20.329070	20.329070	1
20.944399	20.944399	2
21.606168	21.606168	3
22.244717	22.244717	4
22.883265	22.883265	1
23.498594	23.498594	2
24.171973	24.171973	3
24.810522	24.810522	4
25.472290	25.472290	1
26.145669	26.145669	2
26.807438	26.807438	3
27.480816	27.480816	4
28.142585	28.142585	1
28.827574	28.827574	2
29.442902	29.442902	3
30.104671	30.104671	4
30.778050	30.778050	1
31.416599	31.416599	2
32.055147	32.055147	3
32.693696	32.693696	4
33.332245	33.332245	1
33.959184	33.959184	2
34.586122	34.586122	3
35.189841	35.189841	4
35.840000	35.840000	1
36.478549	36.478549	2
37.128707	37.128707	3
37.767256	37.767256	4
38.394195	38.394195	1
39.044354	39.044354	2
39.682902	39.682902	3
40.309841	40.309841	4
40.948390	40.948390	1
41.563719	41.563719	2
42.213878	42.213878	3
42.852426	42.852426	4
43.467755	43.467755	1
44.071474	44.071474	2
44.733243	44.733243	3
45.371791	45.371791	4
46.021950	46.021950	1
46.648889	46.648889	2
47.287438	47.287438	3
47.949206	47.949206	4
48.634195	48.634195	1
49.307574	49.307574	2
49.969342	49.969342	3
50.665941	50.665941	4
51.350930	51.350930	1
52.001088	52.001088	2
52.651247	52.651247	3
53.313016	53.313016	4
53.963175	53.963175	1
54.578503	54.578503	2
55.217052	55.217052	3
55.832381	55.832381	4
56.470930	56.470930	1
57.109478	57.109478	2
57.759637	57.759637	3
58.386576	58.386576	4
59.048345	59.048345	1
59.710113	59.710113	2
60.325442	60.325442	3
60.987211	60.987211	4
61.637370	61.637370	1
62.275918	62.275918	2
62.937687	62.937687	3
63.587846	63.587846	4
64.214785	64.214785	1
64.864943	64.864943	2
65.526712	65.526712	3
66.153651	66.153651	4
66.792200	66.792200	1
67.453968	67.453968	2
68.138957	68.138957	3
68.777506	68.777506	4
69.416054	69.416054	1
70.042993	70.042993	2
70.681542	70.681542	3
71.331701	71.331701	4
71.981859	71.981859	1
72.632018	72.632018	2
73.270567	73.270567	3
73.897506	73.897506	4
74.536054	74.536054	1
75.174603	75.174603	2
75.801542	75.801542	3
76.440091	76.440091	4
77.078639	77.078639	1
77.717188	77.717188	2
78.355737	78.355737	3
78.994286	78.994286	4
79.621224	79.621224	1
80.236553	80.236553	2
80.886712	80.886712	3
81.548481	81.548481	4
82.187029	82.187029	1
82.848798	82.848798	2
83.452517	83.452517	3
84.044626	84.044626	4
84.625125	84.625125	1
85.182404	85.182404	2
85.716463	85.716463	3
86.192472	86.192472	4
86.680091	86.680091	1
87.167710	87.167710	2
87.655329	87.655329	3
88.050068	88.050068	4
88.444807	88.444807	1
88.839546	88.839546	2
89.234286	89.234286	3
89.617415	89.617415	4
90.012154	90.012154	1
90.383673	90.383673	2
90.755193	90.755193	3
91.126712	91.126712	4
91.486621	91.486621	1
91.846531	91.846531	2
92.206440	92.206440	3
92.566349	92.566349	4
92.926259	92.926259	1
93.297778	93.297778	2
93.680907	93.680907	3
94.075646	94.075646	4
94.470385	94.470385	1
94.841905	94.841905	2
95.248254	95.248254	3
95.642993	95.642993	4
96.049342	96.049342	1
96.432472	96.432472	2
96.838821	96.838821	3
97.233560	97.233560	4
97.616689	97.616689	1
97.988209	97.988209	2
98.382948	98.382948	3
98.777687	98.777687	4
99.160816	99.160816	1
99.555556	99.555556	2
99.950295	99.950295	3
100.345034	100.345034	4
100.751383	100.751383	1
101.134512	101.134512	2
101.529252	101.529252	3
101.912381	101.912381	4
102.307120	102.307120	1
102.701859	102.701859	2
103.084989	103.084989	3
103.479728	103.479728	4
103.862857	103.862857	1
104.257596	104.257596	2
104.652336	104.652336	3
105.035465	105.035465	4
105.441814	105.441814	1
105.859773	105.859773	2
106.254512	106.254512	3
106.660862	106.660862	4
107.043991	107.043991	1
107.427120	107.427120	2
107.821859	107.821859	3
108.204989	108.204989	4
108.611338	108.611338	1
108.994467	108.994467	2
109.389206	109.389206	3
109.772336	109.772336	4
110.155465	110.155465	1
110.526984	110.526984	2
110.910113	110.910113	3
111.304853	111.304853	4
111.699592	111.699592	1
112.082721	112.082721	2
112.489070	112.489070	3
112.872200	112.872200	4
113.266939	113.266939	1
113.673288	113.673288	2
114.056417	114.056417	3
114.451156	114.451156	4
114.834286	114.834286	1
115.217415	115.217415	2
115.612154	115.612154	3
116.018503	116.018503	4
116.413243	116.413243	1
116.807982	116.807982	2
117.202721	117.202721	3
117.620680	117.620680	4
118.015420	118.015420	1
118.398549	118.398549	2
118.781678	118.781678	3
119.176417	119.176417	4
119.547937	119.547937	1
119.931066	119.931066	2
120.314195	120.314195	3
120.697324	120.697324	4
121.092063	121.092063	1
121.475193	121.475193	2
121.823492	121.823492	3
122.195011	122.195011	4
122.566531	122.566531	1
122.961270	122.961270	2
123.332789	123.332789	3
123.704308	123.704308	4
124.087438	124.087438	1
124.470567	124.470567	2
124.853696	124.853696	3
125.236825	125.236825	4
125.619955	125.619955	1
126.003084	126.003084	2
126.362993	126.362993	3
126.746122	126.746122	4
127.140862	127.140862	1
127.535601	127.535601	2
127.918730	127.918730	3
128.348299	128.348299	4
128.743039	128.743039	1
129.149388	129.149388	2
129.520907	129.520907	3
129.904036	129.904036	4
130.310385	130.310385	1
130.705125	130.705125	2
131.099864	131.099864	3
131.494603	131.494603	4
131.889342	131.889342	1
132.284082	132.284082	2
132.667211	132.667211	3
133.061950	133.061950	4
133.445079	133.445079	1
133.828209	133.828209	2
134.234558	134.234558	3
134.629297	134.629297	4
135.024036	135.024036	1
135.418776	135.418776	2
135.801905	135.801905	3
136.185034	136.185034	4
136.579773	136.579773	1
136.962902	136.962902	2
137.357642	137.357642	3
137.740771	137.740771	4
138.123900	138.123900	1
138.518639	138.518639	2
138.890159	138.890159	3
139.273288	139.273288	4
139.668027	139.668027	1
140.051156	140.051156	2
140.434286	140.434286	3
140.829025	140.829025	4
141.212154	141.212154	1
141.606893	141.606893	2
142.001633	142.001633	3
142.396372	142.396372	4
142.791111	142.791111	1
143.185850	143.185850	2
143.580590	143.580590	3
143.975329	143.975329	4
144.346848	144.346848	1
144.718367	144.718367	2
145.089887	145.089887	3
145.473016	145.473016	4
145.867755	145.867755	1
146.262494	146.262494	2
146.657234	146.657234	3
147.040363	147.040363	4
147.423492	147.423492	1
147.806621	147.806621	2
148.201361	148.201361	3
148.607710	148.607710	4
149.002449	149.002449	1
149.408798	149.408798	2
149.815147	149.815147	3
150.198277	150.198277	4
150.593016	150.593016	1
150.987755	150.987755	2
151.382494	151.382494	3
151.800454	151.800454	4
152.218413	152.218413	1
152.624762	152.624762	2
153.054331	153.054331	3
153.472290	153.472290	4
153.878639	153.878639	1
154.273379	154.273379	2
154.656508	154.656508	3
155.051247	155.051247	4
155.445986	155.445986	1
155.863946	155.863946	2
156.270295	156.270295	3
156.676644	156.676644	4
157.071383	157.071383	1
157.466122	157.466122	2
157.860862	157.860862	3
158.255601	158.255601	4
158.638730	158.638730	1
159.021859	159.021859	2
159.404989	159.404989	3
159.799728	159.799728	4
160.182857	160.182857	1
160.577596	160.577596	2
160.972336	160.972336	3
161.367075	161.367075	4
161.761814	161.761814	1
162.156553	162.156553	2
162.551293	162.551293	3
162.946032	162.946032	4
163.340771	163.340771	1
163.723900	163.723900	2
164.107029	164.107029	3
164.501769	164.501769	4
164.896508	164.896508	1
165.302857	165.302857	2
165.697596	165.697596	3
166.080726	166.080726	4
166.463855	166.463855	1
166.846984	166.846984	2
167.241723	167.241723	3
167.636463	167.636463	4
168.031202	168.031202	1
168.425941	168.425941	2
168.809070	168.809070	3
169.203810	169.203810	4
169.598549	169.598549	1
169.993288	169.993288	2
170.376417	170.376417	3
170.759546	170.759546	4
171.131066	171.131066	1
171.502585	171.502585	2
171.885714	171.885714	3
172.280454	172.280454	4
172.663583	172.663583	1
173.046712	173.046712	2
173.441451	173.441451	3
173.836190	173.836190	4
174.230930	174.230930	1
174.637279	174.637279	2
175.032018	175.032018	3
175.438367	175.438367	4
175.833107	175.833107	1
176.227846	176.227846	2
176.622585	176.622585	3
177.017324	177.017324	4
177.400454	177.400454	1
177.795193	177.795193	2
178.178322	178.178322	3
178.561451	178.561451	4
178.944580	178.944580	1
179.327710	179.327710	2
179.722449	179.722449	3
180.117188	180.117188	4
180.511927	180.511927	1
180.895057	180.895057	2
181.278186	181.278186	3
181.672925	181.672925	4
182.067664	182.067664	1
182.462404	182.462404	2
182.845533	182.845533	3
183.240272	183.240272	4
183.623401	183.623401	1
184.006531	184.006531	2
184.389660	184.389660	3
184.784399	184.784399	4
185.179138	185.179138	1
185.562268	185.562268	2
185.945397	185.945397	3
186.340136	186.340136	4
186.723265	186.723265	1
187.106395	187.106395	2
187.501134	187.501134	3
187.895873	187.895873	4
188.279002	188.279002	1
188.673741	188.673741	2
189.056871	189.056871	3
189.451610	189.451610	4
189.823129	189.823129	1
190.206259	190.206259	2
190.600998	190.600998	3
190.995737	190.995737	4
191.390476	191.390476	1
191.785215	191.785215	2
192.168345	192.168345	3
192.551474	192.551474	4
192.934603	192.934603	1
193.317732	193.317732	2
193.700862	193.700862	3
194.072381	194.072381	4
194.455510	194.455510	1
194.850249	194.850249	2
195.244989	195.244989	3
195.639728	195.639728	4
196.046077	196.046077	1
196.452426	196.452426	2
196.870385	196.870385	3
197.276735	197.276735	4
197.683084	197.683084	1
198.089433	198.089433	2
198.495782	198.495782	3
198.913741	198.913741	4
199.320091	199.320091	1
199.738050	199.738050	2
200.144399	200.144399	3
200.550748	200.550748	4
200.957098	200.957098	1
201.363447	201.363447	2
201.781406	201.781406	3
202.210975	202.210975	4
202.652154	202.652154	1
203.070113	203.070113	2
203.592562	203.592562	3
204.115011	204.115011	4
204.637460	204.637460	1
205.148299	205.148299	2
205.659138	205.659138	3
206.169977	206.169977	4
206.680816	206.680816	1
207.191655	207.191655	2
207.702494	207.702494	3
208.213333	208.213333	4
208.724172	208.724172	1
209.235011	209.235011	2
