0.522449	0.522449	0.522
0.638549	0.638549	0.639
1.126168	1.126168	1.126
1.369977	1.369977	1.370
1.555737	1.555737	1.556
1.753107	1.753107	1.753
1.857596	1.857596	1.858
1.950476	1.950476	1.950
2.124626	2.124626	2.125
3.633923	3.633923	3.634
3.866122	3.866122	3.866
4.075102	4.075102	4.075
4.214422	4.214422	4.214
4.295692	4.295692	4.296
4.435011	4.435011	4.435
4.504671	4.504671	4.505
4.585941	4.585941	4.586
4.678821	4.678821	4.679
4.806531	4.806531	4.807
4.876190	4.876190	4.876
5.027120	5.027120	5.027
5.236100	5.236100	5.236
5.456689	5.456689	5.457
5.584399	5.584399	5.584
5.654059	5.654059	5.654
5.793379	5.793379	5.793
6.060408	6.060408	6.060
6.327438	6.327438	6.327
6.455147	6.455147	6.455
8.846803	8.846803	8.847
9.113832	9.113832	9.114
9.264762	9.264762	9.265
9.438912	9.438912	9.439
9.555011	9.555011	9.555
9.729161	9.729161	9.729
9.996190	9.996190	9.996
10.135510	10.135510	10.136
11.400998	11.400998	11.401
11.784127	11.784127	11.784
11.993107	11.993107	11.993
12.341406	12.341406	12.341
13.049615	13.049615	13.050
13.467574	13.467574	13.468
13.920363	13.920363	13.920
15.650249	15.650249	15.650
16.033379	16.033379	16.033
16.195918	16.195918	16.196
16.358458	16.358458	16.358
16.532608	16.532608	16.533
16.602268	16.602268	16.602
16.671927	16.671927	16.672
16.729977	16.729977	16.730
16.857687	16.857687	16.858
16.962177	16.962177	16.962
17.043447	17.043447	17.043
17.252426	17.252426	17.252
17.391746	17.391746	17.392
17.484626	17.484626	17.485
17.821315	17.821315	17.821
18.088345	18.088345	18.088
18.448254	18.448254	18.448
18.610794	18.610794	18.611
18.750113	18.750113	18.750
18.901043	18.901043	18.901
18.993923	18.993923	18.994
19.168073	19.168073	19.168
19.249342	19.249342	19.249
19.446712	19.446712	19.447
19.702132	19.702132	19.702
19.864671	19.864671	19.865
20.108481	20.108481	20.108
20.212971	20.212971	20.213
20.375510	20.375510	20.376
20.526440	20.526440	20.526
20.642540	20.642540	20.643
20.712200	20.712200	20.712
20.909569	20.909569	20.910
21.223039	21.223039	21.223
21.327528	21.327528	21.328
21.466848	21.466848	21.467
21.629388	21.629388	21.629
21.966077	21.966077	21.966
22.093787	22.093787	22.094
22.314376	22.314376	22.314
22.395646	22.395646	22.396
22.836825	22.836825	22.837
22.987755	22.987755	22.988
23.127075	23.127075	23.127
23.173515	23.173515	23.174
23.278005	23.278005	23.278
23.707574	23.707574	23.708
23.812063	23.812063	23.812
23.951383	23.951383	23.951
24.044263	24.044263	24.044
24.148753	24.148753	24.149
24.276463	24.276463	24.276
24.334512	24.334512	24.335
24.578322	24.578322	24.578
24.671202	24.671202	24.671
25.019501	25.019501	25.020
25.193651	25.193651	25.194
25.321361	25.321361	25.321
25.460680	25.460680	25.461
25.611610	25.611610	25.612
25.774150	25.774150	25.774
26.215329	26.215329	26.215
26.343039	26.343039	26.343
26.517188	26.517188	26.517
26.714558	26.714558	26.715
26.842268	26.842268	26.842
27.062857	27.062857	27.063
27.271837	27.271837	27.272
27.573696	27.573696	27.574
27.713016	27.713016	27.713
28.560544	28.560544	28.561
28.723084	28.723084	28.723
29.164263	29.164263	29.164
29.535782	29.535782	29.536
29.686712	29.686712	29.687
29.884082	29.884082	29.884
30.046621	30.046621	30.047
30.151111	30.151111	30.151
31.033469	31.033469	31.033
31.091519	31.091519	31.092
31.172789	31.172789	31.173
31.404989	31.404989	31.405
31.613968	31.613968	31.614
31.799728	31.799728	31.800
31.939048	31.939048	31.939
32.124807	32.124807	32.125
32.264127	32.264127	32.264
32.600816	32.600816	32.601
32.751746	32.751746	32.752
32.914286	32.914286	32.914
33.041995	33.041995	33.042
33.599274	33.599274	33.599
33.750204	33.750204	33.750
33.877914	33.877914	33.878
34.040454	34.040454	34.040
34.168163	34.168163	34.168
34.702222	34.702222	34.702
35.770340	35.770340	35.770
35.967710	35.967710	35.968
36.443719	36.443719	36.444
36.652698	36.652698	36.653
37.105488	37.105488	37.105
37.221587	37.221587	37.222
37.326077	37.326077	37.326
37.453787	37.453787	37.454
37.546667	37.546667	37.547
37.662766	37.662766	37.663
37.790476	37.790476	37.790
37.999456	37.999456	37.999
38.696054	38.696054	38.696
38.905034	38.905034	38.905
39.775782	39.775782	39.776
39.822222	39.822222	39.822
39.973152	39.973152	39.973
40.634921	40.634921	40.635
41.122540	41.122540	41.123
41.517279	41.517279	41.517
42.132608	42.132608	42.133
42.388027	42.388027	42.388
42.527347	42.527347	42.527
42.840816	42.840816	42.841
42.968526	42.968526	42.969
43.049796	43.049796	43.050
43.107846	43.107846	43.108
43.189116	43.189116	43.189
43.398095	43.398095	43.398
43.572245	43.572245	43.572
43.665125	43.665125	43.665
43.781224	43.781224	43.781
43.839274	43.839274	43.839
43.908934	43.908934	43.909
43.978594	43.978594	43.979
44.384943	44.384943	44.385
44.454603	44.454603	44.455
44.721633	44.721633	44.722
44.837732	44.837732	44.838
44.965442	44.965442	44.965
45.197642	45.197642	45.198
45.325351	45.325351	45.325
45.487891	45.487891	45.488
45.580771	45.580771	45.581
46.265760	46.265760	46.266
46.486349	46.486349	46.486
46.625669	46.625669	46.626
46.753379	46.753379	46.753
46.985578	46.985578	46.986
47.229388	47.229388	47.229
47.415147	47.415147	47.415
47.508027	47.508027	47.508
47.798277	47.798277	47.798
47.856327	47.856327	47.856
48.181406	48.181406	48.181
48.285896	48.285896	48.286
48.378776	48.378776	48.379
48.610975	48.610975	48.611
48.785125	48.785125	48.785
48.959274	48.959274	48.959
49.237914	49.237914	49.238
49.400454	49.400454	49.400
50.027392	50.027392	50.027
50.456961	50.456961	50.457
50.723991	50.723991	50.724
50.863311	50.863311	50.863
51.130340	51.130340	51.130
51.443810	51.443810	51.444
51.664399	51.664399	51.664
51.815329	51.815329	51.815
52.105578	52.105578	52.106
52.198458	52.198458	52.198
52.279728	52.279728	52.280
52.326168	52.326168	52.326
52.349388	52.349388	52.349
52.488707	52.488707	52.489
52.674467	52.674467	52.674
52.767347	52.767347	52.767
52.848617	52.848617	52.849
53.057596	53.057596	53.058
53.138866	53.138866	53.139
53.243356	53.243356	53.243
53.289796	53.289796	53.290
53.394286	53.394286	53.394
53.696145	53.696145	53.696
53.939955	53.939955	53.940
53.998005	53.998005	53.998
54.114104	54.114104	54.114
54.230204	54.230204	54.230
54.450794	54.450794	54.451
54.648163	54.648163	54.648
54.752653	54.752653	54.753
54.938413	54.938413	54.938
55.042902	55.042902	55.043
55.100952	55.100952	55.101
55.263492	55.263492	55.263
55.402812	55.402812	55.403
55.693061	55.693061	55.693
55.867211	55.867211	55.867
56.099410	56.099410	56.099
56.180680	56.180680	56.181
56.273560	56.273560	56.274
56.401270	56.401270	56.401
56.575420	56.575420	56.575
56.633469	56.633469	56.633
56.703129	56.703129	56.703
56.796009	56.796009	56.796
56.877279	56.877279	56.877
57.109478	57.109478	57.109
57.190748	57.190748	57.191
57.341678	57.341678	57.342
57.457778	57.457778	57.458
57.597098	57.597098	57.597
57.759637	57.759637	57.760
58.073107	58.073107	58.073
58.177596	58.177596	58.178
58.340136	58.340136	58.340
58.444626	58.444626	58.445
58.618776	58.618776	58.619
58.758095	58.758095	58.758
58.862585	58.862585	58.863
59.013515	59.013515	59.014
59.129615	59.129615	59.130
59.303764	59.303764	59.304
59.501134	59.501134	59.501
59.594014	59.594014	59.594
59.698503	59.698503	59.699
59.849433	59.849433	59.849
60.592472	60.592472	60.592
60.766621	60.766621	60.767
61.103311	61.103311	61.103
61.707029	61.707029	61.707
61.834739	61.834739	61.835
61.974059	61.974059	61.974
62.159819	62.159819	62.160
62.287528	62.287528	62.288
62.426848	62.426848	62.427
62.554558	62.554558	62.555
62.868027	62.868027	62.868
63.135057	63.135057	63.135
63.285986	63.285986	63.286
63.471746	63.471746	63.472
63.680726	63.680726	63.681
63.924535	63.924535	63.925
64.365714	64.365714	64.366
64.574694	64.574694	64.575
64.632744	64.632744	64.633
64.830113	64.830113	64.830
65.073923	65.073923	65.074
65.166803	65.166803	65.167
65.259683	65.259683	65.260
65.445442	65.445442	65.445
65.526712	65.526712	65.527
65.631202	65.631202	65.631
65.840181	65.840181	65.840
66.583220	66.583220	66.583
66.861859	66.861859	66.862
68.893605	68.893605	68.894
69.195465	69.195465	69.195
69.520544	69.520544	69.521
69.741134	69.741134	69.741
69.810794	69.810794	69.811
69.984943	69.984943	69.985
70.042993	70.042993	70.043
70.101043	70.101043	70.101
70.193923	70.193923	70.194
70.333243	70.333243	70.333
70.368073	70.368073	70.368
70.437732	70.437732	70.438
70.646712	70.646712	70.647
70.727982	70.727982	70.728
71.784490	71.784490	71.784
72.028299	72.028299	72.028
72.295329	72.295329	72.295
72.423039	72.423039	72.423
72.492698	72.492698	72.493
72.643628	72.643628	72.644
72.771338	72.771338	72.771
72.899048	72.899048	72.899
73.119637	73.119637	73.120
73.224127	73.224127	73.224
73.363447	73.363447	73.363
73.793016	73.793016	73.793
74.001995	74.001995	74.002
74.675374	74.675374	74.675
75.174603	75.174603	75.175
75.302313	75.302313	75.302
75.441633	75.441633	75.442
75.534512	75.534512	75.535
75.673832	75.673832	75.674
75.766712	75.766712	75.767
75.964082	75.964082	75.964
76.126621	76.126621	76.127
76.184671	76.184671	76.185
76.312381	76.312381	76.312
76.370431	76.370431	76.370
76.498141	76.498141	76.498
76.649070	76.649070	76.649
76.834830	76.834830	76.835
77.125079	77.125079	77.125
77.299229	77.299229	77.299
77.392109	77.392109	77.392
77.484989	77.484989	77.485
77.670748	77.670748	77.671
77.821678	77.821678	77.822
78.297687	78.297687	78.298
78.645986	78.645986	78.646
78.738866	78.738866	78.739
78.924626	78.924626	78.925
79.040726	79.040726	79.041
79.400635	79.400635	79.401
79.516735	79.516735	79.517
79.737324	79.737324	79.737
80.468753	80.468753	80.469
80.584853	80.584853	80.585
82.558549	82.558549	82.559
83.046168	83.046168	83.046
83.139048	83.139048	83.139
83.324807	83.324807	83.325
83.498957	83.498957	83.499
83.638277	83.638277	83.638
83.789206	83.789206	83.789
83.940136	83.940136	83.940
84.183946	84.183946	84.184
84.311655	84.311655	84.312
84.416145	84.416145	84.416
84.509025	84.509025	84.509
84.590295	84.590295	84.590
84.729615	84.729615	84.730
84.938594	84.938594	84.939
85.333333	85.333333	85.333
85.937052	85.937052	85.937
86.041542	86.041542	86.042
86.192472	86.192472	86.192
86.389841	86.389841	86.390
86.482721	86.482721	86.483
86.552381	86.552381	86.552
86.645261	86.645261	86.645
86.807800	86.807800	86.808
86.865850	86.865850	86.866
86.947120	86.947120	86.947
87.179320	87.179320	87.179
87.295419	87.295419	87.295
87.632109	87.632109	87.632
87.864308	87.864308	87.864
88.119728	88.119728	88.120
88.317098	88.317098	88.317
88.468027	88.468027	88.468
88.851156	88.851156	88.851
90.650703	90.650703	90.651
90.801633	90.801633	90.802
90.906122	90.906122	90.906
91.033832	91.033832	91.034
91.475011	91.475011	91.475
91.625941	91.625941	91.626
91.707211	91.707211	91.707
91.811701	91.811701	91.812
91.962630	91.962630	91.963
92.032290	92.032290	92.032
92.101950	92.101950	92.102
92.206440	92.206440	92.206
92.403810	92.403810	92.404
92.543129	92.543129	92.543
92.705669	92.705669	92.706
92.961088	92.961088	92.961
93.053968	93.053968	93.054
93.123628	93.123628	93.124
93.344218	93.344218	93.344
93.553197	93.553197	93.553
94.214966	94.214966	94.215
94.470385	94.470385	94.470
94.841905	94.841905	94.842
95.317914	95.317914	95.318
97.430930	97.430930	97.431
97.500590	97.500590	97.501
97.593469	97.593469	97.593
97.674739	97.674739	97.675
97.779229	97.779229	97.779
97.883719	97.883719	97.884
97.988209	97.988209	97.988
98.115918	98.115918	98.116
98.208798	98.208798	98.209
98.348118	98.348118	98.348
98.487438	98.487438	98.487
98.603537	98.603537	98.604
98.719637	98.719637	98.720
98.858957	98.858957	98.859
98.940227	98.940227	98.940
99.369796	99.369796	99.370
99.509116	99.509116	99.509
99.648435	99.648435	99.648
99.787755	99.787755	99.788
100.054785	100.054785	100.055
100.124444	100.124444	100.124
100.205714	100.205714	100.206
100.286984	100.286984	100.287
100.379864	100.379864	100.380
100.449524	100.449524	100.450
100.588844	100.588844	100.589
100.716553	100.716553	100.717
100.937143	100.937143	100.937
101.308662	101.308662	101.309
101.645351	101.645351	101.645
101.715011	101.715011	101.715
101.889161	101.889161	101.889
102.016871	102.016871	102.017
102.098141	102.098141	102.098
102.307120	102.307120	102.307
102.434830	102.434830	102.435
102.725079	102.725079	102.725
102.817959	102.817959	102.818
102.992109	102.992109	102.992
103.084989	103.084989	103.085
103.317188	103.317188	103.317
103.363628	103.363628	103.364
103.444898	103.444898	103.445
103.514558	103.514558	103.515
103.653878	103.653878	103.654
103.828027	103.828027	103.828
103.886077	103.886077	103.886
104.095057	104.095057	104.095
104.199546	104.199546	104.200
104.431746	104.431746	104.432
104.501406	104.501406	104.501
104.675556	104.675556	104.676
104.791655	104.791655	104.792
104.861315	104.861315	104.861
104.977415	104.977415	104.977
105.047075	105.047075	105.047
105.221224	105.221224	105.221
105.348934	105.348934	105.349
105.395374	105.395374	105.395
105.488254	105.488254	105.488
105.732063	105.732063	105.732
105.882993	105.882993	105.883
106.219683	106.219683	106.220
106.359002	106.359002	106.359
106.463492	106.463492	106.463
106.672472	106.672472	106.672
106.765351	106.765351	106.765
107.183311	107.183311	107.183
107.357460	107.357460	107.357
107.485170	107.485170	107.485
107.647710	107.647710	107.648
108.065669	108.065669	108.066
108.274649	108.274649	108.275
108.460408	108.460408	108.460
108.611338	108.611338	108.611
108.762268	108.762268	108.762
108.889977	108.889977	108.890
109.052517	109.052517	109.053
109.470476	109.470476	109.470
109.598186	109.598186	109.598
109.749116	109.749116	109.749
109.841995	109.841995	109.842
109.911655	109.911655	109.912
110.004535	110.004535	110.005
110.097415	110.097415	110.097
110.248345	110.248345	110.248
110.666304	110.666304	110.666
110.875283	110.875283	110.875
111.026213	111.026213	111.026
111.316463	111.316463	111.316
111.560272	111.560272	111.560
111.618322	111.618322	111.618
111.815692	111.815692	111.816
111.966621	111.966621	111.967
112.129161	112.129161	112.129
112.256871	112.256871	112.257
112.407800	112.407800	112.408
112.570340	112.570340	112.570
113.266939	113.266939	113.267
114.044807	114.044807	114.045
114.195737	114.195737	114.196
114.369887	114.369887	114.370
114.462766	114.462766	114.463
114.602086	114.602086	114.602
114.729796	114.729796	114.730
114.880726	114.880726	114.881
114.973605	114.973605	114.974
115.101315	115.101315	115.101
115.252245	115.252245	115.252
115.368345	115.368345	115.368
115.449615	115.449615	115.450
115.577324	115.577324	115.577
115.693424	115.693424	115.693
115.937234	115.937234	115.937
116.088163	116.088163	116.088
116.169433	116.169433	116.169
116.355193	116.355193	116.355
116.517732	116.517732	116.518
116.703492	116.703492	116.703
116.773152	116.773152	116.773
117.156281	117.156281	117.156
117.318821	117.318821	117.319
118.584308	118.584308	118.584
119.234467	119.234467	119.234
119.315737	119.315737	119.316
119.559546	119.559546	119.560
119.617596	119.617596	119.618
120.081995	120.081995	120.082
120.244535	120.244535	120.245
120.430295	120.430295	120.430
120.964354	120.964354	120.964
121.138503	121.138503	121.139
121.219773	121.219773	121.220
121.800272	121.800272	121.800
121.951202	121.951202	121.951
122.044082	122.044082	122.044
122.694240	122.694240	122.694
123.564989	123.564989	123.565
123.855238	123.855238	123.855
124.145488	124.145488	124.145
124.308027	124.308027	124.308
124.621497	124.621497	124.621
124.725986	124.725986	124.726
124.865306	124.865306	124.865
125.039456	125.039456	125.039
125.364535	125.364535	125.365
125.492245	125.492245	125.492
125.550295	125.550295	125.550
125.608345	125.608345	125.608
125.678005	125.678005	125.678
125.828934	125.828934	125.829
125.968254	125.968254	125.968
126.293333	126.293333	126.293
126.386213	126.386213	126.386
126.502313	126.502313	126.502
126.873832	126.873832	126.874
127.152472	127.152472	127.152
127.280181	127.280181	127.280
127.558821	127.558821	127.559
127.976780	127.976780	127.977
128.290249	128.290249	128.290
128.615329	128.615329	128.615
128.812698	128.812698	128.813
128.975238	128.975238	128.975
129.927256	129.927256	129.927
130.054966	130.054966	130.055
130.229116	130.229116	130.229
130.577415	130.577415	130.577
130.705125	130.705125	130.705
130.937324	130.937324	130.937
131.123084	131.123084	131.123
131.587483	131.587483	131.587
131.877732	131.877732	131.878
131.959002	131.959002	131.959
132.040272	132.040272	132.040
132.272472	132.272472	132.272
132.400181	132.400181	132.400
132.493061	132.493061	132.493
132.690431	132.690431	132.690
132.841361	132.841361	132.841
133.189660	133.189660	133.190
133.561179	133.561179	133.561
133.735329	133.735329	133.735
134.339048	134.339048	134.339
134.548027	134.548027	134.548
134.826667	134.826667	134.827
135.720635	135.720635	135.721
135.871565	135.871565	135.872
136.591383	136.591383	136.591
137.729161	137.729161	137.729
137.972971	137.972971	137.973
138.054240	138.054240	138.054
138.716009	138.716009	138.716
138.820499	138.820499	138.820
138.890159	138.890159	138.890
138.959819	138.959819	138.960
139.052698	139.052698	139.053
139.400998	139.400998	139.401
139.621587	139.621587	139.622
139.691247	139.691247	139.691
140.039546	140.039546	140.040
140.387846	140.387846	140.388
140.736145	140.736145	140.736
140.840635	140.840635	140.841
141.038005	141.038005	141.038
141.235374	141.235374	141.235
141.711383	141.711383	141.711
141.897143	141.897143	141.897
141.990023	141.990023	141.990
142.082902	142.082902	142.083
142.384762	142.384762	142.385
142.837551	142.837551	142.838
143.638639	143.638639	143.639
143.801179	143.801179	143.801
143.928889	143.928889	143.929
144.033379	144.033379	144.033
144.497778	144.497778	144.498
144.625488	144.625488	144.625
144.741587	144.741587	144.742
144.822857	144.822857	144.823
144.915737	144.915737	144.916
145.473016	145.473016	145.473
145.577506	145.577506	145.578
145.647166	145.647166	145.647
145.914195	145.914195	145.914
146.065125	146.065125	146.065
146.123175	146.123175	146.123
146.274104	146.274104	146.274
146.494694	146.494694	146.495
148.003991	148.003991	148.004
148.456780	148.456780	148.457
149.106939	149.106939	149.107
149.420408	149.420408	149.420
149.954467	149.954467	149.954
151.498594	151.498594	151.499
152.497052	152.497052	152.497
153.007891	153.007891	153.008
153.274921	153.274921	153.275
153.774150	153.774150	153.774
154.528798	154.528798	154.529
154.807438	154.807438	154.807
154.946757	154.946757	154.947
155.376327	155.376327	155.376
155.480816	155.480816	155.481
155.550476	155.550476	155.550
155.678186	155.678186	155.678
155.805896	155.805896	155.806
155.898776	155.898776	155.899
156.119365	156.119365	156.119
156.258685	156.258685	156.259
156.444444	156.444444	156.444
156.537324	156.537324	156.537
156.769524	156.769524	156.770
156.862404	156.862404	156.862
157.117823	157.117823	157.118
157.199093	157.199093	157.199
157.419683	157.419683	157.420
157.524172	157.524172	157.524
157.640272	157.640272	157.640
158.522630	158.522630	158.523
159.869388	159.869388	159.869
159.950658	159.950658	159.951
160.148027	160.148027	160.148
160.345397	160.345397	160.345
160.496327	160.496327	160.496
160.658866	160.658866	160.659
160.716916	160.716916	160.717
160.891066	160.891066	160.891
161.123265	161.123265	161.123
161.483175	161.483175	161.483
161.680544	161.680544	161.681
161.796644	161.796644	161.797
161.901134	161.901134	161.901
161.994014	161.994014	161.994
162.284263	162.284263	162.284
162.470023	162.470023	162.470
162.737052	162.737052	162.737
163.352381	163.352381	163.352
166.312925	166.312925	166.313
166.405805	166.405805	166.406
166.556735	166.556735	166.557
166.800544	166.800544	166.801
166.893424	166.893424	166.893
166.974694	166.974694	166.975
167.137234	167.137234	167.137
167.311383	167.311383	167.311
167.381043	167.381043	167.381
167.462313	167.462313	167.462
167.543583	167.543583	167.544
167.613243	167.613243	167.613
167.775782	167.775782	167.776
167.880272	167.880272	167.880
168.007982	168.007982	168.008
168.077642	168.077642	168.078
168.158912	168.158912	168.159
168.472381	168.472381	168.472
168.588481	168.588481	168.588
168.692971	168.692971	168.693
168.832290	168.832290	168.832
168.994830	168.994830	168.995
169.157370	169.157370	169.157
169.227029	169.227029	169.227
169.308299	169.308299	169.308
169.377959	169.377959	169.378
169.459229	169.459229	169.459
169.540499	169.540499	169.540
169.621769	169.621769	169.622
169.865578	169.865578	169.866
169.993288	169.993288	169.993
170.550567	170.550567	170.551
170.805986	170.805986	170.806
170.922086	170.922086	170.922
171.084626	171.084626	171.085
171.270385	171.270385	171.270
171.398095	171.398095	171.398
171.502585	171.502585	171.503
171.641905	171.641905	171.642
171.688345	171.688345	171.688
171.804444	171.804444	171.804
171.908934	171.908934	171.909
172.001814	172.001814	172.002
172.234014	172.234014	172.234
172.593923	172.593923	172.594
172.651973	172.651973	172.652
172.756463	172.756463	172.756
172.837732	172.837732	172.838
172.919002	172.919002	172.919
173.104762	173.104762	173.105
173.395011	173.395011	173.395
173.580771	173.580771	173.581
173.859410	173.859410	173.859
173.963900	173.963900	173.964
174.126440	174.126440	174.126
174.242540	174.242540	174.243
174.428299	174.428299	174.428
174.590839	174.590839	174.591
174.695329	174.695329	174.695
174.764989	174.764989	174.765
174.997188	174.997188	174.997
175.101678	175.101678	175.102
175.171338	175.171338	175.171
175.310658	175.310658	175.311
175.508027	175.508027	175.508
175.589297	175.589297	175.589
175.844717	175.844717	175.845
176.018866	176.018866	176.019
176.076916	176.076916	176.077
176.158186	176.158186	176.158
176.262676	176.262676	176.263
176.367166	176.367166	176.367
176.471655	176.471655	176.472
176.610975	176.610975	176.611
176.796735	176.796735	176.797
176.947664	176.947664	176.948
177.075374	177.075374	177.075
177.237914	177.237914	177.238
177.470113	177.470113	177.470
177.632653	177.632653	177.633
177.795193	177.795193	177.795
177.969342	177.969342	177.969
178.062222	178.062222	178.062
178.236372	178.236372	178.236
178.375692	178.375692	178.376
178.515011	178.515011	178.515
178.665941	178.665941	178.666
178.805261	178.805261	178.805
178.944580	178.944580	178.945
179.049070	179.049070	179.049
179.130340	179.130340	179.130
179.211610	179.211610	179.212
179.292880	179.292880	179.293
179.397370	179.397370	179.397
179.467029	179.467029	179.467
179.664399	179.664399	179.664
179.815329	179.815329	179.815
179.908209	179.908209	179.908
180.210068	180.210068	180.210
180.349388	180.349388	180.349
180.720907	180.720907	180.721
180.871837	180.871837	180.872
181.080816	181.080816	181.081
181.231746	181.231746	181.232
181.580045	181.580045	181.580
181.707755	181.707755	181.708
183.518912	183.518912	183.519
183.658231	183.658231	183.658
183.820771	183.820771	183.821
184.157460	184.157460	184.157
184.296780	184.296780	184.297
184.378050	184.378050	184.378
184.540590	184.540590	184.541
184.703129	184.703129	184.703
185.121088	185.121088	185.121
185.260408	185.260408	185.260
185.388118	185.388118	185.388
185.469388	185.469388	185.469
185.643537	185.643537	185.644
185.713197	185.713197	185.713
185.864127	185.864127	185.864
186.107937	186.107937	186.108
186.224036	186.224036	186.224
186.386576	186.386576	186.387
186.560726	186.560726	186.561
187.048345	187.048345	187.048
187.501134	187.501134	187.501
187.733333	187.733333	187.733
187.919093	187.919093	187.919
188.023583	188.023583	188.024
188.151293	188.151293	188.151
188.464762	188.464762	188.465
188.662132	188.662132	188.662
188.836281	188.836281	188.836
189.718639	189.718639	189.719
189.846349	189.846349	189.846
189.985669	189.985669	189.986
190.136599	190.136599	190.137
190.403628	190.403628	190.404
190.740317	190.740317	190.740
191.018957	191.018957	191.019
191.181497	191.181497	191.181
191.448526	191.448526	191.449
191.727166	191.727166	191.727
191.831655	191.831655	191.832
191.982585	191.982585	191.983
192.574694	192.574694	192.575
192.841723	192.841723	192.842
193.004263	193.004263	193.004
193.120363	193.120363	193.120
193.352562	193.352562	193.353
193.549932	193.549932	193.550
193.782132	193.782132	193.782
194.153651	194.153651	194.154
194.362630	194.362630	194.363
194.873469	194.873469	194.873
195.001179	195.001179	195.001
195.244989	195.244989	195.245
196.069297	196.069297	196.069
196.197007	196.197007	196.197
196.359546	196.359546	196.360
196.684626	196.684626	196.685
197.764354	197.764354	197.764
197.950113	197.950113	197.950
198.077823	198.077823	198.078
198.205533	198.205533	198.206
198.472562	198.472562	198.473
199.192381	199.192381	199.192
199.691610	199.691610	199.692
199.912200	199.912200	199.912
200.051519	200.051519	200.052
201.015147	201.015147	201.015
201.166077	201.166077	201.166
202.605714	202.605714	202.606
204.103401	204.103401	204.103
204.265941	204.265941	204.266
204.904490	204.904490	204.904
