0.490000	1.090000	74.000
0.490000	1.090000	43.000
1.200000	1.910000	66.000
1.200000	1.710000	71.000
1.200000	1.710000	47.000
1.760000	1.910000	48.000
1.960000	3.590000	86.000
1.960000	3.590000	85.000
1.960000	3.590000	69.000
1.960000	3.590000	51.000
1.960000	3.590000	50.000
1.960000	3.590000	49.000
1.960000	3.590000	37.000
1.960000	3.590000	34.000
3.640000	3.850000	74.000
3.640000	3.850000	55.000
3.900000	3.990000	49.000
4.040000	4.190000	69.000
4.040000	4.190000	50.000
4.240000	4.830000	67.000
4.240000	4.830000	61.000
4.240000	4.830000	60.000
4.240000	4.830000	49.000
4.240000	4.830000	48.000
4.880000	4.990000	66.000
4.880000	4.990000	47.000
5.040000	5.430000	45.000
5.040000	5.330000	64.000
5.480000	6.200000	55.000
5.480000	6.200000	43.000
5.480000	6.000000	42.000
6.050000	6.200000	52.000
6.320000	8.030000	54.000
6.320000	8.030000	46.000
6.320000	8.030000	45.000
6.320000	8.030000	44.000
6.320000	8.030000	43.000
6.320000	8.030000	37.000
6.320000	8.030000	34.000
6.320000	8.030000	21.000
8.080000	8.810000	50.000
8.080000	8.810000	43.000
8.080000	8.810000	31.000
8.860000	9.690000	43.000
8.860000	9.200000	62.000
8.860000	9.100000	71.000
8.860000	9.100000	59.000
9.150000	9.690000	59.000
9.250000	9.690000	71.000
9.250000	9.690000	47.000
9.740000	10.920000	74.000
9.740000	10.920000	73.000
9.740000	10.920000	55.000
9.740000	10.920000	52.000
9.740000	10.920000	50.000
9.740000	10.920000	49.000
9.740000	10.920000	40.000
10.970000	11.970000	55.000
10.970000	11.450000	59.000
10.970000	11.450000	54.000
11.500000	11.970000	60.000
11.500000	11.970000	43.000
11.500000	11.970000	33.000
12.020000	14.680000	50.000
12.020000	13.030000	49.000
12.020000	13.030000	48.000
13.080000	14.680000	74.000
13.080000	14.680000	66.000
13.080000	14.680000	57.000
13.080000	14.680000	54.000
13.080000	14.680000	38.000
14.730000	15.980000	59.000
14.730000	15.430000	43.000
15.560000	15.980000	54.000
15.560000	15.980000	47.000
15.560000	15.980000	46.000
15.560000	15.980000	43.000
16.030000	16.320000	74.000
16.030000	16.320000	68.000
16.030000	16.320000	50.000
16.370000	18.020000	73.000
16.370000	18.020000	72.000
16.370000	18.020000	65.000
16.370000	18.020000	56.000
16.370000	18.020000	55.000
16.370000	18.020000	54.000
16.370000	18.020000	40.000
16.370000	18.020000	38.000
18.110000	18.710000	78.000
18.110000	18.710000	71.000
18.110000	18.710000	59.000
18.110000	18.710000	36.000
18.110000	18.570000	70.000
18.110000	18.570000	58.000
18.620000	18.960000	48.000
18.620000	18.710000	35.000
18.820000	18.960000	69.000
18.820000	18.960000	45.000
19.010000	19.370000	67.000
19.010000	19.370000	64.000
19.010000	19.370000	55.000
19.460000	19.620000	67.000
19.460000	19.620000	64.000
19.460000	19.620000	54.000
19.670000	19.930000	57.000
19.670000	19.930000	43.000
19.670000	19.930000	31.000
19.980000	20.190000	66.000
19.980000	20.190000	54.000
20.240000	20.490000	64.000
20.240000	20.490000	52.000
20.540000	21.050000	43.000
20.540000	20.850000	74.000
20.540000	20.850000	50.000
20.900000	22.720000	62.000
20.900000	21.290000	57.000
20.900000	21.210000	48.000
21.340000	22.720000	43.000
21.340000	22.060000	47.000
21.340000	22.060000	46.000
21.340000	22.060000	31.000
22.110000	22.810000	59.000
22.110000	22.720000	55.000
22.770000	24.520000	55.000
22.770000	22.810000	50.000
22.990000	24.250000	59.000
22.990000	23.660000	74.000
22.990000	23.660000	66.000
22.990000	23.660000	43.000
22.990000	23.660000	31.000
23.710000	24.520000	71.000
23.710000	24.520000	62.000
23.710000	24.250000	86.000
23.710000	24.250000	83.000
23.710000	24.250000	79.000
24.300000	24.520000	83.000
24.300000	24.520000	74.000
24.570000	25.170000	83.000
24.570000	25.170000	76.000
24.570000	25.170000	72.000
24.570000	25.170000	36.000
25.220000	26.410000	64.000
25.220000	25.320000	76.000
25.220000	25.320000	72.000
25.370000	26.410000	60.000
25.370000	25.560000	76.000
25.370000	25.560000	45.000
25.610000	25.760000	76.000
25.610000	25.760000	55.000
25.810000	27.860000	48.000
25.810000	27.030000	52.000
25.810000	26.410000	76.000
25.810000	26.410000	38.000
26.460000	27.030000	80.000
26.460000	27.030000	76.000
26.460000	27.030000	64.000
27.080000	27.860000	69.000
27.080000	27.250000	76.000
27.080000	27.250000	60.000
27.300000	27.860000	76.000
27.300000	27.860000	54.000
27.300000	27.860000	52.000
27.910000	28.480000	43.000
27.910000	28.480000	35.000
27.910000	28.480000	31.000
28.590000	29.120000	75.000
28.590000	29.120000	74.000
28.590000	29.120000	53.000
28.590000	29.120000	43.000
29.170000	29.640000	66.000
29.170000	29.640000	47.000
29.690000	30.980000	73.000
29.690000	30.980000	69.000
29.690000	30.980000	55.000
29.690000	30.980000	51.000
29.690000	30.980000	50.000
29.690000	30.980000	49.000
29.690000	30.980000	47.000
29.690000	30.980000	40.000
31.110000	31.470000	66.000
31.110000	31.470000	55.000
31.110000	31.470000	54.000
31.650000	31.770000	50.000
31.820000	32.450000	69.000
31.820000	32.450000	67.000
31.820000	32.450000	60.000
31.820000	32.450000	48.000
32.760000	32.880000	66.000
32.930000	33.240000	45.000
32.930000	33.240000	38.000
33.350000	33.720000	43.000
33.600000	33.720000	59.000
33.860000	34.270000	76.000
33.860000	34.270000	60.000
33.860000	34.270000	45.000
34.320000	34.620000	66.000
34.320000	34.620000	62.000
34.670000	35.930000	50.000
34.670000	35.930000	43.000
34.670000	35.930000	41.000
34.670000	35.930000	31.000
35.980000	36.360000	43.000
35.980000	36.250000	62.000
36.300000	36.360000	55.000
36.410000	36.620000	59.000
36.410000	36.620000	47.000
36.410000	36.620000	40.000
36.670000	37.260000	62.000
36.670000	37.260000	59.000
36.670000	37.190000	61.000
36.670000	37.190000	50.000
37.240000	37.260000	50.000
37.310000	39.700000	55.000
37.310000	37.980000	78.000
37.310000	37.980000	77.000
37.310000	37.980000	74.000
37.310000	37.980000	73.000
37.310000	37.980000	72.000
37.310000	37.980000	67.000
37.310000	37.980000	65.000
37.310000	37.980000	54.000
38.030000	38.480000	67.000
38.030000	38.480000	48.000
38.030000	38.480000	45.000
38.030000	38.480000	43.000
38.030000	38.480000	33.000
38.530000	39.700000	66.000
38.530000	39.700000	62.000
38.530000	39.700000	60.000
38.530000	39.700000	57.000
38.530000	39.700000	52.000
38.530000	39.700000	50.000
38.530000	39.700000	49.000
38.530000	39.700000	48.000
38.530000	39.700000	47.000
39.830000	40.770000	67.000
39.830000	40.770000	38.000
40.820000	41.010000	67.000
41.060000	41.100000	66.000
41.150000	41.410000	81.000
41.150000	41.410000	69.000
41.150000	41.410000	66.000
41.460000	42.280000	43.000
41.460000	42.280000	31.000
41.460000	41.770000	79.000
41.820000	42.280000	86.000
41.820000	42.280000	79.000
41.820000	42.280000	59.000
42.330000	43.160000	43.000
42.330000	42.770000	59.000
42.330000	42.770000	47.000
42.820000	43.160000	74.000
42.820000	43.160000	73.000
42.820000	43.160000	49.000
42.820000	43.160000	48.000
43.210000	43.500000	43.000
43.210000	43.500000	31.000
43.550000	44.840000	43.000
43.550000	44.630000	59.000
43.550000	44.300000	79.000
43.550000	44.300000	74.000
43.550000	44.300000	73.000
43.550000	44.300000	56.000
43.550000	44.300000	54.000
44.350000	44.630000	72.000
44.350000	44.630000	63.000
44.680000	44.840000	58.000
44.890000	45.170000	71.000
44.890000	45.170000	59.000
44.890000	45.170000	36.000
45.220000	46.170000	36.000
45.340000	45.560000	85.000
45.340000	45.560000	69.000
45.340000	45.560000	57.000
45.610000	46.600000	48.000
45.610000	46.350000	67.000
45.610000	46.170000	64.000
45.610000	46.170000	55.000
46.220000	46.350000	64.000
46.400000	46.600000	64.000
46.400000	46.600000	54.000
46.400000	46.550000	66.000
46.400000	46.550000	60.000
46.650000	47.820000	35.000
46.650000	46.960000	67.000
46.650000	46.960000	62.000
46.650000	46.960000	57.000
46.650000	46.960000	52.000
47.010000	47.820000	51.000
47.010000	47.750000	87.000
47.010000	47.750000	70.000
47.800000	47.820000	54.000
47.800000	47.820000	47.000
47.870000	48.170000	66.000
47.870000	48.170000	54.000
48.220000	48.690000	73.000
48.220000	48.690000	67.000
48.220000	48.690000	55.000
48.220000	48.690000	42.000
48.740000	49.200000	67.000
48.740000	49.200000	55.000
49.250000	49.370000	55.000
49.420000	50.200000	64.000
49.420000	50.200000	55.000
49.420000	50.130000	52.000
49.930000	50.200000	40.000
50.180000	50.720000	52.000
50.250000	51.060000	55.000
50.250000	50.720000	59.000
50.570000	51.060000	71.000
50.770000	51.560000	64.000
50.770000	51.060000	83.000
50.770000	51.060000	74.000
51.110000	52.180000	59.000
51.110000	51.560000	76.000
51.110000	51.560000	67.000
51.610000	52.180000	84.000
51.610000	52.180000	83.000
51.610000	52.180000	81.000
51.610000	52.180000	74.000
51.610000	52.180000	53.000
51.610000	52.180000	43.000
51.610000	52.180000	31.000
52.230000	53.270000	79.000
52.230000	53.210000	81.000
52.230000	53.210000	75.000
52.230000	53.210000	74.000
52.230000	53.210000	71.000
52.230000	53.210000	57.000
53.320000	55.000000	75.000
53.320000	54.950000	81.000
53.320000	54.950000	74.000
53.320000	54.950000	63.000
53.320000	54.950000	53.000
53.320000	54.950000	47.000
53.320000	54.950000	45.000
53.320000	54.950000	31.000
55.050000	55.670000	76.000
55.050000	55.670000	75.000
55.050000	55.670000	72.000
55.050000	55.670000	59.000
55.050000	55.670000	52.000
55.050000	55.670000	43.000
55.050000	55.670000	36.000
55.720000	56.050000	76.000
56.180000	56.710000	76.000
56.180000	56.710000	59.000
56.180000	56.710000	58.000
56.760000	57.150000	59.000
56.760000	57.030000	83.000
56.760000	57.030000	43.000
56.760000	57.030000	36.000
57.200000	57.850000	87.000
57.200000	57.850000	78.000
57.200000	57.850000	76.000
57.200000	57.850000	71.000
57.200000	57.850000	57.000
57.900000	58.140000	76.000
57.900000	58.140000	55.000
58.190000	59.090000	74.000
58.190000	58.730000	75.000
58.190000	58.730000	66.000
58.190000	58.730000	35.000
58.780000	59.090000	55.000
59.140000	60.050000	75.000
59.140000	60.050000	74.000
59.140000	60.050000	69.000
59.140000	60.050000	68.000
59.140000	60.050000	67.000
59.140000	60.050000	57.000
59.140000	60.050000	56.000
59.140000	60.050000	54.000
60.100000	61.240000	34.000
60.100000	60.510000	74.000
60.100000	60.510000	73.000
60.100000	60.510000	57.000
60.560000	61.240000	74.000
60.560000	61.240000	61.000
60.560000	61.240000	57.000
60.560000	61.240000	52.000
60.560000	61.240000	43.000
61.290000	61.750000	73.000
61.290000	61.660000	46.000
61.800000	61.950000	54.000
61.800000	61.950000	45.000
62.000000	62.250000	66.000
62.000000	62.250000	54.000
62.300000	62.820000	71.000
62.300000	62.820000	70.000
62.300000	62.820000	64.000
62.300000	62.820000	52.000
62.300000	62.820000	51.000
62.870000	63.250000	54.000
63.300000	64.280000	71.000
63.300000	64.280000	67.000
63.300000	64.280000	66.000
63.300000	64.280000	55.000
63.300000	64.280000	54.000
63.300000	64.280000	38.000
64.330000	64.740000	73.000
64.570000	64.790000	58.000
64.570000	64.740000	54.000
64.840000	65.020000	72.000
64.840000	65.020000	65.000
64.840000	65.020000	53.000
65.180000	67.360000	62.000
65.180000	66.840000	47.000
65.180000	66.670000	74.000
65.180000	66.670000	73.000
65.180000	66.670000	72.000
65.180000	66.670000	71.000
65.180000	66.670000	67.000
65.180000	66.670000	66.000
65.180000	66.670000	63.000
65.180000	66.670000	54.000
65.180000	66.670000	53.000
65.180000	66.670000	52.000
65.180000	66.670000	31.000
66.720000	66.840000	55.000
66.890000	67.360000	50.000
67.040000	67.540000	86.000
67.040000	67.540000	43.000
67.040000	67.540000	31.000
67.410000	69.350000	55.000
67.410000	67.540000	83.000
67.590000	68.580000	86.000
67.590000	68.580000	84.000
67.590000	68.580000	83.000
67.590000	68.580000	62.000
68.630000	68.840000	64.000
68.630000	68.840000	59.000
68.630000	68.840000	43.000
68.630000	68.840000	37.000
68.890000	69.350000	76.000
68.890000	69.350000	37.000
69.510000	69.950000	67.000
69.510000	69.950000	55.000
70.000000	70.410000	75.000
70.000000	70.330000	64.000
70.000000	70.330000	52.000
70.460000	71.880000	58.000
70.460000	71.820000	74.000
70.460000	71.820000	61.000
70.460000	71.820000	54.000
70.460000	71.730000	64.000
70.460000	71.730000	56.000
70.460000	71.730000	55.000
70.460000	71.730000	43.000
71.930000	72.020000	66.000
71.930000	72.020000	54.000
72.070000	72.400000	76.000
72.070000	72.400000	71.000
72.070000	72.400000	52.000
72.070000	72.400000	50.000
72.070000	72.400000	35.000
72.450000	72.870000	90.000
72.450000	72.870000	69.000
72.450000	72.870000	50.000
72.980000	73.180000	66.000
72.980000	73.180000	64.000
72.980000	73.180000	52.000
73.230000	75.030000	54.000
73.230000	73.820000	72.000
73.230000	73.820000	71.000
73.230000	73.820000	58.000
73.230000	73.820000	55.000
73.230000	73.820000	53.000
73.870000	75.030000	66.000
73.870000	75.030000	50.000
73.870000	75.030000	35.000
75.080000	75.510000	77.000
75.080000	75.510000	74.000
75.080000	75.510000	69.000
75.080000	75.510000	61.000
75.080000	75.510000	50.000
75.560000	75.910000	71.000
75.560000	75.910000	64.000
75.560000	75.910000	33.000
75.960000	76.680000	73.000
75.960000	76.680000	52.000
75.960000	76.620000	66.000
75.960000	76.620000	65.000
75.960000	76.620000	61.000
75.960000	76.620000	54.000
75.960000	76.620000	53.000
76.670000	76.680000	57.000
76.730000	77.040000	67.000
76.730000	77.040000	55.000
77.150000	77.910000	33.000
77.150000	77.550000	78.000
77.150000	77.550000	76.000
77.150000	77.550000	69.000
77.600000	79.000000	71.000
77.600000	77.910000	78.000
77.960000	79.000000	78.000
77.960000	79.000000	76.000
77.960000	79.000000	64.000
77.960000	79.000000	57.000
77.960000	79.000000	56.000
77.960000	79.000000	44.000
77.960000	79.000000	43.000
79.050000	79.630000	38.000
79.540000	79.630000	43.000
79.680000	80.710000	62.000
79.680000	80.710000	53.000
79.680000	80.710000	51.000
79.680000	80.710000	50.000
79.680000	80.710000	49.000
79.680000	80.710000	48.000
79.680000	80.710000	37.000
80.760000	82.540000	57.000
80.760000	82.540000	54.000
80.760000	82.540000	38.000
82.590000	83.000000	43.000
82.590000	83.000000	31.000
83.150000	83.890000	43.000
83.150000	83.470000	62.000
83.150000	83.470000	54.000
83.150000	83.470000	42.000
83.520000	83.720000	59.000
83.940000	84.170000	47.000
84.220000	85.590000	40.000
84.220000	84.910000	70.000
84.220000	84.910000	68.000
84.220000	84.910000	62.000
84.220000	84.910000	61.000
84.220000	84.910000	50.000
84.220000	84.910000	49.000
84.960000	85.590000	62.000
84.960000	85.590000	52.000
84.960000	85.280000	59.000
84.960000	85.280000	50.000
85.330000	86.160000	59.000
85.330000	85.590000	50.000
85.640000	86.160000	66.000
85.640000	86.160000	55.000
85.640000	86.160000	52.000
85.640000	86.160000	48.000
86.210000	86.610000	45.000
86.210000	86.470000	69.000
86.210000	86.470000	50.000
86.810000	87.410000	62.000
86.810000	87.150000	61.000
86.810000	87.150000	60.000
86.810000	87.150000	57.000
86.810000	87.150000	49.000
86.810000	87.150000	48.000
87.200000	87.410000	59.000
87.200000	87.410000	55.000
87.200000	87.410000	47.000
87.200000	87.410000	46.000
87.460000	88.090000	60.000
87.460000	87.830000	64.000
87.460000	87.830000	48.000
87.460000	87.830000	43.000
87.460000	87.830000	33.000
87.880000	88.090000	45.000
88.140000	88.230000	60.000
88.280000	89.300000	54.000
88.280000	88.610000	71.000
88.280000	88.610000	43.000
88.660000	89.300000	66.000
88.660000	89.300000	61.000
88.660000	89.300000	45.000
88.660000	89.300000	41.000
88.660000	89.300000	30.000
89.350000	91.450000	62.000
89.350000	90.610000	78.000
89.350000	90.610000	69.000
89.350000	90.610000	43.000
89.350000	90.610000	31.000
90.660000	91.000000	43.000
90.660000	91.000000	42.000
91.050000	91.450000	74.000
91.050000	91.450000	69.000
91.050000	91.450000	43.000
91.050000	91.450000	31.000
91.500000	91.930000	62.000
91.500000	91.590000	55.000
91.640000	92.660000	43.000
91.640000	91.930000	71.000
91.640000	91.930000	47.000
91.980000	92.660000	62.000
91.980000	92.660000	50.000
91.980000	92.340000	69.000
92.390000	92.660000	47.000
92.710000	92.850000	67.000
92.710000	92.850000	55.000
92.710000	92.850000	46.000
92.900000	92.920000	46.000
92.970000	94.440000	81.000
92.970000	94.440000	65.000
92.970000	94.440000	54.000
92.970000	94.440000	51.000
92.970000	94.440000	50.000
92.970000	94.440000	49.000
92.970000	94.440000	48.000
92.970000	94.440000	34.000
92.970000	94.440000	33.000
94.490000	96.140000	69.000
94.490000	95.290000	43.000
94.490000	95.290000	31.000
95.340000	96.140000	93.000
95.340000	96.140000	86.000
95.340000	96.140000	84.000
95.340000	96.140000	57.000
95.340000	96.140000	43.000
95.340000	96.140000	30.000
96.190000	97.330000	86.000
96.190000	97.330000	74.000
96.190000	97.260000	59.000
96.190000	97.260000	43.000
96.190000	97.260000	31.000
97.380000	97.920000	62.000
97.380000	97.750000	47.000
97.800000	98.150000	50.000
97.800000	98.150000	43.000
97.970000	98.150000	69.000
97.970000	98.150000	62.000
97.970000	98.150000	31.000
98.200000	99.160000	55.000
98.200000	98.680000	74.000
98.200000	98.680000	73.000
98.200000	98.680000	54.000
98.730000	99.470000	50.000
98.730000	99.240000	59.000
98.730000	99.240000	43.000
99.210000	99.470000	55.000
99.290000	99.470000	59.000
99.290000	99.470000	43.000
99.600000	100.530000	60.000
99.600000	100.180000	79.000
99.600000	100.040000	78.000
99.600000	100.040000	72.000
99.600000	100.040000	71.000
100.090000	100.180000	72.000
100.230000	100.530000	84.000
100.230000	100.530000	79.000
100.230000	100.530000	73.000
100.230000	100.530000	72.000
100.580000	100.700000	45.000
100.750000	101.270000	72.000
100.750000	101.270000	64.000
100.750000	101.270000	55.000
100.750000	101.270000	53.000
100.750000	101.270000	48.000
100.750000	101.270000	46.000
101.320000	101.570000	51.000
101.320000	101.570000	35.000
101.620000	101.850000	78.000
101.620000	101.850000	71.000
101.900000	102.200000	85.000
101.900000	102.200000	76.000
101.900000	102.200000	57.000
102.470000	107.100000	59.000
102.470000	103.260000	78.000
102.470000	103.260000	73.000
102.470000	102.920000	85.000
102.470000	102.920000	69.000
102.470000	102.920000	57.000
102.470000	102.920000	54.000
102.970000	103.260000	54.000
102.970000	103.260000	47.000
102.970000	103.260000	40.000
103.310000	107.100000	83.000
103.310000	106.260000	87.000
103.310000	106.260000	78.000
103.310000	104.610000	77.000
103.310000	104.610000	71.000
103.310000	104.610000	70.000
103.310000	104.610000	58.000
103.310000	104.610000	55.000
103.310000	104.610000	52.000
104.660000	106.260000	79.000
104.660000	106.260000	76.000
104.660000	106.260000	72.000
104.660000	106.260000	71.000
104.660000	106.260000	67.000
104.660000	106.260000	63.000
104.660000	106.260000	60.000
104.660000	106.260000	40.000
106.310000	107.770000	71.000
106.310000	107.310000	73.000
106.310000	107.310000	61.000
106.310000	107.100000	64.000
106.310000	107.100000	60.000
106.310000	107.100000	57.000
106.310000	107.100000	43.000
106.310000	107.100000	31.000
107.150000	107.310000	69.000
107.150000	107.310000	65.000
107.360000	108.040000	65.000
107.360000	107.770000	83.000
107.360000	107.770000	73.000
107.360000	107.770000	69.000
107.360000	107.770000	62.000
107.360000	107.770000	61.000
107.820000	108.040000	83.000
107.820000	108.040000	71.000
107.820000	108.040000	62.000
108.090000	108.830000	77.000
108.090000	108.830000	68.000
108.090000	108.830000	43.000
108.090000	108.830000	31.000
108.880000	109.380000	80.000
108.880000	109.380000	77.000
108.880000	109.380000	68.000
108.880000	109.380000	47.000
109.430000	110.420000	71.000
109.430000	109.780000	78.000
109.430000	109.780000	77.000
109.430000	109.780000	70.000
109.430000	109.780000	58.000
109.830000	110.830000	52.000
109.830000	110.730000	79.000
109.830000	110.730000	36.000
109.830000	110.420000	72.000
109.830000	110.420000	59.000
110.470000	111.000000	76.000
110.470000	110.730000	60.000
110.470000	110.730000	59.000
110.880000	111.000000	67.000
111.050000	111.480000	71.000
111.050000	111.440000	78.000
111.050000	111.440000	59.000
111.530000	111.930000	48.000
111.610000	112.260000	67.000
111.610000	112.050000	36.000
111.610000	111.930000	72.000
111.980000	112.260000	48.000
112.100000	112.260000	60.000
112.310000	114.070000	33.000
112.310000	113.990000	72.000
112.310000	113.990000	71.000
112.310000	113.990000	64.000
112.310000	113.990000	57.000
112.310000	113.990000	53.000
112.310000	113.990000	51.000
112.310000	113.990000	43.000
112.310000	113.990000	36.000
114.150000	114.840000	74.000
114.150000	114.840000	72.000
114.150000	114.840000	55.000
114.150000	114.840000	54.000
114.150000	114.840000	53.000
114.150000	114.840000	45.000
114.890000	114.950000	78.000
114.890000	114.950000	71.000
115.000000	116.640000	38.000
115.000000	115.330000	69.000
115.380000	115.470000	67.000
115.380000	115.470000	55.000
115.520000	116.120000	66.000
115.520000	115.860000	57.000
115.520000	115.860000	54.000
115.910000	116.320000	64.000
115.910000	116.320000	52.000
115.910000	116.120000	71.000
116.170000	116.580000	66.000
116.170000	116.320000	50.000
116.370000	116.640000	73.000
116.370000	116.640000	54.000
116.370000	116.580000	50.000
116.690000	120.080000	74.000
116.690000	120.080000	67.000
116.690000	117.290000	79.000
116.690000	117.290000	54.000
116.690000	117.290000	31.000
117.340000	120.930000	59.000
117.340000	120.080000	64.000
117.340000	120.080000	62.000
117.340000	120.080000	56.000
117.340000	120.080000	55.000
117.340000	120.080000	38.000
120.130000	121.770000	75.000
120.130000	120.930000	69.000
120.130000	120.930000	65.000
120.130000	120.930000	53.000
120.130000	120.930000	44.000
120.130000	120.930000	43.000
120.130000	120.930000	31.000
120.980000	121.770000	63.000
121.820000	123.510000	65.000
121.820000	123.510000	64.000
121.820000	123.510000	31.000
123.660000	123.790000	36.000
123.840000	124.010000	71.000
124.060000	124.570000	36.000
124.060000	124.230000	76.000
124.060000	124.230000	71.000
124.280000	124.570000	71.000
124.620000	124.760000	70.000
124.810000	125.000000	71.000
125.050000	125.290000	71.000
125.480000	125.570000	36.000
125.620000	126.360000	76.000
125.620000	126.360000	75.000
125.620000	126.360000	69.000
125.620000	126.360000	59.000
125.620000	126.360000	54.000
125.620000	126.360000	36.000
126.410000	127.030000	69.000
126.410000	126.740000	55.000
126.790000	127.030000	67.000
126.790000	127.030000	63.000
126.790000	127.030000	60.000
126.790000	127.030000	57.000
126.790000	127.030000	55.000
127.160000	127.870000	66.000
127.160000	127.870000	62.000
127.160000	127.870000	57.000
127.160000	127.870000	55.000
127.160000	127.870000	35.000
127.920000	128.760000	69.000
127.920000	128.760000	68.000
127.920000	128.760000	67.000
127.920000	128.760000	62.000
128.810000	129.600000	35.000
129.710000	129.890000	34.000
129.940000	130.210000	46.000
130.260000	130.660000	54.000
130.260000	130.480000	66.000
130.260000	130.480000	61.000
130.710000	131.090000	55.000
130.710000	131.000000	76.000
130.710000	131.000000	69.000
130.710000	131.000000	64.000
130.710000	131.000000	60.000
130.710000	131.000000	33.000
131.140000	131.340000	60.000
131.140000	131.340000	57.000
131.140000	131.340000	54.000
131.390000	131.480000	66.000
131.530000	132.220000	67.000
131.530000	132.220000	52.000
131.890000	132.220000	72.000
131.890000	132.220000	64.000
131.890000	132.220000	60.000
131.890000	132.220000	57.000
132.270000	133.090000	38.000
132.690000	133.090000	67.000
133.140000	133.950000	66.000
133.140000	133.300000	46.000
133.350000	133.950000	78.000
133.350000	133.950000	73.000
133.350000	133.950000	70.000
133.350000	133.950000	61.000
133.350000	133.950000	58.000
133.350000	133.950000	54.000
134.000000	134.300000	66.000
134.000000	134.300000	43.000
134.000000	134.300000	31.000
134.350000	135.690000	59.000
134.350000	135.690000	54.000
134.350000	135.200000	78.000
134.350000	135.200000	66.000
134.350000	135.200000	50.000
135.250000	135.690000	66.000
135.250000	135.690000	62.000
135.740000	137.420000	74.000
135.740000	137.420000	43.000
135.740000	137.420000	42.000
135.740000	137.420000	35.000
135.740000	137.420000	31.000
137.610000	138.380000	37.000
137.610000	137.830000	70.000
137.880000	138.380000	71.000
137.880000	138.380000	64.000
137.880000	138.380000	59.000
137.880000	138.380000	55.000
137.880000	138.380000	48.000
138.430000	139.200000	70.000
138.430000	139.200000	67.000
138.430000	139.200000	59.000
138.430000	139.200000	51.000
139.250000	139.490000	52.000
139.250000	139.490000	46.000
139.250000	139.490000	42.000
139.620000	140.190000	46.000
139.620000	140.190000	30.000
139.620000	140.120000	62.000
139.620000	140.120000	55.000
139.620000	140.120000	52.000
140.240000	140.360000	61.000
140.240000	140.290000	46.000
140.340000	140.360000	58.000
140.410000	141.050000	55.000
140.410000	140.970000	76.000
140.410000	140.970000	74.000
140.410000	140.970000	70.000
140.410000	140.970000	66.000
140.410000	140.970000	64.000
140.410000	140.970000	61.000
140.410000	140.970000	58.000
141.100000	141.870000	64.000
141.100000	141.870000	61.000
141.100000	141.870000	57.000
141.100000	141.870000	35.000
141.920000	142.800000	62.000
141.920000	142.310000	77.000
141.920000	142.310000	73.000
141.920000	142.310000	70.000
141.920000	142.310000	66.000
141.920000	142.310000	65.000
142.360000	142.710000	78.000
142.360000	142.710000	74.000
142.360000	142.710000	66.000
142.360000	142.710000	65.000
142.360000	142.710000	59.000
142.360000	142.710000	54.000
142.850000	143.590000	35.000
143.840000	144.170000	81.000
143.840000	144.170000	74.000
143.840000	144.170000	61.000
143.840000	144.170000	34.000
144.220000	144.540000	64.000
144.220000	144.540000	61.000
144.220000	144.460000	76.000
144.650000	145.170000	33.000
144.650000	144.790000	66.000
144.650000	144.790000	62.000
144.650000	144.790000	59.000
144.840000	145.170000	62.000
144.840000	145.080000	66.000
144.840000	145.080000	52.000
145.130000	145.170000	67.000
145.220000	147.480000	62.000
145.220000	147.480000	57.000
145.220000	145.590000	74.000
145.220000	145.590000	67.000
145.220000	145.590000	58.000
145.640000	147.970000	69.000
145.640000	146.240000	88.000
145.640000	146.240000	85.000
145.640000	146.240000	81.000
145.640000	146.240000	78.000
145.640000	146.240000	76.000
145.640000	146.240000	66.000
146.290000	147.480000	76.000
146.290000	147.480000	55.000
146.290000	147.480000	38.000
146.290000	147.480000	33.000
147.530000	148.060000	57.000
147.530000	147.970000	76.000
148.110000	149.700000	74.000
148.110000	149.700000	69.000
148.110000	149.700000	64.000
148.110000	149.700000	60.000
148.110000	149.700000	55.000
148.110000	149.700000	38.000
149.750000	151.470000	57.000
149.750000	151.470000	54.000
149.750000	151.470000	38.000
149.750000	151.470000	37.000
151.520000	152.160000	52.000
151.520000	152.160000	43.000
151.520000	152.160000	31.000
152.210000	153.210000	52.000
152.210000	152.920000	62.000
152.210000	152.920000	55.000
152.210000	152.920000	43.000
152.210000	152.920000	42.000
152.970000	153.210000	47.000
153.260000	154.500000	50.000
153.260000	154.390000	86.000
153.260000	154.390000	55.000
153.260000	154.390000	49.000
153.260000	154.390000	40.000
154.440000	154.670000	62.000
154.550000	154.770000	50.000
154.720000	154.770000	62.000
155.000000	155.440000	55.000
155.000000	155.440000	54.000
155.000000	155.440000	43.000
155.000000	155.440000	33.000
155.490000	156.070000	50.000
155.490000	156.010000	69.000
155.490000	156.010000	67.000
155.490000	156.010000	62.000
155.490000	156.010000	61.000
155.490000	156.010000	60.000
155.490000	156.010000	49.000
156.120000	156.400000	67.000
156.120000	156.400000	60.000
156.120000	156.400000	50.000
156.120000	156.400000	48.000
156.450000	156.710000	50.000
156.450000	156.710000	47.000
156.450000	156.710000	46.000
156.760000	159.770000	52.000
156.760000	157.070000	45.000
156.760000	157.070000	38.000
157.120000	157.500000	43.000
157.120000	157.500000	42.000
157.550000	158.120000	45.000
157.550000	157.920000	44.000
157.550000	157.920000	38.000
157.970000	160.300000	64.000
157.970000	158.120000	68.000
158.490000	159.770000	47.000
158.490000	159.770000	43.000
158.490000	159.770000	40.000
158.490000	159.770000	31.000
159.820000	160.300000	52.000
159.820000	160.100000	43.000
160.150000	160.450000	50.000
160.150000	160.300000	43.000
160.150000	160.300000	40.000
160.350000	160.610000	71.000
160.350000	160.610000	62.000
160.350000	160.450000	47.000
160.500000	160.610000	59.000
160.500000	160.610000	50.000
160.660000	161.020000	62.000
160.660000	161.020000	49.000
161.070000	161.640000	62.000
161.070000	161.640000	50.000
161.070000	161.420000	55.000
161.690000	161.870000	48.000
161.920000	163.580000	53.000
161.920000	162.980000	74.000
161.920000	162.980000	73.000
161.920000	162.980000	65.000
161.920000	162.980000	63.000
161.920000	162.980000	51.000
161.920000	162.980000	50.000
161.920000	162.980000	49.000
161.920000	162.980000	33.000
163.030000	163.580000	65.000
163.030000	163.580000	60.000
163.030000	163.580000	50.000
163.630000	165.350000	66.000
163.630000	165.350000	57.000
163.630000	165.350000	54.000
163.630000	165.350000	38.000
165.400000	166.200000	74.000
165.400000	166.110000	59.000
165.400000	166.110000	43.000
166.160000	166.200000	55.000
166.250000	166.700000	43.000
166.250000	166.520000	59.000
166.250000	166.520000	54.000
166.250000	166.520000	47.000
166.570000	166.920000	50.000
166.750000	166.780000	59.000
166.830000	166.920000	62.000
166.830000	166.920000	59.000
166.970000	167.090000	73.000
166.970000	167.090000	54.000
167.140000	167.840000	40.000
167.140000	167.360000	86.000
167.140000	167.360000	55.000
167.560000	167.930000	52.000
167.560000	167.840000	68.000
167.560000	167.840000	67.000
167.560000	167.840000	59.000
167.560000	167.840000	56.000
167.560000	167.840000	55.000
167.980000	168.240000	59.000
167.980000	168.240000	38.000
168.290000	168.790000	59.000
168.290000	168.790000	58.000
168.290000	168.790000	54.000
168.290000	168.790000	50.000
168.840000	169.960000	36.000
168.840000	169.290000	87.000
168.840000	169.290000	84.000
168.840000	169.290000	83.000
168.840000	169.290000	79.000
168.840000	169.290000	78.000
168.840000	169.290000	72.000
168.840000	169.290000	71.000
169.340000	169.770000	79.000
169.340000	169.600000	84.000
169.340000	169.600000	72.000
169.650000	169.770000	72.000
169.820000	170.730000	48.000
169.820000	169.960000	72.000
170.010000	171.130000	59.000
170.010000	170.730000	73.000
170.010000	170.730000	64.000
170.010000	170.730000	57.000
170.010000	170.730000	55.000
170.010000	170.730000	54.000
170.010000	170.730000	52.000
170.780000	171.130000	35.000
171.180000	171.370000	56.000
171.180000	171.370000	51.000
171.420000	172.530000	47.000
171.420000	171.600000	86.000
171.420000	171.600000	55.000
171.650000	172.300000	91.000
171.650000	172.300000	85.000
171.650000	172.300000	78.000
171.650000	172.300000	69.000
171.650000	172.300000	57.000
171.650000	172.300000	54.000
171.650000	172.300000	53.000
172.350000	172.530000	40.000
172.580000	175.720000	71.000
172.580000	173.990000	87.000
172.580000	173.990000	78.000
172.580000	173.990000	77.000
172.580000	173.990000	70.000
172.580000	173.990000	58.000
174.040000	176.880000	59.000
174.040000	175.720000	91.000
174.040000	175.720000	52.000
174.040000	175.550000	83.000
174.040000	175.550000	81.000
174.040000	175.550000	60.000
174.040000	175.550000	55.000
175.770000	177.440000	62.000
175.770000	176.880000	83.000
175.770000	176.880000	78.000
175.770000	176.880000	71.000
175.770000	176.880000	60.000
175.770000	176.880000	31.000
176.930000	177.780000	79.000
176.930000	177.440000	81.000
176.930000	177.440000	78.000
176.930000	177.440000	75.000
176.930000	177.440000	74.000
176.930000	177.440000	72.000
176.930000	177.440000	71.000
177.490000	178.150000	31.000
177.490000	177.780000	71.000
177.490000	177.780000	63.000
177.490000	177.780000	60.000
177.830000	178.150000	79.000
177.830000	178.150000	75.000
178.200000	179.380000	43.000
178.200000	179.110000	90.000
178.200000	179.110000	83.000
178.200000	179.110000	72.000
178.200000	179.110000	60.000
178.200000	179.110000	50.000
178.200000	179.110000	47.000
179.160000	179.380000	78.000
179.160000	179.380000	71.000
179.430000	180.580000	36.000
179.430000	179.770000	79.000
179.430000	179.770000	76.000
179.430000	179.770000	72.000
179.430000	179.770000	52.000
179.820000	179.870000	64.000
179.920000	180.580000	87.000
179.920000	180.580000	78.000
179.920000	180.580000	76.000
179.920000	180.580000	71.000
179.920000	180.580000	70.000
179.920000	180.580000	69.000
179.920000	180.580000	64.000
179.920000	180.580000	58.000
180.630000	181.370000	64.000
180.720000	181.160000	48.000
180.720000	180.840000	60.000
180.890000	183.450000	36.000
180.890000	181.370000	67.000
181.420000	183.520000	64.000
181.420000	183.450000	76.000
181.420000	183.450000	48.000
181.420000	181.960000	71.000
181.420000	181.960000	52.000
181.420000	181.960000	51.000
182.010000	183.450000	79.000
183.630000	184.120000	74.000
183.630000	184.120000	73.000
183.630000	184.120000	55.000
183.630000	184.120000	54.000
184.170000	185.600000	64.000
184.170000	185.360000	78.000
184.170000	185.360000	71.000
184.170000	185.360000	70.000
184.170000	185.360000	69.000
184.170000	185.360000	67.000
184.170000	185.360000	60.000
184.170000	185.360000	59.000
184.170000	185.360000	57.000
184.170000	185.360000	33.000
185.490000	185.600000	67.000
185.490000	185.600000	55.000
185.650000	186.070000	33.000
185.650000	185.970000	66.000
185.650000	185.970000	59.000
185.650000	185.970000	54.000
186.020000	186.510000	71.000
186.020000	186.070000	64.000
186.020000	186.070000	54.000
186.120000	186.510000	64.000
186.120000	186.510000	59.000
186.120000	186.510000	52.000
186.560000	187.270000	57.000
186.560000	186.900000	64.000
186.560000	186.900000	38.000
186.950000	187.680000	78.000
186.950000	187.680000	45.000
186.950000	187.270000	38.000
187.320000	189.660000	57.000
187.320000	189.660000	54.000
187.320000	189.660000	50.000
187.730000	189.660000	66.000
187.730000	188.810000	60.000
187.730000	188.810000	53.000
188.860000	189.660000	38.000
189.780000	193.320000	39.000
189.780000	191.940000	55.000
189.780000	191.620000	79.000
189.780000	191.620000	75.000
189.780000	191.620000	74.000
189.780000	191.620000	73.000
189.780000	191.620000	72.000
189.780000	191.620000	54.000
189.780000	191.620000	53.000
189.780000	191.620000	46.000
191.670000	191.940000	82.000
191.990000	192.490000	87.000
191.990000	192.490000	82.000
192.540000	192.780000	87.000
192.830000	192.980000	87.000
193.030000	193.610000	60.000
193.030000	193.320000	87.000
193.030000	193.320000	67.000
193.370000	193.510000	67.000
193.660000	193.750000	70.000
193.800000	194.210000	87.000
193.800000	194.210000	71.000
193.800000	194.210000	70.000
193.800000	194.210000	67.000
193.800000	194.210000	60.000
194.260000	194.520000	87.000
194.260000	194.520000	69.000
194.570000	194.830000	87.000
194.570000	194.830000	74.000
194.570000	194.830000	62.000
194.880000	194.970000	84.000
194.880000	194.970000	67.000
194.880000	194.970000	62.000
195.020000	196.170000	60.000
195.020000	195.850000	84.000
195.020000	195.850000	75.000
195.900000	196.170000	79.000
195.900000	196.170000	75.000
196.220000	196.650000	79.000
196.220000	196.650000	75.000
196.220000	196.650000	60.000
196.700000	196.890000	79.000
196.700000	196.890000	60.000
196.940000	197.020000	67.000
197.140000	206.640000	43.000
197.140000	200.740000	50.000
197.140000	198.820000	74.000
197.140000	198.820000	59.000
198.870000	200.740000	83.000
198.870000	199.850000	74.000
198.870000	199.850000	52.000
199.900000	200.740000	74.000
200.790000	206.640000	75.000
200.790000	206.640000	53.000
200.790000	206.640000	52.000
200.790000	206.640000	38.000
200.790000	206.640000	31.000
200.790000	206.640000	22.000
200.790000	206.640000	21.000
