1.346757	1.346757	1.347
1.474467	1.474467	1.474
1.648617	1.648617	1.649
12.817415	12.817415	12.817
13.479184	13.479184	13.479
14.349932	14.349932	14.350
15.000091	15.000091	15.000
15.441270	15.441270	15.441
15.754739	15.754739	15.755
15.870839	15.870839	15.871
15.998549	15.998549	15.999
16.103039	16.103039	16.103
16.323628	16.323628	16.324
17.867755	17.867755	17.868
18.506304	18.506304	18.506
18.610794	18.610794	18.611
18.947483	18.947483	18.947
19.051973	19.051973	19.052
19.168073	19.168073	19.168
19.272562	19.272562	19.273
19.388662	19.388662	19.389
19.504762	19.504762	19.505
19.829841	19.829841	19.830
20.154921	20.154921	20.155
20.375510	20.375510	20.376
20.503220	20.503220	20.503
20.712200	20.712200	20.712
20.921179	20.921179	20.921
21.037279	21.037279	21.037
21.141769	21.141769	21.142
21.257868	21.257868	21.258
21.362358	21.362358	21.362
21.478458	21.478458	21.478
21.582948	21.582948	21.583
21.699048	21.699048	21.699
21.803537	21.803537	21.804
21.919637	21.919637	21.920
22.024127	22.024127	22.024
22.140227	22.140227	22.140
22.244717	22.244717	22.245
22.360816	22.360816	22.361
22.476916	22.476916	22.477
22.581406	22.581406	22.581
22.685896	22.685896	22.686
22.801995	22.801995	22.802
22.906485	22.906485	22.906
23.022585	23.022585	23.023
23.127075	23.127075	23.127
23.231565	23.231565	23.232
23.347664	23.347664	23.348
23.452154	23.452154	23.452
23.568254	23.568254	23.568
23.672744	23.672744	23.673
23.777234	23.777234	23.777
23.893333	23.893333	23.893
24.009433	24.009433	24.009
24.113923	24.113923	24.114
24.230023	24.230023	24.230
24.334512	24.334512	24.335
24.439002	24.439002	24.439
24.555102	24.555102	24.555
24.659592	24.659592	24.660
24.775692	24.775692	24.776
24.880181	24.880181	24.880
24.996281	24.996281	24.996
25.100771	25.100771	25.101
25.216871	25.216871	25.217
25.321361	25.321361	25.321
25.437460	25.437460	25.437
25.541950	25.541950	25.542
25.658050	25.658050	25.658
25.762540	25.762540	25.763
25.867029	25.867029	25.867
25.983129	25.983129	25.983
26.099229	26.099229	26.099
26.203719	26.203719	26.204
26.319819	26.319819	26.320
26.424308	26.424308	26.424
26.528798	26.528798	26.529
26.644898	26.644898	26.645
26.749388	26.749388	26.749
26.865488	26.865488	26.865
26.969977	26.969977	26.970
27.086077	27.086077	27.086
27.190567	27.190567	27.191
27.306667	27.306667	27.307
27.411156	27.411156	27.411
27.527256	27.527256	27.527
27.631746	27.631746	27.632
27.747846	27.747846	27.748
27.852336	27.852336	27.852
27.968435	27.968435	27.968
28.072925	28.072925	28.073
28.189025	28.189025	28.189
28.293515	28.293515	28.294
28.398005	28.398005	28.398
28.514104	28.514104	28.514
28.630204	28.630204	28.630
28.955283	28.955283	28.955
29.117823	29.117823	29.118
29.280363	29.280363	29.280
29.512562	29.512562	29.513
29.617052	29.617052	29.617
29.721542	29.721542	29.722
29.837642	29.837642	29.838
29.942132	29.942132	29.942
30.162721	30.162721	30.163
30.278821	30.278821	30.279
30.383311	30.383311	30.383
30.499410	30.499410	30.499
30.603900	30.603900	30.604
30.720000	30.720000	30.720
30.824490	30.824490	30.824
31.045079	31.045079	31.045
31.161179	31.161179	31.161
31.265669	31.265669	31.266
31.370159	31.370159	31.370
31.486259	31.486259	31.486
31.590748	31.590748	31.591
31.706848	31.706848	31.707
31.927438	31.927438	31.927
32.043537	32.043537	32.044
32.136417	32.136417	32.136
32.252517	32.252517	32.253
32.368617	32.368617	32.369
32.473107	32.473107	32.473
32.577596	32.577596	32.578
32.809796	32.809796	32.810
32.914286	32.914286	32.914
33.018776	33.018776	33.019
33.134875	33.134875	33.135
33.250975	33.250975	33.251
33.355465	33.355465	33.355
33.459955	33.459955	33.460
33.680544	33.680544	33.681
33.796644	33.796644	33.797
33.901134	33.901134	33.901
34.017234	34.017234	34.017
34.121723	34.121723	34.122
34.237823	34.237823	34.238
34.342313	34.342313	34.342
34.562902	34.562902	34.563
34.679002	34.679002	34.679
34.783492	34.783492	34.783
35.004082	35.004082	35.004
35.120181	35.120181	35.120
35.224671	35.224671	35.225
35.445261	35.445261	35.445
35.561361	35.561361	35.561
35.665850	35.665850	35.666
35.886440	35.886440	35.886
35.990930	35.990930	35.991
36.107029	36.107029	36.107
36.327619	36.327619	36.328
36.443719	36.443719	36.444
36.548209	36.548209	36.548
36.768798	36.768798	36.769
36.873288	36.873288	36.873
36.989388	36.989388	36.989
37.209977	37.209977	37.210
37.326077	37.326077	37.326
37.418957	37.418957	37.419
37.535057	37.535057	37.535
37.651156	37.651156	37.651
37.755646	37.755646	37.756
37.860136	37.860136	37.860
38.080726	38.080726	38.081
38.196825	38.196825	38.197
38.301315	38.301315	38.301
38.417415	38.417415	38.417
38.521905	38.521905	38.522
38.638005	38.638005	38.638
38.742494	38.742494	38.742
38.963084	38.963084	38.963
39.079184	39.079184	39.079
39.183673	39.183673	39.184
39.288163	39.288163	39.288
39.404263	39.404263	39.404
39.520363	39.520363	39.520
39.624853	39.624853	39.625
39.845442	39.845442	39.845
39.961542	39.961542	39.962
40.066032	40.066032	40.066
40.286621	40.286621	40.287
40.391111	40.391111	40.391
40.495601	40.495601	40.496
40.727800	40.727800	40.728
40.832290	40.832290	40.832
40.936780	40.936780	40.937
41.052880	41.052880	41.053
41.168980	41.168980	41.169
41.273469	41.273469	41.273
41.377959	41.377959	41.378
41.598549	41.598549	41.599
41.726259	41.726259	41.726
41.819138	41.819138	41.819
42.039728	42.039728	42.040
42.155828	42.155828	42.156
42.260317	42.260317	42.260
42.480907	42.480907	42.481
42.597007	42.597007	42.597
42.701497	42.701497	42.701
42.817596	42.817596	42.818
42.922086	42.922086	42.922
43.038186	43.038186	43.038
43.142676	43.142676	43.143
43.363265	43.363265	43.363
43.479365	43.479365	43.479
43.583855	43.583855	43.584
43.804444	43.804444	43.804
43.920544	43.920544	43.921
44.025034	44.025034	44.025
44.245624	44.245624	44.246
44.361723	44.361723	44.362
44.466213	44.466213	44.466
44.686803	44.686803	44.687
44.791293	44.791293	44.791
44.895782	44.895782	44.896
45.127982	45.127982	45.128
45.244082	45.244082	45.244
45.336961	45.336961	45.337
45.453061	45.453061	45.453
45.569161	45.569161	45.569
45.673651	45.673651	45.674
45.778141	45.778141	45.778
45.998730	45.998730	45.999
46.114830	46.114830	46.115
46.219320	46.219320	46.219
46.335420	46.335420	46.335
46.439909	46.439909	46.440
46.556009	46.556009	46.556
46.660499	46.660499	46.660
46.881088	46.881088	46.881
46.997188	46.997188	46.997
47.101678	47.101678	47.102
47.217778	47.217778	47.218
47.322268	47.322268	47.322
47.438367	47.438367	47.438
47.542857	47.542857	47.543
47.763447	47.763447	47.763
47.879546	47.879546	47.880
47.984036	47.984036	47.984
48.204626	48.204626	48.205
48.320726	48.320726	48.321
48.425215	48.425215	48.425
48.645805	48.645805	48.646
48.750295	48.750295	48.750
48.866395	48.866395	48.866
49.086984	49.086984	49.087
49.191474	49.191474	49.191
49.307574	49.307574	49.308
49.528163	49.528163	49.528
49.632653	49.632653	49.633
49.737143	49.737143	49.737
49.969342	49.969342	49.969
50.073832	50.073832	50.074
50.189932	50.189932	50.190
50.410522	50.410522	50.411
50.515011	50.515011	50.515
50.631111	50.631111	50.631
50.840091	50.840091	50.840
50.956190	50.956190	50.956
51.060680	51.060680	51.061
51.281270	51.281270	51.281
51.397370	51.397370	51.397
51.501859	51.501859	51.502
51.617959	51.617959	51.618
51.722449	51.722449	51.722
51.838549	51.838549	51.839
51.943039	51.943039	51.943
52.163628	52.163628	52.164
52.279728	52.279728	52.280
52.384218	52.384218	52.384
52.488707	52.488707	52.489
52.604807	52.604807	52.605
52.709297	52.709297	52.709
52.825397	52.825397	52.825
53.045986	53.045986	53.046
53.150476	53.150476	53.150
53.254966	53.254966	53.255
53.371066	53.371066	53.371
53.487166	53.487166	53.487
53.591655	53.591655	53.592
53.696145	53.696145	53.696
53.916735	53.916735	53.917
54.032834	54.032834	54.033
54.137324	54.137324	54.137
54.253424	54.253424	54.253
54.369524	54.369524	54.370
54.474014	54.474014	54.474
54.578503	54.578503	54.579
54.799093	54.799093	54.799
54.915193	54.915193	54.915
55.019683	55.019683	55.020
55.135782	55.135782	55.136
55.240272	55.240272	55.240
55.356372	55.356372	55.356
55.460862	55.460862	55.461
55.681451	55.681451	55.681
55.797551	55.797551	55.798
55.902041	55.902041	55.902
56.018141	56.018141	56.018
56.122630	56.122630	56.123
56.238730	56.238730	56.239
56.343220	56.343220	56.343
56.563810	56.563810	56.564
56.668299	56.668299	56.668
56.784399	56.784399	56.784
56.900499	56.900499	56.900
57.004989	57.004989	57.005
57.109478	57.109478	57.109
57.225578	57.225578	57.226
57.446168	57.446168	57.446
57.550658	57.550658	57.551
57.666757	57.666757	57.667
57.771247	57.771247	57.771
57.887347	57.887347	57.887
57.991837	57.991837	57.992
58.096327	58.096327	58.096
58.328526	58.328526	58.329
58.433016	58.433016	58.433
58.537506	58.537506	58.538
58.653605	58.653605	58.654
58.758095	58.758095	58.758
58.874195	58.874195	58.874
58.978685	58.978685	58.979
59.210884	59.210884	59.211
59.315374	59.315374	59.315
59.419864	59.419864	59.420
59.524354	59.524354	59.524
59.640454	59.640454	59.640
59.756553	59.756553	59.757
59.861043	59.861043	59.861
60.081633	60.081633	60.082
60.197732	60.197732	60.198
60.302222	60.302222	60.302
60.406712	60.406712	60.407
60.522812	60.522812	60.523
60.638912	60.638912	60.639
60.743401	60.743401	60.743
60.963991	60.963991	60.964
61.080091	61.080091	61.080
61.184580	61.184580	61.185
61.289070	61.289070	61.289
61.405170	61.405170	61.405
61.509660	61.509660	61.510
61.625760	61.625760	61.626
61.846349	61.846349	61.846
61.962449	61.962449	61.962
62.066939	62.066939	62.067
62.171429	62.171429	62.171
62.287528	62.287528	62.288
62.392018	62.392018	62.392
62.496508	62.496508	62.497
62.717098	62.717098	62.717
62.833197	62.833197	62.833
62.937687	62.937687	62.938
63.053787	63.053787	63.054
63.158277	63.158277	63.158
63.274376	63.274376	63.274
63.378866	63.378866	63.379
63.599456	63.599456	63.599
63.715556	63.715556	63.716
63.820045	63.820045	63.820
63.936145	63.936145	63.936
64.040635	64.040635	64.041
64.145125	64.145125	64.145
64.261224	64.261224	64.261
64.481814	64.481814	64.482
64.597914	64.597914	64.598
64.702404	64.702404	64.702
64.818503	64.818503	64.819
64.922993	64.922993	64.923
65.039093	65.039093	65.039
65.143583	65.143583	65.144
65.364172	65.364172	65.364
65.468662	65.468662	65.469
65.584762	65.584762	65.585
65.689252	65.689252	65.689
65.805351	65.805351	65.805
65.909841	65.909841	65.910
66.025941	66.025941	66.026
66.246531	66.246531	66.247
66.362630	66.362630	66.363
66.455510	66.455510	66.456
66.571610	66.571610	66.572
66.687710	66.687710	66.688
66.792200	66.792200	66.792
66.896689	66.896689	66.897
67.117279	67.117279	67.117
67.233379	67.233379	67.233
67.337868	67.337868	67.338
67.453968	67.453968	67.454
67.558458	67.558458	67.558
67.674558	67.674558	67.675
67.779048	67.779048	67.779
67.999637	67.999637	68.000
68.115737	68.115737	68.116
68.220227	68.220227	68.220
68.324717	68.324717	68.325
68.440816	68.440816	68.441
68.556916	68.556916	68.557
68.661406	68.661406	68.661
68.881995	68.881995	68.882
68.998095	68.998095	68.998
69.102585	69.102585	69.103
69.207075	69.207075	69.207
69.323175	69.323175	69.323
69.439274	69.439274	69.439
69.543764	69.543764	69.544
69.764354	69.764354	69.764
69.868844	69.868844	69.869
69.984943	69.984943	69.985
70.089433	70.089433	70.089
70.205533	70.205533	70.206
70.310023	70.310023	70.310
70.426122	70.426122	70.426
70.646712	70.646712	70.647
70.751202	70.751202	70.751
70.855692	70.855692	70.856
70.971791	70.971791	70.972
71.076281	71.076281	71.076
71.192381	71.192381	71.192
71.296871	71.296871	71.297
71.517460	71.517460	71.517
71.633560	71.633560	71.634
71.738050	71.738050	71.738
71.958639	71.958639	71.959
72.074739	72.074739	72.075
72.179229	72.179229	72.179
72.399819	72.399819	72.400
72.515918	72.515918	72.516
72.620408	72.620408	72.620
72.736508	72.736508	72.737
72.840998	72.840998	72.841
72.957098	72.957098	72.957
73.061587	73.061587	73.062
73.282177	73.282177	73.282
73.398277	73.398277	73.398
73.502766	73.502766	73.503
73.607256	73.607256	73.607
73.723356	73.723356	73.723
73.827846	73.827846	73.828
73.943946	73.943946	73.944
74.164535	74.164535	74.165
74.269025	74.269025	74.269
74.385125	74.385125	74.385
74.489615	74.489615	74.490
74.605714	74.605714	74.606
74.710204	74.710204	74.710
74.826304	74.826304	74.826
75.046893	75.046893	75.047
75.162993	75.162993	75.163
75.255873	75.255873	75.256
75.371973	75.371973	75.372
75.488073	75.488073	75.488
75.592562	75.592562	75.593
75.697052	75.697052	75.697
75.917642	75.917642	75.918
76.033741	76.033741	76.034
76.138231	76.138231	76.138
76.254331	76.254331	76.254
76.358821	76.358821	76.359
76.474921	76.474921	76.475
76.579410	76.579410	76.579
76.695510	76.695510	76.696
76.800000	76.800000	76.800
76.916100	76.916100	76.916
77.020590	77.020590	77.021
77.125079	77.125079	77.125
77.241179	77.241179	77.241
77.357279	77.357279	77.357
77.461769	77.461769	77.462
77.682358	77.682358	77.682
77.798458	77.798458	77.798
77.902948	77.902948	77.903
78.007438	78.007438	78.007
78.123537	78.123537	78.124
78.228027	78.228027	78.228
78.344127	78.344127	78.344
78.448617	78.448617	78.449
78.564717	78.564717	78.565
78.680816	78.680816	78.681
78.785306	78.785306	78.785
78.889796	78.889796	78.890
79.005896	79.005896	79.006
79.110385	79.110385	79.110
79.226485	79.226485	79.226
79.330975	79.330975	79.331
79.447075	79.447075	79.447
79.551565	79.551565	79.552
79.656054	79.656054	79.656
79.772154	79.772154	79.772
79.876644	79.876644	79.877
79.992744	79.992744	79.993
80.097234	80.097234	80.097
80.213333	80.213333	80.213
80.329433	80.329433	80.329
80.433923	80.433923	80.434
80.538413	80.538413	80.538
80.654512	80.654512	80.655
80.759002	80.759002	80.759
80.875102	80.875102	80.875
80.979592	80.979592	80.980
81.095692	81.095692	81.096
81.200181	81.200181	81.200
81.316281	81.316281	81.316
81.420771	81.420771	81.421
81.525261	81.525261	81.525
81.641361	81.641361	81.641
81.757460	81.757460	81.757
81.861950	81.861950	81.862
81.966440	81.966440	81.966
82.082540	82.082540	82.083
82.198639	82.198639	82.199
82.303129	82.303129	82.303
82.407619	82.407619	82.408
82.523719	82.523719	82.524
82.628209	82.628209	82.628
82.744308	82.744308	82.744
82.848798	82.848798	82.849
82.964898	82.964898	82.965
83.069388	83.069388	83.069
83.173878	83.173878	83.174
83.289977	83.289977	83.290
83.406077	83.406077	83.406
83.510567	83.510567	83.511
83.626667	83.626667	83.627
83.731156	83.731156	83.731
83.847256	83.847256	83.847
83.951746	83.951746	83.952
84.056236	84.056236	84.056
84.172336	84.172336	84.172
84.288435	84.288435	84.288
84.392925	84.392925	84.393
84.497415	84.497415	84.497
84.613515	84.613515	84.614
84.729615	84.729615	84.730
84.834104	84.834104	84.834
84.938594	84.938594	84.939
85.159184	85.159184	85.159
85.275283	85.275283	85.275
85.379773	85.379773	85.380
85.495873	85.495873	85.496
85.600363	85.600363	85.600
85.716463	85.716463	85.716
85.832562	85.832562	85.833
85.937052	85.937052	85.937
86.018322	86.018322	86.018
92.868209	92.868209	92.868
94.632925	94.632925	94.633
95.004444	95.004444	95.004
95.283084	95.283084	95.283
95.666213	95.666213	95.666
95.944853	95.944853	95.945
96.386032	96.386032	96.386
97.941769	97.941769	97.942
98.998277	98.998277	98.998
99.706485	99.706485	99.706
99.915465	99.915465	99.915
100.577234	100.577234	100.577
100.797823	100.797823	100.798
101.459592	101.459592	101.460
102.353560	102.353560	102.354
103.444898	103.444898	103.445
104.106667	104.106667	104.107
106.730522	106.730522	106.731
108.704218	108.704218	108.704
109.040907	109.040907	109.041
109.157007	109.157007	109.157
109.574966	109.574966	109.575
110.236735	110.236735	110.237
110.457324	110.457324	110.457
111.223583	111.223583	111.224
112.210431	112.210431	112.210
113.081179	113.081179	113.081
113.545578	113.545578	113.546
113.754558	113.754558	113.755
113.986757	113.986757	113.987
114.091247	114.091247	114.091
114.195737	114.195737	114.196
114.311837	114.311837	114.312
114.416327	114.416327	114.416
114.532426	114.532426	114.532
114.648526	114.648526	114.649
114.869116	114.869116	114.869
115.182585	115.182585	115.183
115.519274	115.519274	115.519
115.623764	115.623764	115.624
115.728254	115.728254	115.728
115.844354	115.844354	115.844
116.064943	116.064943	116.065
116.285533	116.285533	116.286
116.610612	116.610612	116.611
116.715102	116.715102	116.715
117.051791	117.051791	117.052
117.156281	117.156281	117.156
117.283991	117.283991	117.284
117.492971	117.492971	117.493
117.609070	117.609070	117.609
117.713560	117.713560	117.714
117.829660	117.829660	117.830
117.934150	117.934150	117.934
118.027029	118.027029	118.027
118.259229	118.259229	118.259
118.375329	118.375329	118.375
118.595918	118.595918	118.596
118.712018	118.712018	118.712
118.828118	118.828118	118.828
118.920998	118.920998	118.921
119.037098	119.037098	119.037
119.257687	119.257687	119.258
119.373787	119.373787	119.374
119.698866	119.698866	119.699
119.919456	119.919456	119.919
120.023946	120.023946	120.024
120.128435	120.128435	120.128
120.244535	120.244535	120.245
120.360635	120.360635	120.361
120.465125	120.465125	120.465
120.569615	120.569615	120.570
120.790204	120.790204	120.790
121.034014	121.034014	121.034
121.347483	121.347483	121.347
121.463583	121.463583	121.464
121.626122	121.626122	121.626
121.684172	121.684172	121.684
121.904762	121.904762	121.905
122.009252	122.009252	122.009
122.113741	122.113741	122.114
122.218231	122.218231	122.218
122.334331	122.334331	122.334
122.554921	122.554921	122.555
122.891610	122.891610	122.892
122.984490	122.984490	122.984
123.100590	123.100590	123.101
123.205079	123.205079	123.205
123.437279	123.437279	123.437
123.541769	123.541769	123.542
123.646259	123.646259	123.646
123.762358	123.762358	123.762
123.982948	123.982948	123.983
124.099048	124.099048	124.099
124.191927	124.191927	124.192
124.319637	124.319637	124.320
124.424127	124.424127	124.424
124.540227	124.540227	124.540
124.644717	124.644717	124.645
124.749206	124.749206	124.749
124.865306	124.865306	124.865
124.969796	124.969796	124.970
125.074286	125.074286	125.074
125.190385	125.190385	125.190
125.410975	125.410975	125.411
125.538685	125.538685	125.539
125.736054	125.736054	125.736
125.852154	125.852154	125.852
126.072744	126.072744	126.073
126.188844	126.188844	126.189
126.293333	126.293333	126.293
126.409433	126.409433	126.409
126.502313	126.502313	126.502
126.734512	126.734512	126.735
126.955102	126.955102	126.955
127.152472	127.152472	127.152
127.396281	127.396281	127.396
127.489161	127.489161	127.489
127.628481	127.628481	127.628
127.837460	127.837460	127.837
128.069660	128.069660	128.070
128.174150	128.174150	128.174
128.278639	128.278639	128.279
128.383129	128.383129	128.383
128.499229	128.499229	128.499
128.626939	128.626939	128.627
128.719819	128.719819	128.720
128.928798	128.928798	128.929
129.044898	129.044898	129.045
129.149388	129.149388	129.149
129.253878	129.253878	129.254
129.474467	129.474467	129.474
129.590567	129.590567	129.591
129.695057	129.695057	129.695
129.811156	129.811156	129.811
129.927256	129.927256	129.927
130.031746	130.031746	130.032
130.147846	130.147846	130.148
130.252336	130.252336	130.252
130.380045	130.380045	130.380
130.472925	130.472925	130.473
130.577415	130.577415	130.577
130.693515	130.693515	130.694
130.798005	130.798005	130.798
130.914104	130.914104	130.914
131.018594	131.018594	131.019
131.134694	131.134694	131.135
131.239184	131.239184	131.239
131.343673	131.343673	131.344
131.459773	131.459773	131.460
131.575873	131.575873	131.576
131.691973	131.691973	131.692
131.796463	131.796463	131.796
131.900952	131.900952	131.901
132.017052	132.017052	132.017
132.133152	132.133152	132.133
132.237642	132.237642	132.238
132.342132	132.342132	132.342
132.446621	132.446621	132.447
132.562721	132.562721	132.563
132.678821	132.678821	132.679
132.783311	132.783311	132.783
132.887800	132.887800	132.888
132.992290	132.992290	132.992
133.108390	133.108390	133.108
133.224490	133.224490	133.224
133.328980	133.328980	133.329
133.445079	133.445079	133.445
133.549569	133.549569	133.550
133.665669	133.665669	133.666
133.770159	133.770159	133.770
133.886259	133.886259	133.886
133.990748	133.990748	133.991
134.095238	134.095238	134.095
134.211338	134.211338	134.211
134.327438	134.327438	134.327
134.431927	134.431927	134.432
134.548027	134.548027	134.548
134.768617	134.768617	134.769
134.873107	134.873107	134.873
134.989206	134.989206	134.989
135.093696	135.093696	135.094
135.209796	135.209796	135.210
135.314286	135.314286	135.314
135.430385	135.430385	135.430
135.534875	135.534875	135.535
135.650975	135.650975	135.651
135.755465	135.755465	135.755
135.859955	135.859955	135.860
135.976054	135.976054	135.976
136.080544	136.080544	136.081
136.196644	136.196644	136.197
136.301134	136.301134	136.301
136.417234	136.417234	136.417
136.533333	136.533333	136.533
136.637823	136.637823	136.638
136.742313	136.742313	136.742
136.858413	136.858413	136.858
136.962902	136.962902	136.963
137.079002	137.079002	137.079
137.183492	137.183492	137.183
137.299592	137.299592	137.300
137.404082	137.404082	137.404
137.520181	137.520181	137.520
137.624671	137.624671	137.625
137.740771	137.740771	137.741
137.845261	137.845261	137.845
137.961361	137.961361	137.961
138.065850	138.065850	138.066
138.170340	138.170340	138.170
138.286440	138.286440	138.286
138.402540	138.402540	138.403
138.507029	138.507029	138.507
138.611519	138.611519	138.612
138.727619	138.727619	138.728
138.832109	138.832109	138.832
138.948209	138.948209	138.948
139.052698	139.052698	139.053
139.168798	139.168798	139.169
139.273288	139.273288	139.273
139.389388	139.389388	139.389
139.493878	139.493878	139.494
139.609977	139.609977	139.610
139.714467	139.714467	139.714
139.818957	139.818957	139.819
139.935057	139.935057	139.935
140.051156	140.051156	140.051
140.155646	140.155646	140.156
140.260136	140.260136	140.260
140.376236	140.376236	140.376
140.480726	140.480726	140.481
140.596825	140.596825	140.597
140.701315	140.701315	140.701
140.817415	140.817415	140.817
140.933515	140.933515	140.934
141.038005	141.038005	141.038
141.142494	141.142494	141.142
141.258594	141.258594	141.259
141.363084	141.363084	141.363
141.479184	141.479184	141.479
141.583673	141.583673	141.584
141.688163	141.688163	141.688
141.804263	141.804263	141.804
141.920363	141.920363	141.920
142.024853	142.024853	142.025
142.129342	142.129342	142.129
142.245442	142.245442	142.245
142.349932	142.349932	142.350
142.466032	142.466032	142.466
142.570522	142.570522	142.571
142.686621	142.686621	142.687
142.802721	142.802721	142.803
142.907211	142.907211	142.907
143.011701	143.011701	143.012
143.127800	143.127800	143.128
143.232290	143.232290	143.232
143.348390	143.348390	143.348
143.452880	143.452880	143.453
143.568980	143.568980	143.569
143.673469	143.673469	143.673
143.789569	143.789569	143.790
143.894059	143.894059	143.894
144.010159	144.010159	144.010
144.114649	144.114649	144.115
144.230748	144.230748	144.231
144.335238	144.335238	144.335
144.439728	144.439728	144.440
144.555828	144.555828	144.556
144.660317	144.660317	144.660
144.776417	144.776417	144.776
144.880907	144.880907	144.881
144.997007	144.997007	144.997
145.101497	145.101497	145.101
145.217596	145.217596	145.218
145.322086	145.322086	145.322
145.438186	145.438186	145.438
145.542676	145.542676	145.543
145.658776	145.658776	145.659
145.763265	145.763265	145.763
145.867755	145.867755	145.868
145.983855	145.983855	145.984
146.099955	146.099955	146.100
146.204444	146.204444	146.204
146.320544	146.320544	146.321
146.425034	146.425034	146.425
146.541134	146.541134	146.541
146.645624	146.645624	146.646
146.750113	146.750113	146.750
146.866213	146.866213	146.866
146.970703	146.970703	146.971
147.086803	147.086803	147.087
147.202902	147.202902	147.203
147.307392	147.307392	147.307
147.411882	147.411882	147.412
147.527982	147.527982	147.528
147.632472	147.632472	147.632
147.748571	147.748571	147.749
147.853061	147.853061	147.853
148.073651	148.073651	148.074
148.189751	148.189751	148.190
148.294240	148.294240	148.294
148.514830	148.514830	148.515
148.735420	148.735420	148.735
148.886349	148.886349	148.886
148.944399	148.944399	148.944
149.014059	149.014059	149.014
149.176599	149.176599	149.177
149.397188	149.397188	149.397
149.513288	149.513288	149.513
149.606168	149.606168	149.606
149.838367	149.838367	149.838
149.954467	149.954467	149.954
150.047347	150.047347	150.047
150.163447	150.163447	150.163
150.279546	150.279546	150.280
150.384036	150.384036	150.384
150.500136	150.500136	150.500
150.709116	150.709116	150.709
150.825215	150.825215	150.825
150.941315	150.941315	150.941
151.045805	151.045805	151.046
151.150295	151.150295	151.150
151.266395	151.266395	151.266
151.370884	151.370884	151.371
151.591474	151.591474	151.591
151.707574	151.707574	151.708
151.812063	151.812063	151.812
152.032653	152.032653	152.033
152.148753	152.148753	152.149
152.253243	152.253243	152.253
152.369342	152.369342	152.369
152.473832	152.473832	152.474
152.589932	152.589932	152.590
152.694422	152.694422	152.694
152.810522	152.810522	152.811
152.915011	152.915011	152.915
153.019501	153.019501	153.020
153.135601	153.135601	153.136
153.356190	153.356190	153.356
153.460680	153.460680	153.461
153.576780	153.576780	153.577
153.797370	153.797370	153.797
153.901859	153.901859	153.902
154.006349	154.006349	154.006
154.238549	154.238549	154.239
154.354649	154.354649	154.355
154.447528	154.447528	154.448
154.679728	154.679728	154.680
154.784218	154.784218	154.784
154.900317	154.900317	154.900
155.109297	155.109297	155.109
155.225397	155.225397	155.225
155.329887	155.329887	155.330
155.550476	155.550476	155.550
155.666576	155.666576	155.667
155.771066	155.771066	155.771
155.991655	155.991655	155.992
156.107755	156.107755	156.108
156.223855	156.223855	156.224
156.432834	156.432834	156.433
156.548934	156.548934	156.549
156.653424	156.653424	156.653
156.874014	156.874014	156.874
156.990113	156.990113	156.990
157.094603	157.094603	157.095
157.210703	157.210703	157.211
157.315193	157.315193	157.315
157.419683	157.419683	157.420
157.535782	157.535782	157.536
157.663492	157.663492	157.663
157.756372	157.756372	157.756
157.872472	157.872472	157.872
157.976961	157.976961	157.977
158.197551	158.197551	158.198
158.302041	158.302041	158.302
158.406531	158.406531	158.407
158.638730	158.638730	158.639
158.743220	158.743220	158.743
158.859320	158.859320	158.859
158.963810	158.963810	158.964
159.079909	159.079909	159.080
159.184399	159.184399	159.184
159.288889	159.288889	159.289
159.509478	159.509478	159.509
159.625578	159.625578	159.626
159.730068	159.730068	159.730
159.846168	159.846168	159.846
159.950658	159.950658	159.951
160.066757	160.066757	160.067
160.171247	160.171247	160.171
160.391837	160.391837	160.392
160.507937	160.507937	160.508
160.612426	160.612426	160.612
160.728526	160.728526	160.729
160.833016	160.833016	160.833
160.949116	160.949116	160.949
161.053605	161.053605	161.054
161.274195	161.274195	161.274
161.390295	161.390295	161.390
161.494785	161.494785	161.495
161.599274	161.599274	161.599
161.715374	161.715374	161.715
161.819864	161.819864	161.820
161.935964	161.935964	161.936
162.063673	162.063673	162.064
162.156553	162.156553	162.157
162.261043	162.261043	162.261
162.365533	162.365533	162.366
162.493243	162.493243	162.493
162.597732	162.597732	162.598
162.702222	162.702222	162.702
162.818322	162.818322	162.818
163.038912	163.038912	163.039
163.143401	163.143401	163.143
163.259501	163.259501	163.260
163.363991	163.363991	163.364
163.480091	163.480091	163.480
163.584580	163.584580	163.585
163.689070	163.689070	163.689
163.909660	163.909660	163.910
164.025760	164.025760	164.026
164.130249	164.130249	164.130
164.246349	164.246349	164.246
164.350839	164.350839	164.351
164.466939	164.466939	164.467
164.571429	164.571429	164.571
164.710748	164.710748	164.711
164.792018	164.792018	164.792
164.908118	164.908118	164.908
165.012608	165.012608	165.013
165.233197	165.233197	165.233
165.349297	165.349297	165.349
165.453787	165.453787	165.454
165.674376	165.674376	165.674
165.790476	165.790476	165.790
165.894966	165.894966	165.895
165.999456	165.999456	165.999
166.115556	166.115556	166.116
166.220045	166.220045	166.220
166.324535	166.324535	166.325
166.556735	166.556735	166.557
166.672834	166.672834	166.673
166.777324	166.777324	166.777
166.881814	166.881814	166.882
166.997914	166.997914	166.998
167.102404	167.102404	167.102
167.206893	167.206893	167.207
167.427483	167.427483	167.427
167.543583	167.543583	167.544
167.648073	167.648073	167.648
167.764172	167.764172	167.764
167.868662	167.868662	167.869
167.984762	167.984762	167.985
168.089252	168.089252	168.089
168.309841	168.309841	168.310
168.425941	168.425941	168.426
168.530431	168.530431	168.530
168.646531	168.646531	168.647
168.751020	168.751020	168.751
168.867120	168.867120	168.867
168.971610	168.971610	168.972
169.192200	169.192200	169.192
169.308299	169.308299	169.308
169.412789	169.412789	169.413
169.528889	169.528889	169.529
169.633379	169.633379	169.633
169.737868	169.737868	169.738
169.853968	169.853968	169.854
170.074558	170.074558	170.075
170.190658	170.190658	170.191
170.295147	170.295147	170.295
170.515737	170.515737	170.516
170.620227	170.620227	170.620
170.724717	170.724717	170.725
170.956916	170.956916	170.957
171.073016	171.073016	171.073
171.177506	171.177506	171.178
171.281995	171.281995	171.282
171.398095	171.398095	171.398
171.502585	171.502585	171.503
171.607075	171.607075	171.607
171.827664	171.827664	171.828
171.955374	171.955374	171.955
172.048254	172.048254	172.048
172.164354	172.164354	172.164
172.268844	172.268844	172.269
172.384943	172.384943	172.385
172.489433	172.489433	172.489
172.710023	172.710023	172.710
172.826122	172.826122	172.826
172.930612	172.930612	172.931
173.046712	173.046712	173.047
173.151202	173.151202	173.151
173.267302	173.267302	173.267
173.371791	173.371791	173.372
173.592381	173.592381	173.592
173.708481	173.708481	173.708
173.812971	173.812971	173.813
173.917460	173.917460	173.917
174.033560	174.033560	174.034
174.138050	174.138050	174.138
174.254150	174.254150	174.254
174.358639	174.358639	174.359
174.474739	174.474739	174.475
174.579229	174.579229	174.579
174.695329	174.695329	174.695
174.799819	174.799819	174.800
174.915918	174.915918	174.916
175.020408	175.020408	175.020
175.136508	175.136508	175.137
175.240998	175.240998	175.241
175.357098	175.357098	175.357
175.461587	175.461587	175.462
175.577687	175.577687	175.578
175.682177	175.682177	175.682
175.798277	175.798277	175.798
175.902766	175.902766	175.903
176.007256	176.007256	176.007
176.123356	176.123356	176.123
176.239456	176.239456	176.239
176.343946	176.343946	176.344
176.448435	176.448435	176.448
176.680635	176.680635	176.681
176.785125	176.785125	176.785
176.889615	176.889615	176.890
177.110204	177.110204	177.110
177.226304	177.226304	177.226
177.330794	177.330794	177.331
177.446893	177.446893	177.447
177.551383	177.551383	177.551
177.667483	177.667483	177.667
177.771973	177.771973	177.772
177.992562	177.992562	177.993
178.108662	178.108662	178.109
178.213152	178.213152	178.213
178.317642	178.317642	178.318
178.433741	178.433741	178.434
178.549841	178.549841	178.550
178.654331	178.654331	178.654
178.874921	178.874921	178.875
178.991020	178.991020	178.991
179.083900	179.083900	179.084
179.200000	179.200000	179.200
179.316100	179.316100	179.316
179.420590	179.420590	179.421
179.536689	179.536689	179.537
179.757279	179.757279	179.757
179.873379	179.873379	179.873
179.966259	179.966259	179.966
180.082358	180.082358	180.082
180.198458	180.198458	180.198
180.302948	180.302948	180.303
180.419048	180.419048	180.419
180.523537	180.523537	180.524
180.628027	180.628027	180.628
180.755737	180.755737	180.756
180.848617	180.848617	180.849
180.964717	180.964717	180.965
181.080816	181.080816	181.081
181.185306	181.185306	181.185
181.289796	181.289796	181.290
181.510385	181.510385	181.510
181.626485	181.626485	181.626
181.730975	181.730975	181.731
181.847075	181.847075	181.847
181.951565	181.951565	181.952
182.067664	182.067664	182.068
182.172154	182.172154	182.172
182.288254	182.288254	182.288
182.392744	182.392744	182.393
182.508844	182.508844	182.509
182.613333	182.613333	182.613
182.717823	182.717823	182.718
182.833923	182.833923	182.834
182.950023	182.950023	182.950
183.054512	183.054512	183.055
183.275102	183.275102	183.275
183.391202	183.391202	183.391
183.495692	183.495692	183.496
183.600181	183.600181	183.600
183.716281	183.716281	183.716
183.820771	183.820771	183.821
183.925261	183.925261	183.925
184.041361	184.041361	184.041
184.145850	184.145850	184.146
184.261950	184.261950	184.262
184.378050	184.378050	184.378
184.482540	184.482540	184.483
184.598639	184.598639	184.599
184.703129	184.703129	184.703
184.807619	184.807619	184.808
184.923719	184.923719	184.924
185.039819	185.039819	185.040
185.155918	185.155918	185.156
185.248798	185.248798	185.249
185.364898	185.364898	185.365
185.469388	185.469388	185.469
185.585488	185.585488	185.585
185.689977	185.689977	185.690
185.806077	185.806077	185.806
185.910567	185.910567	185.911
186.026667	186.026667	186.027
186.131156	186.131156	186.131
186.235646	186.235646	186.236
186.351746	186.351746	186.352
186.467846	186.467846	186.468
186.572336	186.572336	186.572
186.676825	186.676825	186.677
186.792925	186.792925	186.793
186.897415	186.897415	186.897
187.013515	187.013515	187.014
187.118005	187.118005	187.118
187.234104	187.234104	187.234
187.338594	187.338594	187.339
187.454694	187.454694	187.455
187.559184	187.559184	187.559
187.675283	187.675283	187.675
187.779773	187.779773	187.780
187.895873	187.895873	187.896
188.000363	188.000363	188.000
188.116463	188.116463	188.116
188.220952	188.220952	188.221
188.337052	188.337052	188.337
188.441542	188.441542	188.442
188.557642	188.557642	188.558
188.662132	188.662132	188.662
188.766621	188.766621	188.767
188.882721	188.882721	188.883
188.998821	188.998821	188.999
189.103311	189.103311	189.103
189.219410	189.219410	189.219
189.323900	189.323900	189.324
189.440000	189.440000	189.440
189.544490	189.544490	189.544
189.648980	189.648980	189.649
189.765079	189.765079	189.765
189.869569	189.869569	189.870
189.985669	189.985669	189.986
190.090159	190.090159	190.090
190.310748	190.310748	190.311
190.426848	190.426848	190.427
190.531338	190.531338	190.531
190.682268	190.682268	190.682
190.751927	190.751927	190.752
190.856417	190.856417	190.856
190.972517	190.972517	190.973
191.077007	191.077007	191.077
191.193107	191.193107	191.193
191.309206	191.309206	191.309
191.413696	191.413696	191.414
191.634286	191.634286	191.634
191.750385	191.750385	191.750
191.843265	191.843265	191.843
192.075465	192.075465	192.075
192.191565	192.191565	192.192
192.284444	192.284444	192.284
192.400544	192.400544	192.401
192.516644	192.516644	192.517
192.621134	192.621134	192.621
192.725624	192.725624	192.726
192.946213	192.946213	192.946
193.062313	193.062313	193.062
193.166803	193.166803	193.167
193.282902	193.282902	193.283
193.387392	193.387392	193.387
193.503492	193.503492	193.503
193.607982	193.607982	193.608
193.828571	193.828571	193.829
193.944671	193.944671	193.945
194.049161	194.049161	194.049
194.165261	194.165261	194.165
194.269751	194.269751	194.270
194.385850	194.385850	194.386
194.490340	194.490340	194.490
194.710930	194.710930	194.711
194.827029	194.827029	194.827
194.931519	194.931519	194.932
195.152109	195.152109	195.152
195.268209	195.268209	195.268
195.372698	195.372698	195.373
195.593288	195.593288	195.593
195.697778	195.697778	195.698
195.813878	195.813878	195.814
195.918367	195.918367	195.918
196.034467	196.034467	196.034
196.138957	196.138957	196.139
196.243447	196.243447	196.243
196.475646	196.475646	196.476
196.591746	196.591746	196.592
196.684626	196.684626	196.685
196.916825	196.916825	196.917
197.021315	197.021315	197.021
197.137415	197.137415	197.137
197.346395	197.346395	197.346
197.462494	197.462494	197.462
197.566984	197.566984	197.567
197.683084	197.683084	197.683
197.787574	197.787574	197.788
197.903673	197.903673	197.904
198.008163	198.008163	198.008
198.228753	198.228753	198.229
198.344853	198.344853	198.345
198.449342	198.449342	198.449
198.669932	198.669932	198.670
198.786032	198.786032	198.786
198.890522	198.890522	198.891
199.111111	199.111111	199.111
199.227211	199.227211	199.227
199.331701	199.331701	199.332
199.436190	199.436190	199.436
199.552290	199.552290	199.552
199.656780	199.656780	199.657
199.772880	199.772880	199.773
199.993469	199.993469	199.993
200.109569	200.109569	200.110
200.202449	200.202449	200.202
200.318549	200.318549	200.319
200.434649	200.434649	200.435
200.539138	200.539138	200.539
200.643628	200.643628	200.644
200.875828	200.875828	200.876
200.980317	200.980317	200.980
201.084807	201.084807	201.085
201.200907	201.200907	201.201
201.317007	201.317007	201.317
201.421497	201.421497	201.421
201.525986	201.525986	201.526
201.746576	201.746576	201.747
201.862676	201.862676	201.863
201.967166	201.967166	201.967
202.083265	202.083265	202.083
202.187755	202.187755	202.188
202.303855	202.303855	202.304
202.408345	202.408345	202.408
202.628934	202.628934	202.629
202.745034	202.745034	202.745
202.849524	202.849524	202.850
203.070113	203.070113	203.070
203.186213	203.186213	203.186
203.290703	203.290703	203.291
203.511293	203.511293	203.511
203.627392	203.627392	203.627
203.731882	203.731882	203.732
203.847982	203.847982	203.848
203.952472	203.952472	203.952
204.056961	204.056961	204.057
204.173061	204.173061	204.173
204.393651	204.393651	204.394
204.498141	204.498141	204.498
204.602630	204.602630	204.603
204.730340	204.730340	204.730
204.834830	204.834830	204.835
204.939320	204.939320	204.939
205.055420	205.055420	205.055
205.276009	205.276009	205.276
205.392109	205.392109	205.392
205.496599	205.496599	205.497
205.717188	205.717188	205.717
205.821678	205.821678	205.822
205.926168	205.926168	205.926
206.146757	206.146757	206.147
206.262857	206.262857	206.263
206.367347	206.367347	206.367
206.483447	206.483447	206.483
206.587937	206.587937	206.588
206.704036	206.704036	206.704
206.808526	206.808526	206.809
207.029116	207.029116	207.029
207.145215	207.145215	207.145
207.249705	207.249705	207.250
207.470295	207.470295	207.470
207.586395	207.586395	207.586
207.690884	207.690884	207.691
207.911474	207.911474	207.911
208.027574	208.027574	208.028
208.132063	208.132063	208.132
208.236553	208.236553	208.237
208.352653	208.352653	208.353
208.457143	208.457143	208.457
208.573243	208.573243	208.573
208.793832	208.793832	208.794
208.909932	208.909932	208.910
209.002812	209.002812	209.003
209.118912	209.118912	209.119
209.235011	209.235011	209.235
209.339501	209.339501	209.340
209.443991	209.443991	209.444
209.664580	209.664580	209.665
209.780680	209.780680	209.781
209.885170	209.885170	209.885
210.001270	210.001270	210.001
210.105760	210.105760	210.106
210.221859	210.221859	210.222
210.326349	210.326349	210.326
210.442449	210.442449	210.442
210.546939	210.546939	210.547
210.663039	210.663039	210.663
210.767528	210.767528	210.768
210.883628	210.883628	210.884
210.988118	210.988118	210.988
211.104218	211.104218	211.104
211.208707	211.208707	211.209
211.336417	211.336417	211.336
211.429297	211.429297	211.429
211.545397	211.545397	211.545
211.649887	211.649887	211.650
211.754376	211.754376	211.754
211.870476	211.870476	211.870
211.974966	211.974966	211.975
212.091066	212.091066	212.091
212.311655	212.311655	212.312
212.427755	212.427755	212.428
212.532245	212.532245	212.532
212.636735	212.636735	212.637
212.752834	212.752834	212.753
212.857324	212.857324	212.857
212.973424	212.973424	212.973
213.077914	213.077914	213.078
213.194014	213.194014	213.194
213.298503	213.298503	213.299
213.402993	213.402993	213.403
213.519093	213.519093	213.519
213.623583	213.623583	213.624
213.739683	213.739683	213.740
213.844172	213.844172	213.844
213.960272	213.960272	213.960
214.076372	214.076372	214.076
214.180862	214.180862	214.181
214.285351	214.285351	214.285
214.401451	214.401451	214.401
214.505941	214.505941	214.506
214.622041	214.622041	214.622
214.738141	214.738141	214.738
214.842630	214.842630	214.843
214.947120	214.947120	214.947
215.063220	215.063220	215.063
215.167710	215.167710	215.168
215.283810	215.283810	215.284
215.388299	215.388299	215.388
215.504399	215.504399	215.504
215.608889	215.608889	215.609
215.713379	215.713379	215.713
215.829478	215.829478	215.829
215.945578	215.945578	215.946
216.050068	216.050068	216.050
216.166168	216.166168	216.166
216.270658	216.270658	216.271
216.375147	216.375147	216.375
216.491247	216.491247	216.491
216.595737	216.595737	216.596
216.711837	216.711837	216.712
216.816327	216.816327	216.816
216.932426	216.932426	216.932
217.036916	217.036916	217.037
217.153016	217.153016	217.153
217.257506	217.257506	217.258
217.373605	217.373605	217.374
217.478095	217.478095	217.478
217.594195	217.594195	217.594
217.698685	217.698685	217.699
217.814785	217.814785	217.815
217.919274	217.919274	217.919
218.035374	218.035374	218.035
218.139864	218.139864	218.140
218.255964	218.255964	218.256
218.360454	218.360454	218.360
218.476553	218.476553	218.477
218.581043	218.581043	218.581
218.697143	218.697143	218.697
218.906122	218.906122	218.906
219.022222	219.022222	219.022
219.126712	219.126712	219.127
219.347302	219.347302	219.347
219.475011	219.475011	219.475
219.765261	219.765261	219.765
