0.243810	0.243810	1
0.510839	0.510839	2
0.789478	0.789478	3
1.079728	1.079728	4
1.358367	1.358367	1
1.787937	1.787937	2
2.229116	2.229116	3
2.670295	2.670295	4
3.111474	3.111474	1
3.552653	3.552653	2
3.993832	3.993832	3
4.435011	4.435011	4
4.876190	4.876190	1
5.317370	5.317370	2
5.758549	5.758549	3
6.188118	6.188118	4
6.629297	6.629297	1
7.070476	7.070476	2
7.511655	7.511655	3
7.952834	7.952834	4
8.405624	8.405624	1
8.846803	8.846803	2
9.287982	9.287982	3
9.729161	9.729161	4
10.170340	10.170340	1
10.611519	10.611519	2
11.052698	11.052698	3
11.482268	11.482268	4
11.923447	11.923447	1
12.353016	12.353016	2
12.794195	12.794195	3
13.223764	13.223764	4
13.664943	13.664943	1
14.106122	14.106122	2
14.547302	14.547302	3
14.988481	14.988481	4
15.418050	15.418050	1
15.859229	15.859229	2
16.312018	16.312018	3
16.741587	16.741587	4
17.182766	17.182766	1
17.623946	17.623946	2
18.065125	18.065125	3
18.494694	18.494694	4
18.935873	18.935873	1
19.377052	19.377052	2
19.806621	19.806621	3
20.212971	20.212971	4
20.619320	20.619320	1
21.037279	21.037279	2
21.466848	21.466848	3
21.896417	21.896417	4
22.291156	22.291156	1
22.709116	22.709116	2
23.127075	23.127075	3
23.556644	23.556644	4
23.997823	23.997823	1
24.439002	24.439002	2
24.880181	24.880181	3
25.309751	25.309751	4
25.750930	25.750930	1
26.192109	26.192109	2
26.633288	26.633288	3
27.074467	27.074467	4
27.515646	27.515646	1
27.956825	27.956825	2
28.398005	28.398005	3
28.839184	28.839184	4
29.268753	29.268753	1
29.709932	29.709932	2
30.151111	30.151111	3
30.592290	30.592290	4
31.033469	31.033469	1
31.474649	31.474649	2
31.915828	31.915828	3
32.357007	32.357007	4
32.798186	32.798186	1
33.239365	33.239365	2
33.680544	33.680544	3
34.121723	34.121723	4
34.551293	34.551293	1
34.992472	34.992472	2
35.433651	35.433651	3
35.874830	35.874830	4
36.316009	36.316009	1
36.757188	36.757188	2
37.198367	37.198367	3
37.639546	37.639546	4
38.069116	38.069116	1
38.510295	38.510295	2
38.951474	38.951474	3
39.392653	39.392653	4
39.833832	39.833832	1
40.275011	40.275011	2
40.716190	40.716190	3
41.157370	41.157370	4
41.598549	41.598549	1
42.039728	42.039728	2
42.480907	42.480907	3
42.922086	42.922086	4
43.363265	43.363265	1
43.792834	43.792834	2
44.234014	44.234014	3
44.675193	44.675193	4
45.116372	45.116372	1
45.557551	45.557551	2
45.998730	45.998730	3
46.439909	46.439909	4
46.881088	46.881088	1
47.310658	47.310658	2
47.751837	47.751837	3
48.193016	48.193016	4
48.634195	48.634195	1
49.075374	49.075374	2
49.516553	49.516553	3
49.957732	49.957732	4
50.398912	50.398912	1
50.840091	50.840091	2
51.269660	51.269660	3
51.710839	51.710839	4
52.152018	52.152018	1
52.593197	52.593197	2
53.034376	53.034376	3
53.475556	53.475556	4
53.916735	53.916735	1
54.357914	54.357914	2
54.799093	54.799093	3
55.240272	55.240272	4
55.669841	55.669841	1
56.111020	56.111020	2
56.552200	56.552200	3
56.993379	56.993379	4
57.434558	57.434558	1
57.875737	57.875737	2
58.316916	58.316916	3
58.758095	58.758095	4
59.199274	59.199274	1
59.640454	59.640454	2
60.070023	60.070023	3
60.511202	60.511202	4
60.952381	60.952381	1
61.393560	61.393560	2
61.834739	61.834739	3
62.275918	62.275918	4
62.717098	62.717098	1
63.158277	63.158277	2
63.587846	63.587846	3
64.029025	64.029025	4
64.470204	64.470204	1
64.911383	64.911383	2
65.352562	65.352562	3
65.793741	65.793741	4
66.234921	66.234921	1
66.676100	66.676100	2
67.117279	67.117279	3
67.558458	67.558458	4
67.999637	67.999637	1
68.429206	68.429206	2
68.870385	68.870385	3
69.311565	69.311565	4
69.752744	69.752744	1
70.193923	70.193923	2
70.635102	70.635102	3
71.076281	71.076281	4
71.517460	71.517460	1
71.947029	71.947029	2
72.388209	72.388209	3
72.829388	72.829388	4
73.270567	73.270567	1
73.711746	73.711746	2
74.152925	74.152925	3
74.594104	74.594104	4
75.035283	75.035283	1
75.476463	75.476463	2
75.917642	75.917642	3
76.358821	76.358821	4
76.800000	76.800000	1
77.229569	77.229569	2
77.670748	77.670748	3
78.111927	78.111927	4
78.553107	78.553107	1
78.994286	78.994286	2
79.435465	79.435465	3
79.876644	79.876644	4
80.317823	80.317823	1
80.759002	80.759002	2
81.200181	81.200181	3
81.629751	81.629751	4
82.070930	82.070930	1
82.512109	82.512109	2
82.953288	82.953288	3
83.394467	83.394467	4
83.835646	83.835646	1
84.265215	84.265215	2
84.718005	84.718005	3
85.159184	85.159184	4
85.600363	85.600363	1
86.041542	86.041542	2
86.471111	86.471111	3
86.900680	86.900680	4
87.330249	87.330249	1
87.678549	87.678549	2
88.026848	88.026848	3
88.375147	88.375147	4
88.723447	88.723447	1
89.071746	89.071746	2
89.501315	89.501315	3
89.919274	89.919274	4
90.337234	90.337234	1
90.755193	90.755193	2
91.173152	91.173152	3
91.602721	91.602721	4
92.032290	92.032290	1
92.461859	92.461859	2
92.891429	92.891429	3
93.320998	93.320998	4
93.750567	93.750567	1
94.191746	94.191746	2
94.621315	94.621315	3
95.039274	95.039274	4
95.468844	95.468844	1
95.921633	95.921633	2
96.374422	96.374422	3
96.815601	96.815601	4
97.256780	97.256780	1
97.697959	97.697959	2
98.139138	98.139138	3
98.580317	98.580317	4
99.021497	99.021497	1
99.485896	99.485896	2
99.927075	99.927075	3
100.368254	100.368254	4
100.809433	100.809433	1
101.239002	101.239002	2
101.668571	101.668571	3
102.098141	102.098141	4
102.539320	102.539320	1
102.980499	102.980499	2
103.421678	103.421678	3
103.862857	103.862857	4
104.304036	104.304036	1
104.733605	104.733605	2
105.174785	105.174785	3
105.615964	105.615964	4
106.057143	106.057143	1
106.498322	106.498322	2
106.939501	106.939501	3
107.380680	107.380680	4
107.810249	107.810249	1
108.251429	108.251429	2
108.692608	108.692608	3
109.133787	109.133787	4
109.574966	109.574966	1
110.004535	110.004535	2
110.445714	110.445714	3
110.886893	110.886893	4
111.328073	111.328073	1
111.769252	111.769252	2
112.210431	112.210431	3
112.651610	112.651610	4
113.104399	113.104399	1
113.533968	113.533968	2
113.975147	113.975147	3
114.416327	114.416327	4
114.961995	114.961995	1
115.507664	115.507664	2
116.053333	116.053333	3
116.610612	116.610612	4
117.156281	117.156281	1
117.701950	117.701950	2
118.259229	118.259229	3
118.816508	118.816508	4
119.362177	119.362177	1
119.907846	119.907846	2
120.453515	120.453515	3
121.010794	121.010794	4
121.568073	121.568073	1
122.009252	122.009252	2
122.438821	122.438821	3
122.880000	122.880000	4
123.309569	123.309569	1
123.750748	123.750748	2
124.191927	124.191927	3
124.633107	124.633107	4
125.074286	125.074286	1
125.515465	125.515465	2
125.945034	125.945034	3
126.397823	126.397823	4
126.839002	126.839002	1
127.280181	127.280181	2
127.814240	127.814240	3
128.371519	128.371519	4
128.917188	128.917188	1
129.462857	129.462857	2
130.020136	130.020136	3
130.577415	130.577415	4
131.134694	131.134694	1
131.680363	131.680363	2
132.226032	132.226032	3
132.771701	132.771701	4
133.328980	133.328980	1
133.886259	133.886259	2
134.431927	134.431927	3
134.977596	134.977596	4
135.523265	135.523265	1
136.080544	136.080544	2
136.626213	136.626213	3
137.171882	137.171882	4
137.729161	137.729161	1
138.274830	138.274830	2
138.820499	138.820499	3
139.377778	139.377778	4
139.923447	139.923447	1
140.480726	140.480726	2
141.026395	141.026395	3
141.572063	141.572063	4
142.129342	142.129342	1
142.675011	142.675011	2
143.220680	143.220680	3
143.777959	143.777959	4
144.323628	144.323628	1
144.869297	144.869297	2
145.426576	145.426576	3
145.867755	145.867755	4
146.308934	146.308934	1
146.750113	146.750113	2
147.191293	147.191293	3
147.620862	147.620862	4
148.062041	148.062041	1
148.503220	148.503220	2
148.944399	148.944399	3
149.385578	149.385578	4
149.826757	149.826757	1
150.267937	150.267937	2
150.709116	150.709116	3
151.150295	151.150295	4
151.579864	151.579864	1
152.021043	152.021043	2
152.462222	152.462222	3
152.903401	152.903401	4
153.344580	153.344580	1
153.785760	153.785760	2
154.226939	154.226939	3
154.668118	154.668118	4
155.109297	155.109297	1
155.550476	155.550476	2
155.991655	155.991655	3
156.432834	156.432834	4
156.862404	156.862404	1
157.303583	157.303583	2
157.744762	157.744762	3
158.185941	158.185941	4
158.627120	158.627120	1
159.068299	159.068299	2
159.509478	159.509478	3
159.950658	159.950658	4
160.380227	160.380227	1
160.821406	160.821406	2
161.262585	161.262585	3
161.703764	161.703764	4
162.144943	162.144943	1
162.586122	162.586122	2
163.027302	163.027302	3
163.468481	163.468481	4
163.909660	163.909660	1
164.339229	164.339229	2
164.780408	164.780408	3
165.221587	165.221587	4
165.662766	165.662766	1
166.103946	166.103946	2
166.545125	166.545125	3
166.986304	166.986304	4
167.427483	167.427483	1
167.868662	167.868662	2
168.309841	168.309841	3
168.739410	168.739410	4
169.180590	169.180590	1
169.621769	169.621769	2
170.062948	170.062948	3
170.504127	170.504127	4
170.945306	170.945306	1
171.386485	171.386485	2
171.827664	171.827664	3
172.268844	172.268844	4
172.698413	172.698413	1
173.139592	173.139592	2
173.580771	173.580771	3
174.021950	174.021950	4
174.463129	174.463129	1
174.904308	174.904308	2
175.345488	175.345488	3
175.786667	175.786667	4
176.227846	176.227846	1
176.669025	176.669025	2
177.110204	177.110204	3
177.551383	177.551383	4
177.980952	177.980952	1
178.422132	178.422132	2
178.863311	178.863311	3
179.304490	179.304490	4
179.745669	179.745669	1
180.186848	180.186848	2
180.628027	180.628027	3
181.069206	181.069206	4
181.498776	181.498776	1
181.939955	181.939955	2
182.381134	182.381134	3
182.822313	182.822313	4
183.263492	183.263492	1
183.704671	183.704671	2
184.145850	184.145850	3
184.587029	184.587029	4
185.028209	185.028209	1
185.469388	185.469388	2
185.910567	185.910567	3
186.340136	186.340136	4
186.781315	186.781315	1
187.222494	187.222494	2
187.663673	187.663673	3
188.104853	188.104853	4
188.546032	188.546032	1
188.987211	188.987211	2
189.428390	189.428390	3
189.869569	189.869569	4
190.310748	190.310748	1
190.751927	190.751927	2
191.181497	191.181497	3
191.622676	191.622676	4
192.063855	192.063855	1
192.505034	192.505034	2
192.946213	192.946213	3
193.387392	193.387392	4
193.816961	193.816961	1
194.258141	194.258141	2
194.699320	194.699320	3
195.140499	195.140499	4
195.581678	195.581678	1
196.022857	196.022857	2
196.464036	196.464036	3
196.905215	196.905215	4
197.346395	197.346395	1
197.775964	197.775964	2
198.217143	198.217143	3
198.658322	198.658322	4
199.099501	199.099501	1
199.540680	199.540680	2
199.981859	199.981859	3
200.423039	200.423039	4
200.864218	200.864218	1
201.305397	201.305397	2
201.746576	201.746576	3
202.176145	202.176145	4
202.617324	202.617324	1
203.058503	203.058503	2
203.499683	203.499683	3
203.940862	203.940862	4
204.382041	204.382041	1
204.823220	204.823220	2
205.264399	205.264399	3
205.705578	205.705578	4
206.146757	206.146757	1
206.587937	206.587937	2
207.017506	207.017506	3
207.458685	207.458685	4
207.899864	207.899864	1
208.341043	208.341043	2
208.782222	208.782222	3
209.223401	209.223401	4
209.664580	209.664580	1
210.105760	210.105760	2
210.535329	210.535329	3
210.976508	210.976508	4
211.417687	211.417687	1
211.858866	211.858866	2
212.300045	212.300045	3
212.741224	212.741224	4
213.182404	213.182404	1
213.623583	213.623583	2
214.064762	214.064762	3
214.505941	214.505941	4
214.935510	214.935510	1
215.376689	215.376689	2
215.817868	215.817868	3
216.259048	216.259048	4
216.700227	216.700227	1
217.141406	217.141406	2
217.582585	217.582585	3
218.023764	218.023764	4
218.464943	218.464943	1
218.906122	218.906122	2
219.347302	219.347302	3
219.800091	219.800091	4
220.218050	220.218050	1
220.636009	220.636009	2
221.053968	221.053968	3
221.471927	221.471927	4
221.889887	221.889887	1
222.307846	222.307846	2
222.725805	222.725805	3
223.143764	223.143764	4
223.561723	223.561723	1
223.979683	223.979683	2
224.397642	224.397642	3
224.815601	224.815601	4
225.233560	225.233560	1
225.651519	225.651519	2
226.069478	226.069478	3
226.487438	226.487438	4
226.905397	226.905397	1
227.323356	227.323356	2
