2.140000	2.210000	48.000
2.260000	2.660000	87.000
2.260000	2.660000	40.000
2.710000	2.860000	87.000
2.910000	3.020000	87.000
3.070000	3.230000	87.000
3.280000	3.500000	87.000
3.550000	4.310000	87.000
3.550000	4.310000	78.000
3.550000	4.310000	73.000
3.550000	4.310000	70.000
4.360000	4.640000	87.000
4.690000	4.760000	87.000
4.690000	4.760000	61.000
4.810000	5.500000	87.000
4.900000	5.500000	70.000
4.900000	5.500000	66.000
4.900000	5.500000	63.000
5.550000	6.380000	70.000
5.550000	6.380000	66.000
5.550000	6.060000	87.000
5.550000	6.060000	63.000
6.110000	6.600000	63.000
6.110000	6.380000	87.000
6.430000	8.140000	75.000
6.430000	6.600000	87.000
6.430000	6.600000	71.000
6.430000	6.600000	68.000
6.650000	8.690000	87.000
6.650000	8.140000	82.000
6.650000	6.930000	70.000
6.650000	6.930000	66.000
6.650000	6.930000	63.000
6.980000	7.580000	70.000
6.980000	7.480000	66.000
6.980000	7.260000	63.000
7.310000	7.480000	63.000
7.530000	8.140000	63.000
7.530000	7.580000	66.000
7.630000	7.820000	70.000
7.630000	7.820000	66.000
7.870000	8.360000	66.000
7.870000	8.140000	70.000
8.190000	9.890000	75.000
8.190000	8.360000	71.000
8.190000	8.360000	68.000
8.410000	8.690000	70.000
8.410000	8.690000	66.000
8.410000	8.690000	63.000
8.740000	9.020000	70.000
8.740000	8.850000	66.000
8.740000	8.850000	63.000
8.900000	9.310000	78.000
8.900000	9.020000	66.000
8.900000	9.020000	63.000
9.070000	9.350000	66.000
9.070000	9.240000	70.000
9.070000	9.240000	63.000
9.290000	9.350000	70.000
9.290000	9.310000	63.000
9.400000	9.570000	70.000
9.400000	9.570000	66.000
9.400000	9.570000	63.000
9.620000	10.120000	63.000
9.620000	9.890000	70.000
9.620000	9.890000	66.000
9.940000	10.120000	75.000
9.940000	10.120000	71.000
9.940000	10.120000	66.000
10.170000	10.440000	75.000
10.170000	10.440000	71.000
10.170000	10.440000	66.000
10.490000	10.770000	75.000
10.490000	10.770000	71.000
10.490000	10.770000	66.000
10.820000	11.010000	73.000
10.820000	11.010000	70.000
10.820000	11.010000	66.000
11.060000	11.660000	66.000
11.060000	11.320000	73.000
11.060000	11.320000	70.000
11.370000	11.880000	73.000
11.370000	11.660000	85.000
11.370000	11.660000	70.000
11.710000	11.880000	68.000
11.710000	11.880000	65.000
11.710000	11.880000	61.000
11.930000	12.200000	70.000
11.930000	12.200000	66.000
11.930000	12.200000	63.000
12.250000	12.540000	70.000
12.250000	12.540000	66.000
12.250000	12.540000	63.000
12.590000	13.420000	78.000
12.590000	13.140000	63.000
12.590000	12.760000	70.000
12.590000	12.760000	66.000
12.810000	13.140000	66.000
12.810000	13.090000	70.000
13.190000	13.630000	66.000
13.190000	13.630000	63.000
13.190000	13.420000	70.000
13.470000	14.950000	75.000
13.470000	13.630000	71.000
13.470000	13.630000	68.000
13.680000	14.950000	78.000
13.680000	13.970000	70.000
13.680000	13.970000	66.000
13.680000	13.970000	63.000
14.020000	14.300000	70.000
14.020000	14.300000	66.000
14.020000	14.300000	63.000
14.350000	14.850000	70.000
14.350000	14.850000	63.000
14.350000	14.520000	66.000
14.570000	14.850000	66.000
14.900000	15.160000	70.000
14.900000	14.950000	66.000
14.900000	14.950000	63.000
15.000000	15.160000	66.000
15.290000	15.390000	68.000
15.880000	16.070000	70.000
15.880000	16.070000	66.000
15.880000	16.070000	63.000
16.120000	16.290000	70.000
16.120000	16.290000	66.000
16.120000	16.290000	63.000
16.340000	16.710000	66.000
16.340000	16.490000	70.000
16.340000	16.490000	63.000
16.540000	16.710000	70.000
16.540000	16.590000	63.000
16.640000	16.710000	63.000
16.760000	16.930000	70.000
16.760000	16.930000	66.000
16.760000	16.930000	63.000
16.980000	17.220000	75.000
16.980000	17.220000	66.000
17.100000	17.220000	71.000
17.270000	17.490000	75.000
17.270000	17.490000	71.000
17.270000	17.490000	66.000
17.540000	17.930000	75.000
17.540000	17.810000	71.000
17.540000	17.810000	66.000
17.860000	18.140000	73.000
17.860000	18.040000	70.000
17.860000	17.930000	66.000
17.980000	18.040000	66.000
18.090000	18.250000	70.000
18.090000	18.140000	66.000
18.190000	18.470000	73.000
18.190000	18.250000	78.000
18.190000	18.250000	66.000
18.300000	18.700000	70.000
18.300000	18.470000	78.000
18.300000	18.360000	66.000
18.410000	18.700000	66.000
18.520000	19.020000	73.000
18.520000	18.910000	80.000
18.750000	19.020000	61.000
18.750000	18.910000	68.000
18.750000	18.910000	65.000
18.960000	19.020000	70.000
19.070000	19.240000	66.000
19.070000	19.130000	70.000
19.180000	19.350000	63.000
19.180000	19.240000	70.000
19.290000	19.350000	70.000
19.400000	19.580000	70.000
19.400000	19.580000	63.000
19.630000	20.230000	70.000
19.630000	19.800000	63.000
19.630000	19.690000	66.000
19.740000	19.910000	66.000
19.850000	20.000000	63.000
19.960000	20.130000	66.000
20.050000	20.230000	63.000
20.180000	20.230000	66.000
20.280000	20.450000	70.000
20.280000	20.340000	66.000
20.280000	20.340000	63.000
20.390000	20.670000	63.000
20.390000	20.450000	66.000
20.500000	20.780000	71.000
20.500000	20.670000	68.000
20.610000	20.670000	66.000
20.720000	21.110000	66.000
20.720000	20.780000	63.000
20.830000	21.010000	70.000
20.830000	20.890000	63.000
20.940000	21.110000	63.000
21.060000	21.110000	70.000
21.160000	21.550000	70.000
21.160000	21.440000	66.000
21.160000	21.340000	63.000
21.390000	21.670000	63.000
21.490000	21.880000	66.000
21.600000	22.210000	70.000
21.720000	21.880000	63.000
21.930000	22.210000	63.000
21.930000	22.100000	66.000
22.150000	22.210000	66.000
22.260000	22.430000	75.000
22.260000	22.430000	66.000
22.920000	23.530000	70.000
23.150000	23.210000	63.000
23.260000	23.310000	63.000
23.360000	23.640000	63.000
23.580000	23.640000	70.000
23.690000	23.970000	63.000
23.690000	23.750000	70.000
23.690000	23.750000	66.000
23.800000	24.190000	70.000
23.800000	23.870000	66.000
24.020000	24.080000	66.000
24.020000	24.080000	63.000
24.130000	24.410000	63.000
24.130000	24.190000	66.000
24.240000	24.300000	70.000
24.350000	24.410000	70.000
24.350000	24.410000	66.000
24.460000	24.630000	63.000
24.460000	24.520000	70.000
24.460000	24.520000	66.000
24.570000	24.630000	70.000
24.680000	25.070000	70.000
24.790000	24.850000	63.000
24.900000	25.290000	66.000
24.900000	25.290000	63.000
25.120000	25.180000	70.000
25.230000	25.290000	70.000
25.340000	25.400000	70.000
25.340000	25.400000	63.000
25.450000	25.510000	70.000
25.450000	25.510000	63.000
25.560000	25.950000	63.000
25.560000	25.730000	70.000
25.780000	26.170000	66.000
25.780000	26.060000	70.000
26.000000	26.170000	63.000
26.110000	26.170000	70.000
26.220000	26.280000	70.000
26.220000	26.280000	63.000
26.330000	26.830000	63.000
26.330000	26.390000	70.000
26.330000	26.390000	66.000
26.440000	26.500000	70.000
26.550000	26.720000	66.000
26.550000	26.610000	70.000
26.660000	26.720000	70.000
26.770000	26.940000	66.000
26.770000	26.830000	70.000
26.880000	27.050000	63.000
26.880000	26.940000	70.000
26.990000	27.050000	70.000
27.100000	27.160000	70.000
27.210000	27.270000	70.000
27.320000	27.490000	66.000
27.320000	27.380000	70.000
27.430000	27.490000	70.000
27.540000	27.820000	66.000
27.540000	27.600000	70.000
27.650000	27.710000	70.000
27.760000	28.810000	70.000
27.760000	27.820000	63.000
27.870000	28.370000	63.000
27.870000	28.150000	66.000
29.190000	29.310000	37.000
29.960000	30.790000	70.000
30.180000	30.460000	58.000
30.290000	30.350000	39.000
30.620000	30.790000	58.000
30.840000	31.010000	70.000
31.060000	31.230000	63.000
31.170000	31.230000	44.000
31.500000	31.670000	63.000
31.610000	31.890000	44.000
31.720000	32.770000	66.000
31.720000	31.890000	75.000
32.040000	32.110000	42.000
32.490000	32.770000	42.000
32.490000	32.550000	73.000
32.600000	32.880000	73.000
32.820000	32.990000	68.000
32.820000	32.880000	37.000
32.930000	32.990000	37.000
33.260000	33.310000	39.000
33.360000	33.430000	39.000
33.480000	34.310000	70.000
33.810000	33.980000	39.000
34.140000	34.530000	58.000
34.360000	34.530000	70.000
34.360000	34.530000	39.000
34.580000	34.970000	63.000
34.690000	34.750000	44.000
35.020000	35.190000	58.000
35.140000	35.190000	70.000
35.140000	35.190000	39.000
35.240000	36.060000	70.000
35.460000	36.290000	63.000
35.460000	35.630000	58.000
35.900000	36.060000	58.000
36.110000	36.290000	70.000
36.110000	36.290000	39.000
36.890000	36.950000	39.000
37.000000	37.830000	70.000
37.220000	37.390000	58.000
37.330000	37.390000	39.000
37.880000	38.050000	70.000
38.100000	38.270000	63.000
38.210000	38.270000	44.000
38.540000	38.760000	63.000
38.650000	38.760000	44.000
38.810000	38.930000	75.000
38.980000	39.150000	61.000
39.090000	39.150000	42.000
39.310000	39.810000	66.000
39.530000	39.810000	42.000
39.640000	40.140000	73.000
39.970000	40.030000	68.000
39.970000	40.030000	37.000
40.080000	40.140000	56.000
40.410000	40.470000	39.000
40.520000	41.020000	70.000
40.520000	40.800000	63.000
40.520000	40.690000	66.000
40.740000	41.020000	58.000
41.070000	41.340000	70.000
41.070000	41.130000	66.000
41.180000	41.340000	58.000
41.290000	41.340000	39.000
41.390000	41.570000	70.000
41.620000	42.670000	63.000
41.620000	41.680000	68.000
41.730000	41.900000	44.000
42.060000	42.230000	58.000
42.180000	42.230000	39.000
42.280000	43.110000	70.000
42.940000	42.990000	58.000
43.040000	43.110000	58.000
43.160000	43.330000	70.000
43.820000	43.990000	58.000
43.930000	43.990000	39.000
44.040000	44.860000	70.000
44.260000	44.540000	58.000
44.700000	44.860000	58.000
44.910000	45.090000	70.000
45.140000	45.310000	63.000
45.250000	45.310000	44.000
45.690000	45.970000	44.000
45.690000	45.740000	75.000
45.790000	45.970000	75.000
46.130000	46.190000	42.000
46.350000	46.620000	73.000
46.460000	46.620000	61.000
46.570000	46.620000	42.000
46.670000	46.850000	73.000
46.900000	47.060000	61.000
46.900000	46.960000	68.000
47.010000	47.060000	68.000
47.010000	47.060000	37.000
47.340000	47.500000	58.000
47.450000	47.500000	39.000
47.550000	48.380000	70.000
48.110000	48.280000	63.000
48.220000	48.380000	58.000
48.430000	48.610000	70.000
48.430000	48.610000	39.000
48.660000	50.150000	63.000
48.770000	48.830000	44.000
49.100000	49.270000	58.000
49.220000	49.270000	39.000
49.320000	49.490000	70.000
49.320000	49.490000	66.000
49.540000	50.150000	70.000
49.980000	50.150000	58.000
50.200000	50.360000	70.000
50.200000	50.360000	39.000
51.070000	51.900000	70.000
51.070000	51.250000	39.000
51.300000	51.580000	63.000
51.300000	51.460000	58.000
51.410000	51.460000	39.000
51.630000	52.120000	63.000
51.630000	51.690000	66.000
51.740000	51.900000	58.000
51.950000	52.120000	70.000
51.950000	52.120000	39.000
52.170000	52.400000	63.000
52.290000	52.400000	44.000
52.620000	52.780000	63.000
52.730000	52.780000	44.000
52.830000	53.010000	75.000
53.060000	53.220000	66.000
53.170000	53.220000	42.000
53.610000	53.890000	42.000
53.610000	53.660000	73.000
53.710000	53.890000	73.000
53.940000	54.100000	68.000
54.050000	54.100000	37.000
54.380000	54.540000	58.000
54.590000	55.420000	70.000
54.820000	54.980000	58.000
55.260000	55.420000	58.000
55.370000	55.420000	39.000
55.470000	55.650000	70.000
55.700000	55.760000	75.000
55.810000	55.860000	75.000
55.810000	55.860000	44.000
56.140000	56.300000	58.000
56.250000	56.300000	39.000
56.350000	56.860000	70.000
56.690000	56.740000	58.000
56.910000	57.180000	70.000
57.020000	57.180000	58.000
57.230000	57.520000	63.000
57.230000	57.400000	70.000
57.900000	58.070000	70.000
57.900000	58.070000	39.000
58.120000	58.730000	70.000
58.340000	58.500000	58.000
58.780000	58.940000	70.000
58.780000	58.940000	39.000
58.990000	59.170000	70.000
59.220000	59.380000	80.000
59.220000	59.380000	73.000
59.660000	60.050000	58.000
59.770000	62.250000	63.000
59.770000	59.820000	70.000
59.870000	60.490000	70.000
60.100000	60.370000	58.000
60.540000	60.700000	70.000
60.540000	60.700000	39.000
60.750000	60.930000	73.000
60.980000	61.140000	73.000
60.980000	61.140000	37.000
61.420000	61.580000	70.000
61.420000	61.580000	39.000
61.630000	62.140000	70.000
61.860000	62.020000	58.000
62.190000	62.250000	70.000
62.300000	62.460000	70.000
62.300000	62.460000	39.000
62.510000	63.130000	70.000
63.390000	63.560000	75.000
63.610000	64.430000	63.000
63.730000	63.890000	39.000
64.060000	64.230000	73.000
64.280000	64.560000	66.000
64.280000	64.430000	73.000
64.280000	64.430000	39.000
64.610000	64.670000	68.000
64.940000	65.100000	58.000
65.150000	65.430000	70.000
65.150000	65.330000	39.000
65.480000	65.890000	70.000
65.820000	65.980000	58.000
65.940000	65.980000	70.000
66.030000	66.210000	70.000
66.260000	66.420000	73.000
66.260000	66.420000	39.000
66.700000	66.860000	70.000
66.910000	67.080000	70.000
66.910000	67.080000	39.000
67.130000	67.650000	70.000
67.580000	67.740000	58.000
67.700000	67.970000	70.000
67.790000	68.180000	66.000
67.790000	67.970000	73.000
67.790000	67.970000	39.000
68.020000	68.410000	70.000
68.020000	68.180000	73.000
68.020000	68.180000	37.000
68.460000	68.850000	39.000
68.460000	68.620000	77.000
68.460000	68.620000	70.000
68.670000	68.960000	70.000
69.010000	69.410000	70.000
69.220000	70.600000	63.000
69.340000	69.500000	58.000
69.460000	69.500000	70.000
69.550000	70.720000	70.000
69.550000	69.720000	39.000
70.210000	70.380000	75.000
70.210000	70.380000	39.000
70.430000	70.600000	75.000
70.980000	71.480000	63.000
71.100000	71.260000	73.000
71.200000	71.260000	39.000
71.310000	71.480000	73.000
71.980000	72.140000	70.000
71.980000	72.140000	39.000
72.190000	72.680000	70.000
72.420000	72.580000	58.000
72.730000	72.810000	70.000
72.860000	73.020000	70.000
72.970000	73.020000	39.000
73.070000	73.460000	73.000
73.730000	73.900000	70.000
73.850000	74.240000	66.000
73.950000	74.570000	70.000
74.510000	74.570000	66.000
74.620000	74.780000	70.000
74.830000	75.010000	73.000
74.830000	75.010000	39.000
75.060000	75.220000	73.000
75.060000	75.220000	37.000
75.500000	75.660000	58.000
75.710000	76.450000	70.000
75.940000	76.100000	58.000
76.380000	76.540000	58.000
76.500000	76.540000	70.000
76.590000	76.980000	73.000
76.590000	76.770000	66.000
77.470000	78.090000	70.000
77.700000	77.760000	66.000
78.140000	78.520000	70.000
78.230000	78.300000	39.000
79.230000	79.410000	73.000
79.460000	79.620000	73.000
79.570000	79.620000	39.000
79.900000	80.400000	70.000
80.340000	80.610000	73.000
80.450000	80.500000	39.000
81.660000	81.820000	70.000
82.210000	82.260000	37.000
82.540000	82.700000	73.000
84.510000	84.570000	58.000
85.500000	85.570000	47.000
85.500000	85.570000	31.000
85.730000	85.790000	37.000
86.140000	86.280000	57.000
86.140000	86.280000	30.000
86.600000	86.660000	29.000
86.710000	87.040000	87.000
86.710000	86.920000	58.000
86.710000	86.920000	43.000
86.710000	86.920000	36.000
86.710000	86.920000	32.000
87.090000	87.350000	87.000
87.400000	87.590000	87.000
87.400000	87.590000	43.000
87.400000	87.590000	33.000
87.640000	88.430000	87.000
87.640000	88.430000	78.000
87.640000	88.430000	47.000
88.480000	88.750000	87.000
88.800000	89.120000	87.000
89.170000	89.590000	68.000
89.170000	89.320000	65.000
89.170000	89.320000	61.000
89.170000	89.240000	87.000
89.290000	89.590000	87.000
89.370000	89.670000	66.000
89.370000	89.670000	63.000
89.370000	89.590000	70.000
89.640000	90.180000	87.000
89.720000	90.180000	70.000
89.720000	90.180000	66.000
89.720000	90.070000	63.000
90.120000	90.860000	78.000
90.120000	90.550000	63.000
90.230000	90.860000	70.000
90.230000	90.550000	87.000
90.230000	90.550000	66.000
90.600000	91.080000	63.000
90.600000	90.860000	87.000
90.600000	90.860000	66.000
90.910000	92.610000	75.000
90.910000	91.080000	87.000
90.910000	91.080000	83.000
90.910000	91.080000	71.000
90.910000	91.080000	68.000
91.130000	92.820000	87.000
91.130000	91.950000	70.000
91.130000	91.410000	66.000
91.130000	91.410000	63.000
91.460000	91.730000	66.000
91.460000	91.730000	63.000
91.780000	91.950000	66.000
91.780000	91.950000	63.000
92.000000	92.610000	66.000
92.000000	92.280000	70.000
92.000000	92.280000	63.000
92.330000	92.820000	63.000
92.330000	92.610000	70.000
92.660000	92.820000	75.000
92.660000	92.820000	71.000
92.660000	92.820000	68.000
93.250000	93.310000	29.000
93.540000	94.580000	63.000
93.540000	94.050000	70.000
93.540000	93.720000	66.000
93.770000	94.050000	66.000
94.100000	94.370000	70.000
94.100000	94.370000	66.000
94.420000	94.580000	75.000
94.420000	94.580000	71.000
94.420000	94.580000	66.000
94.630000	94.880000	43.000
95.680000	95.730000	29.000
96.390000	96.630000	51.000
96.880000	97.240000	70.000
96.880000	97.080000	66.000
96.880000	97.080000	63.000
97.130000	97.240000	66.000
97.130000	97.240000	63.000
97.290000	98.110000	63.000
97.290000	97.570000	70.000
97.290000	97.570000	66.000
97.620000	97.890000	70.000
97.620000	97.890000	66.000
97.940000	98.770000	75.000
97.940000	98.110000	71.000
97.940000	98.110000	68.000
97.940000	98.110000	66.000
98.160000	98.440000	71.000
98.160000	98.440000	70.000
98.160000	98.440000	66.000
98.160000	98.440000	63.000
98.490000	98.980000	70.000
98.490000	98.830000	66.000
98.490000	98.830000	63.000
98.880000	98.980000	66.000
98.880000	98.980000	63.000
99.030000	99.640000	66.000
99.030000	99.320000	70.000
99.030000	99.320000	63.000
99.370000	100.250000	63.000
99.370000	99.640000	70.000
99.690000	100.250000	66.000
99.690000	99.860000	71.000
99.690000	99.860000	68.000
100.300000	100.890000	63.000
100.300000	100.540000	70.000
100.300000	100.540000	66.000
100.590000	101.080000	66.000
100.590000	100.890000	70.000
100.590000	100.750000	27.000
100.800000	100.890000	39.000
100.940000	101.620000	63.000
100.940000	101.080000	70.000
101.130000	101.620000	66.000
101.130000	101.410000	70.000
101.130000	101.250000	27.000
101.300000	101.410000	39.000
101.460000	102.070000	75.000
101.460000	102.070000	71.000
101.460000	101.870000	27.000
101.670000	102.070000	66.000
101.810000	101.960000	39.000
101.920000	101.960000	51.000
102.120000	103.160000	66.000
102.120000	102.510000	27.000
102.120000	102.280000	75.000
102.120000	102.280000	71.000
102.330000	102.510000	73.000
102.330000	102.510000	70.000
102.330000	102.510000	63.000
102.560000	103.380000	73.000
102.560000	102.950000	70.000
102.560000	102.830000	39.000
102.790000	102.950000	27.000
102.880000	103.070000	39.000
102.880000	102.950000	46.000
103.000000	103.160000	70.000
103.210000	103.720000	39.000
103.210000	103.380000	68.000
103.210000	103.380000	65.000
103.210000	103.380000	61.000
103.430000	103.810000	70.000
103.430000	103.810000	66.000
103.430000	103.720000	75.000
103.430000	103.720000	68.000
103.860000	104.260000	70.000
103.860000	104.160000	66.000
103.860000	104.160000	63.000
103.860000	104.050000	27.000
104.100000	104.260000	39.000
104.210000	104.920000	63.000
104.210000	104.600000	51.000
104.210000	104.260000	66.000
104.310000	104.920000	75.000
104.310000	104.920000	70.000
104.310000	104.690000	66.000
104.310000	104.600000	39.000
104.740000	105.160000	51.000
104.740000	104.920000	66.000
104.880000	105.160000	39.000
104.970000	105.700000	75.000
104.970000	105.610000	63.000
104.970000	105.160000	71.000
104.970000	105.160000	68.000
104.970000	105.160000	27.000
105.210000	105.260000	66.000
105.210000	105.260000	51.000
105.310000	105.700000	51.000
105.310000	105.370000	66.000
105.420000	105.480000	66.000
105.530000	105.810000	39.000
105.530000	105.700000	66.000
105.660000	106.240000	63.000
105.750000	106.150000	51.000
105.750000	105.810000	66.000
105.860000	106.240000	39.000
105.860000	105.930000	66.000
105.980000	106.690000	70.000
105.980000	106.030000	66.000
106.080000	106.350000	66.000
106.200000	107.230000	51.000
106.290000	106.350000	63.000
106.290000	106.350000	40.000
106.400000	106.810000	66.000
106.400000	106.570000	63.000
106.540000	106.690000	39.000
106.620000	106.910000	63.000
106.620000	106.690000	27.000
106.740000	106.910000	71.000
106.740000	106.810000	68.000
106.740000	106.810000	39.000
106.860000	106.910000	68.000
106.960000	107.230000	66.000
106.960000	107.230000	63.000
107.100000	108.120000	82.000
107.100000	107.560000	75.000
107.100000	107.370000	39.000
107.280000	108.340000	63.000
107.280000	107.560000	66.000
107.280000	107.370000	27.000
107.420000	107.560000	70.000
107.610000	108.990000	75.000
107.610000	108.450000	70.000
107.610000	108.010000	66.000
107.610000	107.790000	39.000
107.840000	107.920000	39.000
107.970000	108.010000	51.000
108.060000	108.450000	51.000
108.060000	108.120000	66.000
108.170000	108.450000	82.000
108.170000	108.450000	66.000
108.390000	108.450000	63.000
108.500000	109.330000	87.000
108.500000	109.330000	71.000
108.500000	108.990000	66.000
108.500000	108.890000	51.000
109.040000	109.330000	66.000
109.260000	109.330000	39.000
109.380000	110.540000	73.000
109.380000	109.550000	66.000
109.380000	109.550000	51.000
109.600000	109.770000	66.000
109.820000	109.980000	66.000
109.930000	109.980000	51.000
110.030000	110.200000	66.000
110.030000	110.200000	51.000
110.250000	110.430000	68.000
110.250000	110.430000	61.000
110.370000	110.540000	39.000
110.370000	110.430000	65.000
110.480000	110.760000	66.000
110.480000	110.540000	58.000
110.810000	111.630000	51.000
110.810000	110.870000	66.000
110.920000	111.080000	66.000
111.130000	111.210000	66.000
111.130000	111.210000	39.000
111.260000	111.520000	39.000
111.260000	111.310000	66.000
111.360000	111.960000	70.000
111.360000	111.740000	66.000
111.570000	111.690000	39.000
111.790000	111.960000	66.000
111.790000	111.860000	39.000
111.910000	113.500000	63.000
112.010000	112.080000	66.000
112.010000	112.080000	39.000
112.130000	112.290000	39.000
112.230000	112.290000	66.000
112.340000	112.840000	51.000
112.340000	112.510000	66.000
112.560000	112.640000	66.000
112.560000	112.640000	39.000
112.690000	112.840000	66.000
112.780000	112.840000	39.000
112.890000	113.060000	66.000
112.890000	113.060000	51.000
113.110000	113.390000	51.000
113.110000	113.180000	66.000
113.230000	113.500000	75.000
113.230000	113.500000	70.000
113.230000	113.500000	39.000
113.230000	113.390000	66.000
113.440000	113.620000	66.000
113.440000	113.500000	51.000
114.320000	114.440000	51.000
114.660000	115.370000	63.000
114.770000	115.150000	66.000
114.880000	115.280000	51.000
115.090000	115.280000	39.000
115.200000	115.370000	66.000
115.420000	116.030000	63.000
115.420000	115.820000	66.000
115.530000	115.700000	51.000
115.750000	115.930000	51.000
115.870000	116.030000	66.000
115.870000	115.930000	39.000
115.980000	116.480000	51.000
116.080000	116.370000	63.000
116.080000	116.250000	66.000
116.300000	116.480000	66.000
116.420000	117.140000	63.000
116.420000	116.480000	38.000
116.530000	116.910000	66.000
116.530000	116.580000	51.000
116.630000	116.800000	51.000
116.850000	117.030000	51.000
116.960000	117.250000	66.000
116.960000	117.030000	39.000
117.080000	117.250000	73.000
117.190000	117.460000	63.000
117.300000	117.570000	39.000
117.300000	117.460000	75.000
117.300000	117.460000	70.000
117.300000	117.460000	66.000
117.510000	118.120000	63.000
117.510000	117.680000	66.000
117.510000	117.570000	70.000
117.620000	117.900000	70.000
117.620000	117.680000	39.000
117.730000	117.790000	51.000
117.840000	117.900000	51.000
117.950000	118.350000	70.000
117.950000	118.120000	77.000
117.950000	118.120000	39.000
118.170000	118.350000	66.000
118.170000	118.350000	63.000
118.290000	118.800000	51.000
118.400000	121.420000	70.000
118.400000	118.560000	66.000
118.400000	118.460000	63.000
118.510000	119.000000	63.000
118.610000	118.800000	39.000
118.850000	119.000000	51.000
119.050000	119.450000	63.000
119.050000	119.120000	38.000
119.170000	119.450000	51.000
119.270000	119.450000	66.000
119.500000	119.880000	63.000
119.500000	119.550000	66.000
119.600000	119.880000	66.000
119.600000	119.680000	39.000
119.730000	119.770000	51.000
119.820000	120.120000	51.000
119.930000	120.220000	66.000
119.930000	120.120000	63.000
119.930000	120.000000	27.000
120.170000	120.650000	63.000
120.270000	120.330000	51.000
120.380000	120.880000	51.000
120.480000	120.550000	38.000
120.700000	121.100000	63.000
120.700000	120.760000	27.000
120.810000	120.880000	39.000
120.930000	120.980000	51.000
121.470000	122.420000	70.000
121.700000	121.860000	51.000
121.810000	121.860000	39.000
121.910000	122.420000	63.000
122.040000	122.310000	51.000
122.240000	122.740000	66.000
122.240000	122.310000	39.000
122.360000	122.420000	51.000
122.470000	122.520000	39.000
122.570000	123.290000	63.000
122.680000	122.740000	51.000
122.790000	122.860000	66.000
122.790000	122.860000	39.000
122.910000	122.960000	66.000
123.120000	123.290000	66.000
123.120000	123.290000	39.000
123.340000	123.400000	63.000
123.450000	123.730000	63.000
123.450000	123.510000	38.000
123.560000	123.850000	66.000
123.670000	123.850000	51.000
123.780000	124.280000	63.000
123.900000	123.950000	51.000
124.000000	124.190000	51.000
124.110000	124.280000	73.000
124.110000	124.190000	39.000
124.240000	124.390000	51.000
124.330000	124.720000	63.000
124.330000	124.390000	75.000
124.440000	124.500000	75.000
124.440000	124.500000	39.000
124.550000	124.940000	66.000
124.550000	124.610000	75.000
124.550000	124.610000	39.000
124.660000	124.720000	75.000
124.770000	124.830000	75.000
124.880000	125.060000	75.000
124.880000	124.940000	39.000
124.990000	125.060000	63.000
125.110000	125.160000	75.000
125.210000	125.710000	66.000
125.210000	125.710000	63.000
125.210000	125.280000	73.000
125.440000	125.510000	39.000
125.560000	125.600000	51.000
125.760000	126.040000	66.000
125.760000	125.820000	63.000
126.090000	126.260000	66.000
126.090000	126.160000	51.000
126.210000	126.260000	51.000
126.310000	127.030000	66.000
126.310000	126.590000	51.000
126.640000	126.920000	51.000
126.860000	127.030000	39.000
126.970000	127.360000	51.000
127.310000	127.570000	66.000
127.520000	127.570000	63.000
127.620000	127.690000	66.000
128.400000	128.690000	51.000
128.630000	129.440000	70.000
128.630000	128.690000	39.000
128.940000	129.120000	63.000
128.940000	129.020000	38.000
129.390000	129.560000	51.000
129.490000	129.560000	39.000
129.610000	130.110000	51.000
129.610000	129.890000	63.000
129.610000	129.780000	66.000
129.830000	130.000000	39.000
129.830000	129.890000	70.000
129.940000	130.440000	63.000
129.940000	130.000000	70.000
130.050000	130.440000	70.000
130.050000	130.440000	39.000
130.160000	130.560000	51.000
130.270000	130.440000	46.000
130.490000	131.110000	70.000
130.490000	130.790000	63.000
130.610000	130.660000	51.000
130.710000	131.200000	51.000
130.920000	131.110000	39.000
131.040000	131.320000	63.000
131.040000	131.110000	58.000
131.040000	131.110000	27.000
131.250000	131.640000	51.000
131.370000	131.760000	63.000
131.370000	131.640000	58.000
131.370000	131.540000	66.000
131.370000	131.540000	27.000
131.590000	131.760000	70.000
131.590000	131.760000	39.000
131.690000	131.980000	51.000
131.810000	131.870000	70.000
131.920000	131.980000	70.000
131.920000	131.980000	63.000
132.030000	132.970000	70.000
132.030000	132.200000	27.000
132.250000	132.750000	51.000
132.250000	132.640000	66.000
132.250000	132.420000	39.000
132.470000	132.640000	39.000
132.800000	132.970000	63.000
133.190000	133.300000	51.000
133.350000	133.410000	70.000
133.350000	133.410000	39.000
133.460000	133.740000	63.000
133.460000	133.520000	70.000
133.570000	133.740000	70.000
133.570000	133.630000	58.000
133.680000	133.860000	51.000
133.790000	134.780000	70.000
133.790000	133.860000	63.000
134.010000	134.170000	63.000
134.010000	134.070000	51.000
134.120000	134.510000	51.000
134.220000	134.780000	63.000
134.220000	134.300000	40.000
134.560000	134.960000	51.000
134.560000	134.780000	82.000
134.560000	134.780000	39.000
134.890000	135.060000	73.000
134.890000	134.960000	39.000
135.110000	135.620000	63.000
135.110000	135.170000	70.000
135.220000	135.280000	70.000
135.220000	135.280000	39.000
135.330000	135.620000	70.000
135.330000	135.500000	39.000
135.440000	136.270000	51.000
135.670000	135.940000	70.000
135.670000	135.830000	58.000
135.770000	135.940000	39.000
135.880000	136.380000	63.000
135.880000	136.050000	58.000
135.880000	135.940000	27.000
135.990000	136.050000	70.000
135.990000	136.050000	39.000
136.100000	136.160000	70.000
136.210000	136.270000	70.000
136.320000	136.380000	70.000
136.320000	136.380000	39.000
136.430000	136.820000	70.000
136.430000	136.600000	63.000
136.650000	137.040000	63.000
136.650000	136.820000	27.000
136.760000	137.040000	51.000
136.870000	136.920000	70.000
136.870000	136.920000	39.000
136.970000	137.040000	70.000
137.090000	137.270000	70.000
137.200000	137.270000	51.000
137.320000	137.810000	70.000
137.530000	137.700000	51.000
137.750000	137.920000	51.000
137.860000	138.140000	63.000
137.860000	137.920000	70.000
137.970000	138.030000	70.000
138.080000	138.140000	70.000
138.190000	138.910000	70.000
138.190000	138.360000	63.000
138.300000	138.360000	39.000
138.410000	138.690000	63.000
138.520000	139.020000	51.000
138.960000	139.460000	70.000
138.960000	139.020000	39.000
139.070000	139.350000	51.000
139.190000	139.240000	58.000
139.290000	139.350000	39.000
139.400000	139.900000	51.000
139.400000	139.460000	66.000
139.510000	139.570000	70.000
139.510000	139.570000	63.000
139.620000	139.670000	70.000
139.720000	139.790000	70.000
139.840000	140.670000	70.000
139.840000	139.900000	39.000
139.950000	140.020000	51.000
140.070000	140.230000	51.000
140.070000	140.120000	58.000
140.390000	140.560000	51.000
140.390000	140.450000	40.000
140.500000	140.670000	63.000
140.610000	140.670000	39.000
140.720000	140.890000	63.000
140.720000	140.780000	70.000
140.830000	141.440000	70.000
141.160000	141.220000	27.000
141.270000	141.440000	51.000
141.490000	141.660000	70.000
141.710000	142.320000	70.000
141.930000	142.320000	63.000
141.930000	142.000000	27.000
142.050000	142.100000	51.000
142.150000	142.420000	51.000
142.370000	142.420000	70.000
142.470000	143.310000	70.000
142.590000	142.760000	63.000
142.700000	142.760000	39.000
142.810000	142.980000	51.000
143.030000	143.200000	51.000
143.360000	143.420000	70.000
143.470000	143.860000	70.000
143.690000	143.970000	51.000
143.800000	144.080000	66.000
143.910000	144.080000	70.000
143.910000	144.080000	63.000
144.130000	144.520000	70.000
144.240000	144.520000	51.000
144.360000	144.410000	39.000
144.570000	144.960000	70.000
144.570000	144.850000	66.000
144.680000	144.960000	51.000
145.120000	145.400000	51.000
145.450000	145.840000	66.000
145.450000	145.510000	51.000
145.560000	145.620000	51.000
145.670000	146.060000	51.000
145.670000	145.730000	58.000
146.110000	146.170000	51.000
146.440000	146.500000	51.000
146.550000	146.610000	51.000
146.660000	146.720000	51.000
146.880000	147.380000	51.000
147.100000	147.160000	58.000
147.210000	147.270000	58.000
147.320000	147.380000	39.000
148.090000	148.150000	25.000
148.200000	148.260000	51.000
149.520000	149.570000	39.000
149.620000	150.020000	58.000
149.620000	149.800000	40.000
149.960000	150.020000	39.000
150.070000	150.130000	58.000
150.510000	150.670000	70.000
150.510000	150.670000	39.000
150.840000	151.010000	44.000
151.060000	151.120000	44.000
151.280000	151.560000	44.000
151.390000	151.560000	75.000
151.610000	152.110000	66.000
151.720000	151.890000	42.000
151.830000	151.890000	30.000
151.940000	152.000000	42.000
152.050000	152.110000	42.000
152.160000	152.550000	42.000
152.260000	152.660000	80.000
152.260000	152.550000	73.000
152.600000	152.660000	68.000
152.600000	152.660000	37.000
152.710000	152.770000	56.000
152.930000	153.090000	51.000
152.930000	152.990000	58.000
153.040000	153.650000	58.000
153.140000	153.320000	46.000
153.370000	153.420000	39.000
153.470000	153.650000	39.000
153.700000	153.870000	63.000
153.810000	153.870000	51.000
153.920000	154.200000	58.000
154.030000	154.200000	70.000
154.030000	154.200000	39.000
154.250000	154.310000	63.000
154.360000	154.750000	63.000
154.690000	154.750000	39.000
154.800000	154.860000	39.000
154.910000	155.960000	70.000
154.910000	155.080000	66.000
155.130000	155.520000	58.000
155.250000	155.300000	39.000
155.460000	155.520000	39.000
155.570000	155.740000	58.000
155.570000	155.630000	63.000
155.680000	155.740000	63.000
155.790000	155.960000	51.000
156.120000	156.170000	37.000
156.560000	156.950000	39.000
156.670000	157.390000	70.000
157.000000	157.280000	58.000
157.000000	157.060000	66.000
157.220000	157.280000	39.000
157.440000	157.720000	70.000
157.440000	157.490000	39.000
157.770000	157.940000	56.000
157.880000	158.050000	44.000
158.320000	158.600000	44.000
158.420000	158.600000	75.000
158.760000	158.920000	42.000
158.970000	159.150000	42.000
159.090000	159.150000	30.000
159.200000	159.480000	73.000
159.200000	159.260000	42.000
159.310000	159.480000	30.000
159.530000	159.700000	68.000
159.640000	159.700000	37.000
159.970000	160.030000	39.000
160.080000	160.470000	39.000
160.190000	161.020000	70.000
160.410000	160.580000	51.000
160.520000	160.580000	39.000
160.630000	160.800000	63.000
160.960000	161.790000	63.000
160.960000	161.240000	58.000
161.070000	161.240000	70.000
161.070000	161.240000	39.000
161.400000	161.460000	44.000
161.620000	161.790000	51.000
161.620000	161.670000	47.000
161.840000	161.900000	39.000
162.170000	162.240000	58.000
162.610000	162.670000	39.000
162.720000	162.780000	39.000
162.830000	162.990000	77.000
162.830000	162.990000	70.000
163.160000	163.220000	56.000
163.490000	163.560000	39.000
163.610000	163.660000	39.000
163.710000	164.540000	70.000
163.930000	164.540000	58.000
164.480000	164.540000	39.000
164.590000	164.760000	70.000
164.920000	164.980000	44.000
165.360000	165.640000	44.000
165.470000	165.640000	75.000
165.800000	165.860000	42.000
166.020000	166.190000	42.000
166.130000	166.520000	54.000
166.130000	166.300000	61.000
166.240000	166.630000	42.000
166.240000	166.300000	73.000
166.350000	166.630000	73.000
166.570000	166.630000	68.000
166.680000	166.740000	68.000
166.680000	166.740000	37.000
166.900000	166.960000	39.000
167.120000	167.170000	39.000
167.220000	167.400000	51.000
167.450000	168.050000	51.000
167.450000	167.620000	58.000
167.560000	167.620000	39.000
168.000000	168.050000	39.000
168.100000	168.280000	70.000
168.440000	168.550000	44.000
168.770000	168.840000	51.000
168.990000	169.270000	70.000
168.990000	169.160000	39.000
169.320000	169.820000	70.000
169.420000	169.710000	39.000
169.760000	170.030000	39.000
169.870000	170.030000	70.000
170.420000	170.480000	51.000
170.530000	170.920000	58.000
170.640000	171.030000	39.000
170.750000	171.570000	70.000
170.970000	171.250000	58.000
170.970000	171.140000	51.000
171.080000	171.140000	39.000
171.300000	171.570000	51.000
171.410000	171.570000	39.000
171.520000	171.800000	58.000
171.620000	171.800000	70.000
171.620000	171.800000	39.000
171.960000	172.010000	44.000
172.290000	172.680000	63.000
172.290000	172.680000	56.000
172.400000	172.460000	44.000
172.510000	172.680000	75.000
172.510000	172.680000	44.000
172.730000	172.790000	66.000
172.840000	173.000000	42.000
173.050000	173.120000	54.000
173.170000	173.230000	73.000
173.280000	173.770000	73.000
173.280000	173.560000	42.000
173.610000	173.670000	68.000
173.610000	173.670000	42.000
173.720000	173.770000	68.000
173.720000	173.770000	37.000
174.160000	174.210000	39.000
174.370000	174.550000	39.000
174.490000	174.650000	51.000
174.600000	174.650000	39.000
174.930000	175.210000	58.000
175.040000	175.100000	39.000
175.480000	175.590000	44.000
176.800000	176.970000	39.000
177.460000	177.740000	51.000
177.570000	177.740000	39.000
177.890000	178.170000	51.000
178.010000	178.070000	39.000
178.120000	178.170000	39.000
178.340000	178.400000	70.000
178.340000	178.400000	40.000
178.450000	178.840000	39.000
178.450000	178.610000	70.000
179.330000	179.400000	39.000
179.450000	179.830000	39.000
179.650000	179.720000	46.000
179.880000	180.050000	63.000
180.100000	180.810000	63.000
180.210000	180.370000	70.000
180.320000	180.370000	39.000
180.420000	180.810000	73.000
181.090000	181.250000	58.000
181.200000	182.130000	70.000
181.200000	181.250000	39.000
181.300000	181.700000	51.000
181.300000	181.470000	40.000
181.520000	181.590000	39.000
181.640000	181.700000	39.000
182.180000	182.570000	73.000
182.530000	182.570000	39.000
182.620000	183.010000	51.000
182.850000	185.120000	70.000
182.850000	183.010000	77.000
182.850000	183.010000	39.000
183.290000	183.350000	39.000
183.400000	183.450000	39.000
183.500000	183.570000	58.000
183.940000	184.110000	39.000
184.610000	184.770000	58.000
184.930000	185.120000	51.000
186.490000	186.540000	39.000
186.920000	186.980000	39.000
187.800000	187.850000	37.000
188.240000	188.290000	39.000
188.450000	188.520000	39.000
188.680000	188.730000	39.000
189.010000	189.070000	40.000
189.340000	189.400000	39.000
189.670000	189.730000	54.000
190.650000	190.720000	54.000
190.870000	190.940000	39.000
191.860000	191.920000	39.000
192.090000	192.250000	58.000
192.420000	192.480000	39.000
192.640000	192.690000	39.000
192.740000	192.920000	70.000
192.740000	192.920000	40.000
192.970000	193.570000	75.000
193.070000	193.240000	44.000
193.520000	193.800000	44.000
193.620000	193.910000	75.000
193.960000	194.230000	42.000
194.280000	194.350000	42.000
194.400000	194.670000	73.000
194.400000	194.540000	42.000
194.590000	194.670000	54.000
194.720000	194.790000	42.000
194.840000	194.890000	68.000
194.840000	194.890000	37.000
195.170000	195.230000	39.000
195.280000	195.330000	39.000
195.380000	195.770000	51.000
195.380000	195.550000	40.000
195.600000	195.770000	58.000
196.160000	196.210000	39.000
196.260000	196.430000	51.000
196.480000	196.650000	75.000
196.480000	196.550000	39.000
196.600000	196.650000	44.000
196.930000	197.090000	51.000
197.040000	197.090000	39.000
197.140000	198.190000	70.000
197.360000	197.760000	66.000
197.360000	197.430000	39.000
197.480000	197.530000	39.000
197.700000	197.760000	47.000
197.810000	197.860000	58.000
197.910000	198.190000	63.000
197.910000	197.970000	58.000
198.020000	198.190000	58.000
198.690000	198.750000	39.000
198.800000	198.850000	39.000
198.900000	200.280000	63.000
198.900000	199.730000	70.000
199.120000	199.190000	66.000
199.240000	199.290000	39.000
199.450000	199.520000	51.000
199.570000	199.730000	58.000
199.570000	199.730000	51.000
199.680000	199.730000	39.000
199.780000	199.950000	70.000
199.780000	199.950000	40.000
200.000000	200.830000	66.000
200.000000	200.400000	56.000
200.120000	200.510000	75.000
200.120000	200.400000	44.000
200.450000	200.510000	33.000
200.560000	200.830000	44.000
200.560000	200.610000	75.000
200.660000	200.940000	82.000
200.660000	200.830000	75.000
200.880000	201.050000	66.000
200.990000	201.270000	42.000
201.220000	201.270000	54.000
201.320000	201.390000	42.000
201.440000	201.830000	42.000
201.540000	201.720000	73.000
201.770000	201.930000	49.000
201.880000	201.930000	68.000
201.880000	201.930000	37.000
202.090000	202.370000	51.000
202.320000	202.370000	39.000
202.420000	203.150000	63.000
202.420000	202.710000	70.000
202.640000	202.810000	58.000
202.640000	202.810000	51.000
202.760000	202.920000	70.000
202.760000	202.810000	39.000
202.860000	202.920000	58.000
202.970000	203.250000	70.000
203.300000	203.470000	70.000
203.300000	203.470000	39.000
203.520000	203.590000	63.000
203.640000	203.810000	44.000
203.640000	203.690000	75.000
203.860000	204.800000	51.000
203.960000	204.030000	39.000
204.080000	204.130000	39.000
204.180000	205.010000	70.000
204.180000	204.470000	63.000
204.400000	204.690000	58.000
204.520000	204.690000	39.000
204.950000	205.230000	39.000
205.060000	205.230000	70.000
205.400000	205.450000	56.000
205.840000	206.110000	39.000
205.940000	206.770000	70.000
206.160000	206.990000	58.000
206.160000	206.330000	51.000
206.500000	206.550000	39.000
206.600000	206.770000	63.000
206.720000	206.770000	39.000
206.820000	206.990000	70.000
206.820000	206.990000	39.000
207.040000	207.320000	63.000
207.040000	207.110000	40.000
207.160000	207.320000	44.000
207.480000	207.550000	63.000
207.600000	207.650000	44.000
207.700000	207.870000	56.000
208.040000	208.310000	42.000
208.250000	208.760000	54.000
208.360000	208.420000	42.000
208.470000	208.870000	42.000
208.580000	208.870000	73.000
208.580000	208.760000	30.000
208.810000	208.870000	49.000
208.920000	208.970000	68.000
208.920000	208.970000	37.000
209.250000	209.410000	58.000
209.250000	209.410000	51.000
209.360000	209.410000	39.000
209.460000	210.290000	70.000
209.680000	210.290000	51.000
209.800000	209.850000	39.000
209.900000	210.070000	58.000
210.020000	210.070000	66.000
210.020000	210.070000	39.000
210.120000	210.190000	40.000
210.240000	210.290000	39.000
210.340000	210.510000	70.000
210.670000	210.730000	44.000
211.010000	211.610000	51.000
211.010000	211.070000	46.000
211.120000	211.170000	39.000
211.450000	211.510000	40.000
211.560000	211.730000	58.000
212.000000	212.050000	39.000
212.100000	212.270000	70.000
212.440000	212.490000	56.000
212.770000	212.830000	39.000
212.880000	213.050000	39.000
213.650000	213.810000	58.000
213.860000	214.030000	70.000
214.190000	214.250000	44.000
214.640000	214.690000	44.000
215.080000	215.240000	42.000
215.290000	215.350000	43.000
215.400000	215.570000	61.000
215.510000	215.800000	42.000
215.850000	215.910000	68.000
215.960000	216.010000	68.000
215.960000	216.010000	37.000
216.500000	216.560000	63.000
216.730000	217.120000	51.000
216.840000	216.890000	39.000
217.170000	217.330000	51.000
217.280000	217.330000	39.000
217.380000	217.550000	51.000
217.710000	217.770000	44.000
218.150000	218.210000	39.000
218.600000	218.880000	39.000
220.260000	220.500000	36.000
220.550000	220.670000	39.000
220.550000	220.670000	36.000
220.830000	221.180000	34.000
220.830000	221.180000	33.000
221.230000	227.530000	48.000
221.230000	227.530000	40.000
221.230000	227.530000	32.000
221.230000	227.530000	31.000
221.230000	227.530000	30.000
221.230000	227.530000	27.000
221.230000	227.530000	26.000
221.230000	227.530000	25.000
221.230000	227.530000	23.000
221.230000	227.530000	22.000
