0.278639	0.278639	1
1.880816	1.880816	2
3.436553	3.436553	3
5.003900	5.003900	4
6.582857	6.582857	5
8.150204	8.150204	6
9.740771	9.740771	7
11.319728	11.319728	8
12.898685	12.898685	9
14.466032	14.466032	10
16.033379	16.033379	11
17.542676	17.542676	12
19.110023	19.110023	13
20.677370	20.677370	14
22.244717	22.244717	15
23.730794	23.730794	16
25.216871	25.216871	17
26.795828	26.795828	18
28.363175	28.363175	19
29.756372	29.756372	20
30.801270	30.801270	21
31.857778	31.857778	22
32.891066	32.891066	23
33.947574	33.947574	24
34.969252	34.969252	25
36.002540	36.002540	26
37.082268	37.082268	27
38.161995	38.161995	28
39.218503	39.218503	29
40.216961	40.216961	30
41.273469	41.273469	31
42.318367	42.318367	32
43.374875	43.374875	33
44.408163	44.408163	34
45.464671	45.464671	35
46.497959	46.497959	36
47.519637	47.519637	37
49.052154	49.052154	38
50.526621	50.526621	39
52.082358	52.082358	40
53.649705	53.649705	41
55.217052	55.217052	42
56.784399	56.784399	43
58.351746	58.351746	44
59.919093	59.919093	45
61.498050	61.498050	46
63.077007	63.077007	47
64.632744	64.632744	48
66.200091	66.200091	49
67.790658	67.790658	50
69.358005	69.358005	51
70.913741	70.913741	52
72.481088	72.481088	53
74.048435	74.048435	54
75.627392	75.627392	55
77.194739	77.194739	56
78.762086	78.762086	57
80.329433	80.329433	58
81.896780	81.896780	59
83.475737	83.475737	60
85.043084	85.043084	61
86.610431	86.610431	62
88.177778	88.177778	63
89.745125	89.745125	64
91.324082	91.324082	65
92.891429	92.891429	66
94.493605	94.493605	67
96.281542	96.281542	68
98.232018	98.232018	69
100.147664	100.147664	70
102.063311	102.063311	71
103.955737	103.955737	72
105.511474	105.511474	73
107.067211	107.067211	74
108.657778	108.657778	75
110.213515	110.213515	76
111.734422	111.734422	77
113.313379	113.313379	78
114.869116	114.869116	79
116.436463	116.436463	80
118.015420	118.015420	81
119.571156	119.571156	82
121.161723	121.161723	83
122.717460	122.717460	84
124.284807	124.284807	85
125.852154	125.852154	86
127.419501	127.419501	87
128.998458	128.998458	88
130.554195	130.554195	89
132.156372	132.156372	90
133.712109	133.712109	91
135.279456	135.279456	92
136.846803	136.846803	93
138.414150	138.414150	94
139.981497	139.981497	95
141.548844	141.548844	96
143.127800	143.127800	97
144.695147	144.695147	98
146.262494	146.262494	99
147.829841	147.829841	100
149.397188	149.397188	101
150.987755	150.987755	102
152.566712	152.566712	103
154.110839	154.110839	104
155.678186	155.678186	105
157.268753	157.268753	106
158.836100	158.836100	107
160.391837	160.391837	108
161.959184	161.959184	109
163.538141	163.538141	110
165.117098	165.117098	111
166.498685	166.498685	112
167.543583	167.543583	113
168.588481	168.588481	114
169.644989	169.644989	115
170.689887	170.689887	116
171.734785	171.734785	117
172.779683	172.779683	118
173.824580	173.824580	119
174.869478	174.869478	120
175.937596	175.937596	121
176.970884	176.970884	122
178.027392	178.027392	123
179.072290	179.072290	124
180.117188	180.117188	125
181.150476	181.150476	126
182.195374	182.195374	127
183.356372	183.356372	128
184.552200	184.552200	129
185.840907	185.840907	130
187.303764	187.303764	131
188.755011	188.755011	132
190.206259	190.206259	133
191.669116	191.669116	134
