0.370000	0.630000	66.000
0.370000	0.630000	56.000
0.370000	0.630000	35.000
0.680000	0.830000	57.000
0.880000	0.950000	56.000
1.000000	1.350000	56.000
1.000000	1.350000	54.000
1.000000	1.350000	48.000
1.400000	1.640000	85.000
1.400000	1.640000	54.000
1.760000	2.050000	78.000
1.760000	2.050000	58.000
1.760000	2.050000	49.000
1.760000	2.050000	42.000
2.100000	2.210000	73.000
2.100000	2.210000	37.000
2.340000	2.720000	28.000
2.340000	2.640000	75.000
2.340000	2.640000	42.000
2.340000	2.640000	39.000
2.340000	2.640000	35.000
2.770000	3.130000	78.000
2.770000	3.130000	42.000
2.770000	3.130000	32.000
3.180000	3.350000	75.000
3.180000	3.350000	63.000
3.400000	3.810000	69.000
3.400000	3.810000	59.000
3.400000	3.810000	56.000
3.400000	3.810000	42.000
3.400000	3.810000	38.000
3.960000	5.080000	80.000
3.960000	5.080000	73.000
3.960000	5.080000	66.000
3.960000	5.080000	33.000
3.960000	5.080000	30.000
5.250000	5.550000	58.000
5.250000	5.550000	56.000
5.250000	5.550000	31.000
5.600000	5.890000	55.000
5.600000	5.890000	46.000
5.940000	6.390000	70.000
5.940000	6.230000	73.000
5.940000	6.230000	37.000
5.940000	6.230000	30.000
6.280000	6.390000	82.000
6.280000	6.390000	65.000
6.440000	6.870000	58.000
6.440000	6.580000	66.000
6.630000	6.870000	77.000
6.630000	6.870000	70.000
6.630000	6.870000	57.000
6.630000	6.870000	30.000
6.920000	7.530000	68.000
6.920000	7.210000	70.000
6.920000	7.210000	37.000
6.920000	7.210000	30.000
7.290000	7.530000	75.000
7.290000	7.530000	56.000
7.290000	7.390000	30.000
7.580000	7.860000	73.000
7.580000	7.860000	42.000
7.580000	7.860000	35.000
7.580000	7.860000	30.000
7.910000	8.210000	42.000
8.120000	8.210000	54.000
8.260000	8.360000	74.000
8.260000	8.360000	43.000
8.410000	8.860000	68.000
8.410000	8.860000	61.000
8.580000	8.860000	56.000
8.580000	8.860000	37.000
8.910000	9.220000	68.000
8.910000	9.220000	56.000
9.270000	9.500000	69.000
9.270000	9.500000	68.000
9.270000	9.500000	37.000
9.270000	9.500000	30.000
9.270000	9.500000	21.000
9.550000	9.740000	49.000
9.790000	10.040000	66.000
9.790000	9.860000	54.000
9.910000	10.170000	60.000
9.910000	10.040000	53.000
10.090000	10.170000	66.000
10.390000	10.500000	60.000
10.550000	10.850000	66.000
10.760000	11.010000	60.000
10.760000	10.850000	30.000
10.900000	11.010000	44.000
10.900000	11.010000	41.000
10.900000	11.010000	26.000
11.060000	11.170000	69.000
11.060000	11.170000	66.000
11.060000	11.170000	57.000
11.060000	11.170000	30.000
11.220000	11.500000	78.000
11.220000	11.500000	58.000
11.220000	11.500000	57.000
11.220000	11.500000	42.000
11.550000	11.680000	70.000
11.550000	11.680000	58.000
11.730000	12.150000	54.000
11.730000	11.880000	70.000
11.930000	12.070000	57.000
11.930000	12.070000	34.000
12.120000	12.150000	58.000
12.200000	12.680000	42.000
12.200000	12.680000	30.000
12.420000	12.680000	56.000
12.420000	12.680000	26.000
12.860000	13.140000	43.000
12.860000	13.140000	42.000
12.860000	13.140000	30.000
13.190000	13.480000	54.000
13.390000	13.480000	65.000
13.390000	13.480000	30.000
13.530000	13.680000	55.000
13.730000	13.800000	61.000
13.850000	14.320000	57.000
13.850000	14.160000	69.000
13.850000	14.160000	56.000
13.850000	14.160000	49.000
14.210000	14.500000	68.000
14.210000	14.320000	69.000
14.210000	14.320000	38.000
14.550000	14.790000	60.000
14.550000	14.790000	57.000
14.550000	14.790000	56.000
14.550000	14.790000	30.000
14.550000	14.790000	29.000
14.840000	15.020000	56.000
14.840000	15.020000	49.000
15.070000	15.780000	66.000
15.070000	15.290000	58.000
15.070000	15.290000	55.000
15.340000	15.780000	54.000
15.490000	15.780000	58.000
15.490000	15.780000	49.000
15.490000	15.780000	42.000
15.830000	16.150000	42.000
15.830000	16.090000	58.000
16.050000	16.150000	30.000
16.200000	16.310000	58.000
16.360000	16.440000	28.000
16.490000	16.770000	55.000
16.490000	16.770000	54.000
16.490000	16.770000	39.000
16.820000	16.960000	79.000
16.820000	16.960000	74.000
16.820000	16.960000	55.000
17.160000	17.430000	42.000
17.160000	17.280000	35.000
17.330000	17.430000	54.000
17.330000	17.430000	28.000
17.480000	17.630000	39.000
17.680000	17.960000	60.000
17.680000	17.960000	53.000
17.680000	17.960000	28.000
17.680000	17.770000	35.000
17.820000	18.090000	61.000
17.820000	17.960000	65.000
17.820000	17.960000	34.000
18.010000	18.750000	58.000
18.010000	18.090000	49.000
18.140000	18.890000	46.000
18.140000	18.410000	30.000
18.460000	18.750000	34.000
18.800000	18.890000	62.000
18.800000	18.890000	26.000
18.940000	19.080000	51.000
18.940000	19.080000	46.000
19.130000	19.410000	55.000
19.130000	19.410000	54.000
19.510000	19.600000	67.000
19.510000	19.600000	55.000
19.800000	20.070000	39.000
20.120000	20.250000	68.000
20.120000	20.250000	39.000
20.300000	20.410000	76.000
20.460000	21.060000	58.000
20.460000	20.730000	70.000
20.650000	20.730000	42.000
20.780000	21.060000	55.000
20.780000	21.060000	42.000
20.780000	21.060000	39.000
20.780000	21.060000	35.000
21.290000	21.580000	28.000
21.290000	21.360000	58.000
21.410000	21.710000	58.000
21.410000	21.580000	42.000
21.630000	21.710000	70.000
21.760000	22.050000	71.000
21.760000	22.050000	59.000
21.760000	22.050000	32.000
22.100000	22.240000	61.000
22.290000	22.600000	56.000
22.450000	22.600000	68.000
22.450000	22.600000	32.000
22.650000	22.900000	58.000
22.650000	22.900000	54.000
22.950000	23.700000	58.000
22.950000	23.370000	65.000
22.950000	23.230000	70.000
22.950000	23.230000	61.000
22.950000	23.230000	32.000
23.280000	23.700000	61.000
23.420000	23.700000	70.000
23.420000	23.700000	54.000
23.420000	23.700000	49.000
23.750000	24.220000	75.000
23.960000	24.360000	37.000
24.080000	24.220000	68.000
24.080000	24.220000	63.000
24.270000	24.870000	66.000
24.410000	24.870000	73.000
24.410000	24.870000	42.000
24.410000	24.680000	58.000
24.730000	24.870000	61.000
24.730000	24.870000	38.000
24.730000	24.870000	30.000
24.730000	24.870000	23.000
24.920000	25.030000	66.000
24.920000	25.030000	30.000
25.080000	25.350000	68.000
25.080000	25.350000	67.000
25.080000	25.350000	59.000
25.080000	25.350000	56.000
25.580000	26.840000	51.000
25.580000	26.330000	67.000
25.580000	26.000000	61.000
25.580000	25.870000	56.000
26.050000	26.330000	70.000
26.050000	26.330000	55.000
26.050000	26.330000	39.000
26.380000	26.840000	39.000
26.380000	26.840000	27.000
26.380000	26.670000	47.000
26.720000	26.840000	23.000
26.890000	26.990000	54.000
26.890000	26.990000	38.000
27.040000	27.340000	70.000
27.040000	27.340000	44.000
27.040000	27.340000	37.000
27.040000	27.340000	30.000
27.390000	27.550000	73.000
27.730000	28.010000	61.000
27.730000	28.010000	35.000
28.060000	28.350000	75.000
28.060000	28.350000	63.000
28.060000	28.350000	25.000
28.400000	28.700000	57.000
28.400000	28.700000	53.000
28.400000	28.700000	35.000
28.750000	28.890000	33.000
29.080000	29.690000	66.000
29.080000	29.370000	35.000
29.540000	29.690000	54.000
29.740000	30.030000	78.000
29.740000	30.030000	73.000
29.740000	30.030000	66.000
29.740000	30.030000	58.000
30.080000	30.560000	75.000
30.080000	30.560000	71.000
30.080000	30.560000	35.000
30.610000	31.030000	72.000
30.610000	31.030000	39.000
30.610000	31.030000	36.000
31.080000	31.710000	77.000
31.080000	31.710000	73.000
31.080000	31.710000	68.000
31.080000	31.710000	37.000
31.080000	31.710000	26.000
31.080000	31.710000	25.000
31.080000	31.710000	21.000
31.880000	32.110000	83.000
31.880000	32.110000	61.000
31.880000	32.110000	56.000
32.160000	32.580000	54.000
32.460000	33.410000	42.000
32.460000	32.580000	58.000
32.630000	32.760000	58.000
32.810000	32.920000	61.000
32.970000	33.630000	70.000
32.970000	33.410000	68.000
32.970000	33.410000	54.000
33.460000	33.740000	42.000
33.460000	33.630000	58.000
33.460000	33.630000	35.000
33.680000	33.740000	56.000
33.790000	33.930000	68.000
33.790000	33.930000	42.000
33.980000	34.400000	42.000
33.980000	34.080000	55.000
34.130000	34.400000	63.000
34.130000	34.400000	54.000
34.130000	34.400000	34.000
34.450000	35.060000	66.000
34.450000	34.600000	35.000
34.650000	35.060000	30.000
34.790000	35.400000	61.000
34.790000	35.060000	82.000
34.790000	35.060000	57.000
34.790000	35.060000	22.000
35.110000	35.580000	75.000
35.110000	35.580000	68.000
35.110000	35.400000	37.000
35.450000	35.750000	56.000
35.630000	35.750000	49.000
35.800000	36.040000	81.000
35.980000	36.040000	57.000
36.090000	36.280000	56.000
36.090000	36.280000	49.000
36.330000	37.040000	73.000
36.330000	37.040000	54.000
36.330000	36.550000	55.000
36.330000	36.550000	38.000
36.600000	37.040000	58.000
36.760000	37.040000	42.000
36.760000	37.040000	35.000
37.090000	38.220000	42.000
37.440000	37.550000	34.000
37.600000	38.030000	54.000
37.600000	37.700000	68.000
37.600000	37.700000	61.000
37.750000	38.030000	77.000
37.750000	38.030000	70.000
37.750000	38.030000	30.000
38.080000	38.220000	70.000
38.270000	38.580000	42.000
38.430000	38.680000	70.000
38.430000	38.680000	66.000
38.430000	38.680000	30.000
38.630000	39.200000	54.000
38.630000	38.920000	61.000
38.730000	38.920000	58.000
38.730000	38.920000	42.000
38.970000	39.340000	73.000
38.970000	39.340000	70.000
38.970000	39.200000	69.000
38.970000	39.200000	29.000
39.250000	39.680000	54.000
39.390000	39.680000	73.000
39.390000	39.680000	42.000
39.390000	39.680000	35.000
39.730000	39.870000	54.000
39.920000	40.010000	73.000
39.920000	40.010000	66.000
39.920000	40.010000	30.000
40.060000	40.340000	68.000
40.060000	40.340000	61.000
40.060000	40.340000	54.000
40.390000	41.010000	68.000
40.390000	40.670000	77.000
40.390000	40.670000	37.000
40.390000	40.670000	33.000
40.720000	41.010000	56.000
40.720000	40.860000	63.000
40.720000	40.860000	61.000
40.720000	40.860000	38.000
40.910000	41.010000	49.000
41.060000	41.330000	81.000
41.060000	41.330000	66.000
41.060000	41.330000	60.000
41.060000	41.330000	57.000
41.060000	41.330000	37.000
41.380000	41.550000	56.000
41.380000	41.550000	49.000
41.710000	42.640000	54.000
41.710000	41.990000	58.000
41.900000	41.990000	42.000
42.040000	42.320000	58.000
42.040000	42.320000	42.000
42.370000	42.640000	42.000
42.840000	43.490000	51.000
42.840000	42.970000	58.000
42.840000	42.970000	28.000
43.020000	43.310000	66.000
43.020000	43.310000	55.000
43.020000	43.310000	39.000
43.020000	43.310000	35.000
43.360000	43.490000	79.000
43.360000	43.490000	55.000
43.690000	43.950000	55.000
43.690000	43.950000	42.000
43.690000	43.950000	39.000
43.690000	43.950000	28.000
44.000000	44.160000	39.000
44.210000	44.480000	65.000
44.210000	44.480000	54.000
44.210000	44.480000	37.000
44.210000	44.480000	23.000
44.530000	44.620000	50.000
44.670000	44.950000	46.000
44.860000	44.950000	65.000
44.860000	44.950000	58.000
44.860000	44.950000	27.000
45.000000	45.270000	46.000
45.190000	45.590000	65.000
45.190000	45.320000	42.000
45.370000	45.590000	50.000
45.500000	45.590000	46.000
45.640000	45.840000	66.000
45.640000	45.840000	54.000
45.980000	46.100000	67.000
45.980000	46.100000	63.000
46.150000	46.580000	68.000
46.150000	46.580000	56.000
46.150000	46.580000	27.000
46.150000	46.520000	67.000
46.630000	46.750000	46.000
46.800000	47.240000	82.000
46.800000	47.240000	77.000
46.800000	47.090000	57.000
46.800000	47.090000	42.000
46.800000	47.090000	39.000
46.800000	47.090000	28.000
47.140000	47.570000	70.000
47.140000	47.570000	58.000
47.290000	48.100000	28.000
47.290000	47.570000	86.000
47.290000	47.570000	64.000
47.290000	47.570000	42.000
47.290000	47.570000	39.000
47.620000	48.100000	39.000
47.840000	48.230000	58.000
48.150000	48.230000	65.000
48.150000	48.230000	44.000
48.280000	48.550000	66.000
48.280000	48.550000	59.000
48.280000	48.550000	32.000
48.600000	48.900000	61.000
48.600000	48.740000	58.000
48.950000	49.200000	68.000
48.950000	49.200000	59.000
48.950000	49.200000	57.000
48.950000	49.200000	32.000
49.250000	49.380000	55.000
49.430000	50.190000	66.000
49.430000	50.190000	61.000
49.430000	49.860000	58.000
49.430000	49.720000	32.000
49.770000	50.690000	68.000
49.910000	50.190000	73.000
49.910000	50.190000	58.000
49.910000	50.190000	42.000
49.910000	50.190000	33.000
50.240000	50.690000	63.000
50.240000	50.690000	56.000
50.240000	50.420000	47.000
50.470000	50.690000	37.000
50.610000	50.690000	44.000
50.740000	51.530000	61.000
50.740000	50.860000	76.000
50.740000	50.860000	66.000
50.740000	50.860000	29.000
50.910000	51.350000	70.000
50.910000	51.180000	86.000
50.910000	51.180000	30.000
51.230000	51.350000	42.000
51.400000	51.530000	42.000
51.580000	52.020000	59.000
51.580000	52.020000	56.000
51.580000	51.840000	68.000
51.580000	51.840000	57.000
51.580000	51.840000	52.000
52.070000	52.160000	33.000
52.070000	52.160000	30.000
52.210000	52.360000	67.000
52.210000	52.360000	66.000
52.410000	52.500000	67.000
52.410000	52.500000	55.000
52.550000	53.340000	51.000
52.550000	52.830000	40.000
52.550000	52.830000	28.000
52.880000	53.340000	39.000
52.880000	53.160000	46.000
53.390000	53.490000	38.000
53.540000	54.040000	37.000
53.540000	53.840000	70.000
53.540000	53.840000	30.000
54.090000	54.260000	73.000
54.310000	54.520000	73.000
54.310000	54.520000	27.000
54.310000	54.520000	25.000
54.570000	54.680000	63.000
54.880000	55.180000	35.000
55.120000	55.180000	23.000
55.230000	55.370000	54.000
55.760000	55.900000	66.000
55.760000	55.900000	35.000
55.950000	56.150000	73.000
55.950000	56.150000	66.000
56.200000	56.490000	73.000
56.200000	56.490000	66.000
56.540000	56.990000	76.000
56.540000	56.990000	71.000
56.540000	56.990000	40.000
56.540000	56.990000	35.000
56.540000	56.990000	29.000
57.040000	57.460000	72.000
57.040000	57.460000	69.000
57.040000	57.460000	65.000
57.040000	57.460000	36.000
57.040000	57.460000	29.000
57.510000	58.550000	73.000
57.510000	58.170000	66.000
57.510000	58.170000	33.000
57.510000	58.170000	30.000
58.220000	58.840000	66.000
58.220000	58.550000	76.000
58.220000	58.550000	61.000
58.220000	58.550000	58.000
58.600000	58.840000	82.000
58.600000	58.840000	54.000
58.890000	59.380000	38.000
58.890000	59.200000	69.000
59.250000	59.380000	58.000
59.430000	59.750000	50.000
59.590000	60.050000	69.000
59.590000	59.840000	38.000
59.590000	59.750000	76.000
59.800000	60.050000	57.000
60.100000	60.360000	38.000
60.100000	60.250000	55.000
60.410000	60.490000	52.000
60.540000	60.820000	69.000
60.540000	60.820000	67.000
60.540000	60.820000	64.000
60.540000	60.820000	33.000
61.120000	61.160000	45.000
61.210000	61.980000	45.000
61.360000	62.460000	76.000
61.530000	61.980000	64.000
61.530000	61.720000	67.000
61.530000	61.720000	57.000
61.770000	61.980000	73.000
61.770000	61.980000	57.000
61.770000	61.980000	33.000
62.210000	62.460000	57.000
62.210000	62.460000	34.000
62.510000	62.790000	57.000
62.890000	62.970000	53.000
63.020000	63.470000	54.000
63.180000	63.990000	69.000
63.180000	63.470000	38.000
63.520000	63.990000	38.000
63.520000	63.670000	74.000
63.720000	63.990000	85.000
63.720000	63.990000	81.000
63.720000	63.990000	78.000
63.720000	63.990000	45.000
64.170000	64.790000	55.000
64.170000	64.650000	28.000
64.170000	64.470000	64.000
64.170000	64.470000	59.000
64.520000	64.650000	64.000
64.840000	65.470000	57.000
64.840000	65.110000	73.000
64.840000	65.110000	42.000
65.160000	65.470000	73.000
65.160000	65.470000	42.000
65.160000	65.470000	38.000
65.160000	65.470000	35.000
65.520000	66.110000	43.000
65.520000	65.760000	74.000
65.810000	66.110000	74.000
65.810000	66.110000	67.000
65.810000	66.110000	45.000
65.810000	66.110000	38.000
65.810000	66.110000	35.000
65.810000	66.110000	31.000
66.160000	66.620000	57.000
66.340000	66.620000	33.000
66.440000	66.620000	69.000
66.440000	66.620000	64.000
66.440000	66.620000	55.000
66.670000	66.780000	65.000
66.670000	66.780000	53.000
66.830000	67.290000	66.000
66.830000	67.120000	73.000
66.830000	67.120000	58.000
66.830000	67.120000	42.000
66.830000	67.120000	38.000
67.170000	67.290000	55.000
67.170000	67.290000	54.000
67.340000	67.760000	78.000
67.340000	67.760000	77.000
67.340000	67.760000	55.000
67.340000	67.760000	38.000
67.340000	67.760000	35.000
67.810000	68.100000	78.000
67.810000	68.100000	47.000
67.810000	68.100000	44.000
67.810000	68.100000	38.000
68.150000	68.260000	81.000
68.310000	68.420000	77.000
68.640000	68.760000	77.000
68.640000	68.760000	38.000
68.810000	69.020000	55.000
69.070000	69.110000	38.000
69.160000	69.420000	58.000
69.160000	69.270000	68.000
69.160000	69.270000	56.000
69.320000	69.420000	46.000
69.470000	70.130000	69.000
69.470000	69.930000	38.000
69.810000	69.930000	57.000
69.980000	70.400000	38.000
70.180000	70.400000	59.000
70.450000	70.800000	38.000
70.690000	70.890000	56.000
71.100000	71.390000	76.000
71.100000	71.390000	69.000
71.100000	71.340000	53.000
71.100000	71.340000	33.000
71.440000	71.910000	45.000
71.700000	72.550000	69.000
71.700000	71.910000	33.000
71.700000	71.870000	76.000
71.960000	72.040000	45.000
72.090000	72.550000	76.000
72.090000	72.550000	45.000
72.090000	72.410000	81.000
72.460000	72.730000	57.000
72.600000	72.890000	45.000
72.600000	72.730000	52.000
72.780000	73.390000	57.000
72.780000	72.890000	33.000
72.940000	73.020000	64.000
73.070000	73.390000	76.000
73.070000	73.390000	69.000
73.070000	73.390000	38.000
73.440000	73.680000	54.000
73.730000	74.020000	81.000
73.730000	74.020000	74.000
73.730000	74.020000	58.000
73.730000	74.020000	38.000
73.730000	74.020000	36.000
74.070000	74.560000	78.000
74.070000	74.560000	61.000
74.070000	74.560000	35.000
74.610000	74.680000	55.000
74.730000	75.010000	53.000
74.730000	75.010000	33.000
75.060000	75.360000	66.000
75.060000	75.360000	54.000
75.410000	76.020000	76.000
75.410000	75.670000	55.000
75.410000	75.670000	33.000
75.410000	75.670000	28.000
75.720000	76.020000	57.000
75.720000	76.020000	28.000
75.960000	76.020000	26.000
76.070000	76.170000	53.000
76.220000	76.330000	45.000
76.220000	76.330000	42.000
76.380000	76.650000	50.000
76.380000	76.530000	45.000
76.580000	76.650000	57.000
76.700000	77.310000	53.000
76.700000	77.310000	38.000
76.700000	77.310000	33.000
76.700000	77.310000	32.000
77.360000	78.150000	69.000
77.360000	78.150000	51.000
77.360000	78.150000	38.000
78.350000	78.730000	64.000
78.350000	78.730000	52.000
78.350000	78.680000	60.000
78.780000	79.400000	73.000
78.780000	79.400000	68.000
78.780000	79.400000	38.000
78.780000	79.400000	37.000
78.780000	79.400000	30.000
79.450000	79.630000	67.000
79.450000	79.630000	58.000
79.780000	79.930000	55.000
79.980000	80.070000	69.000
80.120000	80.400000	46.000
80.450000	80.600000	82.000
80.650000	80.800000	34.000
80.850000	80.930000	57.000
80.980000	81.070000	57.000
81.120000	81.310000	57.000
81.120000	81.310000	35.000
81.480000	81.650000	56.000
81.820000	82.040000	47.000
81.820000	82.040000	36.000
82.350000	82.370000	66.000
82.420000	82.510000	66.000
82.560000	82.710000	39.000
82.760000	83.220000	68.000
82.760000	82.900000	37.000
82.950000	83.050000	65.000
82.950000	83.050000	56.000
83.100000	83.220000	75.000
83.100000	83.220000	56.000
83.270000	83.510000	56.000
83.450000	83.700000	44.000
83.560000	83.700000	38.000
83.750000	84.110000	49.000
83.750000	83.910000	56.000
83.960000	84.110000	61.000
83.960000	84.110000	26.000
84.240000	84.340000	57.000
84.390000	84.680000	47.000
84.390000	84.680000	42.000
84.730000	85.340000	66.000
84.730000	85.020000	30.000
85.070000	85.340000	54.000
85.200000	85.340000	42.000
85.390000	85.520000	37.000
85.720000	85.850000	81.000
85.720000	85.850000	74.000
85.720000	85.850000	62.000
86.040000	86.310000	42.000
86.040000	86.200000	35.000
86.360000	86.490000	60.000
86.540000	86.810000	60.000
86.540000	86.810000	56.000
86.540000	86.810000	34.000
86.860000	86.970000	69.000
87.020000	87.300000	70.000
87.020000	87.300000	58.000
87.020000	87.300000	42.000
87.020000	87.300000	35.000
87.350000	87.800000	42.000
87.350000	87.670000	67.000
87.720000	87.800000	78.000
87.720000	87.800000	30.000
87.850000	87.950000	67.000
88.200000	88.620000	61.000
88.200000	88.280000	35.000
88.330000	88.450000	56.000
88.670000	88.930000	60.000
88.670000	88.930000	57.000
88.670000	88.930000	45.000
88.670000	88.930000	38.000
89.180000	89.570000	30.000
89.180000	89.420000	78.000
89.180000	89.420000	74.000
89.180000	89.420000	66.000
89.180000	89.420000	43.000
89.470000	89.910000	66.000
89.470000	89.910000	61.000
89.470000	89.910000	54.000
89.470000	89.570000	58.000
89.620000	89.910000	49.000
89.620000	89.910000	42.000
89.620000	89.910000	35.000
89.960000	90.250000	54.000
89.960000	90.120000	58.000
90.170000	90.250000	42.000
90.170000	90.250000	35.000
90.470000	90.570000	28.000
90.620000	91.090000	73.000
90.620000	91.090000	42.000
90.620000	90.910000	39.000
90.620000	90.910000	35.000
90.960000	91.090000	54.000
91.140000	91.550000	75.000
91.140000	91.550000	74.000
91.140000	91.550000	68.000
91.140000	91.550000	55.000
91.140000	91.550000	39.000
91.140000	91.550000	35.000
91.140000	91.550000	28.000
91.600000	91.770000	39.000
91.820000	92.080000	65.000
91.940000	92.080000	72.000
91.940000	92.080000	53.000
92.130000	92.210000	65.000
92.130000	92.210000	49.000
92.260000	92.880000	34.000
92.260000	92.530000	50.000
92.260000	92.530000	30.000
92.790000	93.010000	65.000
92.930000	93.520000	58.000
93.060000	93.180000	65.000
93.060000	93.180000	38.000
93.230000	93.520000	70.000
93.230000	93.520000	66.000
93.230000	93.520000	39.000
93.230000	93.520000	35.000
93.570000	93.690000	66.000
93.570000	93.690000	54.000
93.740000	93.850000	39.000
93.900000	94.050000	66.000
93.900000	94.050000	57.000
93.900000	94.050000	35.000
94.100000	94.170000	44.000
94.410000	94.820000	58.000
94.410000	94.820000	36.000
94.410000	94.820000	28.000
94.870000	95.150000	58.000
94.870000	95.150000	27.000
95.200000	95.810000	39.000
95.200000	95.340000	35.000
95.390000	95.810000	27.000
95.530000	95.810000	23.000
95.690000	96.130000	66.000
95.860000	96.130000	47.000
95.860000	96.130000	32.000
96.180000	96.310000	59.000
96.360000	96.670000	68.000
96.360000	96.670000	57.000
96.360000	96.670000	47.000
96.360000	96.670000	32.000
97.040000	97.150000	76.000
97.040000	97.150000	33.000
97.200000	97.620000	65.000
97.200000	97.460000	61.000
97.200000	97.330000	58.000
97.380000	97.460000	57.000
97.510000	97.620000	61.000
97.670000	97.800000	80.000
97.670000	97.800000	37.000
97.850000	98.450000	63.000
97.850000	98.000000	54.000
97.850000	98.000000	47.000
98.050000	98.450000	59.000
98.050000	98.350000	49.000
98.180000	98.350000	68.000
98.180000	98.280000	37.000
98.180000	98.280000	21.000
98.400000	98.450000	68.000
98.500000	99.110000	77.000
98.500000	99.110000	70.000
98.500000	98.960000	30.000
99.010000	99.110000	58.000
99.160000	99.430000	52.000
99.160000	99.310000	59.000
99.160000	99.310000	45.000
99.360000	99.600000	58.000
99.360000	99.430000	33.000
99.650000	100.420000	55.000
99.650000	99.940000	35.000
99.650000	99.940000	33.000
99.650000	99.940000	30.000
100.130000	100.650000	70.000
100.130000	100.420000	43.000
100.130000	100.420000	39.000
100.470000	100.890000	39.000
100.700000	100.890000	78.000
100.700000	100.890000	42.000
100.700000	100.890000	28.000
100.940000	101.630000	66.000
100.940000	101.410000	61.000
100.940000	101.080000	68.000
100.940000	101.080000	38.000
101.130000	101.580000	78.000
101.130000	101.410000	30.000
101.460000	101.630000	62.000
101.460000	101.630000	50.000
101.460000	101.630000	42.000
101.680000	101.750000	51.000
101.680000	101.750000	42.000
101.800000	102.410000	51.000
101.990000	102.410000	39.000
101.990000	102.240000	61.000
102.140000	102.410000	70.000
102.290000	102.920000	66.000
102.290000	102.410000	54.000
102.460000	102.920000	47.000
102.460000	102.760000	60.000
102.460000	102.760000	54.000
102.460000	102.760000	44.000
102.810000	102.920000	60.000
102.970000	103.250000	60.000
103.140000	103.250000	68.000
103.140000	103.250000	61.000
103.300000	103.580000	56.000
103.300000	103.410000	60.000
103.460000	103.730000	63.000
103.460000	103.580000	77.000
103.460000	103.580000	59.000
103.460000	103.580000	25.000
103.630000	103.730000	69.000
103.630000	103.730000	57.000
103.630000	103.730000	52.000
103.630000	103.730000	37.000
103.780000	104.090000	78.000
103.780000	104.090000	58.000
103.780000	104.090000	57.000
103.780000	104.090000	42.000
104.140000	104.610000	64.000
104.140000	104.610000	59.000
104.140000	104.610000	44.000
104.140000	104.610000	28.000
104.140000	104.610000	21.000
104.660000	105.080000	72.000
104.660000	105.080000	65.000
104.660000	105.080000	36.000
104.660000	105.080000	29.000
104.660000	105.080000	25.000
105.130000	105.360000	77.000
105.410000	105.770000	73.000
105.410000	105.770000	70.000
105.820000	106.080000	68.000
105.820000	106.080000	63.000
105.820000	106.080000	61.000
105.820000	106.080000	54.000
106.130000	106.250000	61.000
106.130000	106.250000	56.000
106.480000	106.760000	51.000
106.480000	106.760000	35.000
106.810000	107.260000	63.000
106.810000	106.940000	66.000
106.810000	106.940000	61.000
106.810000	106.940000	57.000
106.990000	107.260000	54.000
107.310000	107.420000	66.000
107.310000	107.420000	57.000
107.310000	107.420000	35.000
107.470000	107.740000	68.000
107.470000	107.740000	61.000
107.470000	107.740000	35.000
107.790000	107.950000	58.000
107.790000	107.950000	38.000
108.130000	108.210000	60.000
108.330000	108.740000	61.000
108.330000	108.410000	30.000
108.460000	108.620000	42.000
108.670000	109.060000	30.000
108.670000	108.740000	66.000
108.790000	108.930000	66.000
108.790000	108.930000	61.000
108.790000	108.930000	23.000
108.980000	109.060000	60.000
108.980000	109.060000	48.000
108.980000	109.060000	42.000
109.110000	109.390000	40.000
109.110000	109.390000	37.000
109.440000	109.580000	68.000
109.440000	109.580000	56.000
109.630000	109.920000	56.000
109.630000	109.920000	49.000
109.790000	109.920000	44.000
109.790000	109.920000	37.000
109.970000	110.040000	68.000
110.090000	110.550000	33.000
110.090000	110.390000	71.000
110.090000	110.390000	42.000
110.090000	110.390000	35.000
110.090000	110.390000	29.000
110.440000	110.550000	70.000
110.600000	110.700000	57.000
110.750000	110.870000	63.000
110.750000	110.870000	42.000
110.920000	111.520000	64.000
110.920000	111.350000	73.000
111.400000	111.680000	42.000
111.400000	111.520000	73.000
111.570000	111.680000	46.000
111.570000	111.680000	30.000
111.730000	112.190000	51.000
111.730000	112.190000	47.000
112.060000	112.190000	44.000
112.060000	112.190000	35.000
112.240000	112.510000	73.000
112.240000	112.510000	35.000
112.560000	112.650000	63.000
112.700000	113.170000	35.000
112.700000	112.980000	60.000
113.030000	113.170000	70.000
113.030000	113.170000	38.000
113.220000	113.310000	50.000
113.360000	113.520000	42.000
113.570000	113.970000	54.000
113.570000	113.650000	58.000
113.700000	113.970000	73.000
113.700000	113.970000	58.000
113.700000	113.970000	42.000
114.020000	114.210000	47.000
114.020000	114.150000	55.000
114.260000	114.310000	48.000
114.360000	114.620000	70.000
114.360000	114.620000	61.000
114.670000	114.850000	70.000
114.900000	114.970000	49.000
115.020000	115.280000	70.000
115.020000	115.280000	58.000
115.020000	115.280000	37.000
115.330000	115.460000	56.000
115.510000	116.460000	66.000
115.510000	115.930000	58.000
115.510000	115.800000	54.000
115.850000	116.270000	54.000
115.980000	116.270000	58.000
115.980000	116.270000	42.000
115.980000	116.270000	35.000
116.320000	116.460000	35.000
116.510000	116.780000	52.000
116.830000	117.260000	55.000
116.830000	116.930000	38.000
116.980000	117.200000	76.000
117.310000	117.430000	58.000
117.310000	117.430000	55.000
117.540000	117.900000	43.000
117.540000	117.900000	42.000
117.540000	117.900000	39.000
117.540000	117.900000	30.000
117.950000	118.120000	58.000
118.170000	118.420000	58.000
118.280000	119.100000	77.000
118.280000	119.100000	70.000
118.280000	118.420000	61.000
118.280000	118.420000	30.000
118.470000	118.560000	58.000
118.610000	118.890000	58.000
118.610000	118.890000	42.000
118.610000	118.890000	31.000
118.940000	119.100000	58.000
119.270000	119.310000	62.000
119.360000	119.550000	64.000
119.360000	119.550000	60.000
119.600000	120.040000	67.000
119.600000	119.960000	74.000
119.600000	119.860000	47.000
119.910000	120.450000	55.000
120.090000	120.510000	81.000
120.090000	120.510000	74.000
120.090000	120.450000	77.000
120.090000	120.450000	67.000
120.090000	120.450000	38.000
120.090000	120.450000	31.000
120.560000	120.840000	72.000
120.890000	121.030000	72.000
120.890000	121.030000	28.000
120.890000	121.030000	23.000
121.220000	121.510000	50.000
121.220000	121.510000	43.000
121.560000	122.010000	67.000
121.890000	122.010000	60.000
121.890000	122.010000	57.000
121.890000	122.010000	55.000
122.060000	122.480000	55.000
122.060000	122.160000	67.000
122.060000	122.160000	62.000
122.060000	122.160000	58.000
122.210000	122.320000	43.000
122.370000	122.480000	59.000
122.530000	122.660000	57.000
122.710000	122.820000	58.000
122.870000	123.010000	59.000
122.870000	123.010000	43.000
122.870000	123.010000	30.000
123.210000	123.350000	59.000
123.210000	123.350000	57.000
123.210000	123.350000	43.000
123.400000	123.680000	58.000
123.400000	123.480000	30.000
123.530000	123.680000	59.000
123.730000	123.810000	55.000
123.860000	124.140000	55.000
123.860000	124.140000	48.000
123.860000	124.140000	41.000
123.860000	124.140000	39.000
124.190000	124.440000	59.000
124.190000	124.330000	55.000
124.380000	124.440000	55.000
124.490000	124.650000	60.000
124.490000	124.650000	55.000
124.700000	125.080000	62.000
124.840000	125.230000	38.000
124.840000	125.080000	74.000
125.130000	125.310000	61.000
125.360000	125.770000	58.000
125.360000	125.770000	54.000
125.360000	125.770000	38.000
125.820000	125.980000	38.000
126.030000	126.220000	61.000
126.030000	126.220000	55.000
126.490000	126.770000	60.000
126.490000	126.770000	58.000
126.490000	126.770000	50.000
126.490000	126.770000	43.000
126.820000	127.430000	67.000
126.820000	127.060000	50.000
126.820000	127.060000	47.000
127.110000	127.430000	59.000
127.110000	127.280000	55.000
127.330000	127.940000	55.000
127.330000	127.430000	43.000
127.480000	127.940000	59.000
127.480000	127.780000	43.000
127.480000	127.780000	38.000
127.480000	127.720000	70.000
127.480000	127.720000	58.000
127.830000	127.940000	71.000
127.830000	127.940000	31.000
127.990000	128.290000	55.000
128.150000	128.420000	59.000
128.150000	128.290000	78.000
128.340000	128.420000	71.000
128.470000	128.640000	55.000
128.470000	128.640000	35.000
128.690000	128.920000	59.000
128.690000	128.920000	45.000
128.690000	128.920000	43.000
128.970000	129.060000	59.000
128.970000	129.060000	43.000
129.110000	129.390000	59.000
129.110000	129.390000	43.000
129.440000	129.730000	55.000
129.660000	129.730000	59.000
129.780000	129.940000	62.000
129.780000	129.940000	59.000
129.990000	130.380000	62.000
129.990000	130.070000	56.000
130.120000	130.380000	78.000
130.120000	130.380000	45.000
130.120000	130.380000	38.000
130.430000	130.920000	38.000
130.430000	130.570000	61.000
130.620000	131.040000	54.000
130.620000	130.920000	58.000
130.970000	131.040000	61.000
131.090000	131.240000	38.000
131.090000	131.240000	33.000
131.290000	131.570000	56.000
131.290000	131.570000	55.000
131.760000	132.030000	60.000
131.760000	132.030000	43.000
131.760000	132.030000	34.000
132.080000	132.370000	62.000
132.080000	132.370000	35.000
132.420000	132.690000	59.000
132.570000	133.200000	52.000
132.570000	133.200000	47.000
132.740000	133.200000	59.000
132.740000	133.200000	55.000
132.740000	133.030000	28.000
133.250000	134.670000	59.000
133.420000	133.570000	33.000
133.420000	133.570000	28.000
133.620000	133.870000	55.000
133.620000	133.670000	52.000
133.920000	134.200000	35.000
133.920000	134.200000	28.000
134.060000	134.340000	47.000
134.060000	134.200000	54.000
134.250000	134.340000	69.000
134.250000	134.340000	62.000
134.390000	135.010000	47.000
134.390000	134.670000	78.000
134.720000	135.010000	35.000
135.060000	135.640000	47.000
135.060000	135.140000	62.000
135.190000	135.350000	67.000
135.190000	135.350000	64.000
135.190000	135.350000	51.000
135.400000	135.850000	71.000
135.400000	135.850000	40.000
135.400000	135.640000	56.000
135.400000	135.640000	55.000
135.690000	135.850000	55.000
135.900000	136.160000	40.000
136.050000	136.320000	57.000
136.050000	136.160000	59.000
136.050000	136.160000	28.000
136.210000	136.320000	69.000
136.210000	136.320000	33.000
136.370000	136.830000	28.000
136.550000	136.830000	40.000
136.550000	136.610000	58.000
136.660000	137.310000	93.000
136.660000	137.160000	71.000
136.660000	136.830000	78.000
136.880000	137.310000	52.000
137.030000	137.160000	55.000
137.210000	137.500000	66.000
137.210000	137.310000	71.000
137.210000	137.310000	56.000
137.210000	137.310000	40.000
137.360000	137.500000	68.000
137.360000	137.500000	47.000
137.550000	137.980000	40.000
137.550000	137.850000	78.000
137.550000	137.850000	71.000
137.550000	137.850000	55.000
137.550000	137.850000	28.000
137.900000	137.980000	71.000
138.030000	138.300000	45.000
138.030000	138.170000	67.000
138.030000	138.170000	60.000
138.220000	138.490000	33.000
138.350000	138.490000	71.000
138.350000	138.490000	67.000
138.350000	138.490000	62.000
138.350000	138.490000	26.000
138.540000	138.830000	69.000
138.540000	138.830000	64.000
138.540000	138.830000	60.000
138.540000	138.830000	33.000
138.880000	138.960000	56.000
139.180000	139.290000	58.000
139.340000	139.460000	74.000
139.340000	139.460000	67.000
139.510000	139.620000	70.000
139.510000	139.620000	62.000
139.510000	139.620000	58.000
139.670000	140.240000	64.000
139.670000	139.950000	69.000
139.670000	139.950000	60.000
139.670000	139.950000	38.000
140.000000	140.160000	38.000
140.210000	140.600000	50.000
140.210000	140.310000	60.000
140.290000	140.310000	38.000
140.360000	141.120000	59.000
140.360000	140.600000	74.000
140.360000	140.600000	67.000
140.360000	140.600000	38.000
140.650000	141.120000	43.000
141.170000	141.260000	55.000
141.310000	141.730000	60.000
141.310000	141.600000	65.000
141.310000	141.470000	58.000
141.520000	141.600000	69.000
141.520000	141.600000	57.000
141.780000	141.920000	71.000
141.780000	141.920000	41.000
141.970000	142.130000	56.000
141.970000	142.130000	55.000
141.970000	142.130000	40.000
142.180000	142.590000	56.000
142.180000	142.250000	52.000
142.300000	142.590000	45.000
142.300000	142.590000	40.000
142.640000	142.910000	40.000
142.960000	143.240000	54.000
142.960000	143.240000	33.000
142.960000	143.240000	28.000
143.290000	143.530000	57.000
143.630000	143.790000	74.000
143.970000	144.210000	75.000
143.970000	144.210000	44.000
144.340000	144.570000	64.000
144.620000	144.850000	58.000
145.560000	145.860000	58.000
145.560000	145.720000	55.000
145.910000	146.420000	65.000
146.220000	146.500000	50.000
146.220000	146.420000	84.000
146.220000	146.420000	77.000
146.220000	146.420000	46.000
146.550000	146.670000	34.000
147.060000	147.140000	58.000
147.190000	147.320000	58.000
147.510000	147.780000	62.000
147.510000	147.780000	55.000
147.510000	147.650000	58.000
147.920000	148.290000	74.000
148.340000	148.750000	68.000
148.470000	148.920000	32.000
148.470000	148.750000	63.000
148.470000	148.750000	40.000
148.800000	149.270000	63.000
148.970000	149.270000	32.000
149.320000	149.410000	60.000
149.320000	149.410000	44.000
149.460000	150.060000	32.000
149.460000	149.730000	80.000
149.460000	149.730000	65.000
149.780000	150.240000	72.000
149.780000	150.240000	63.000
149.960000	150.240000	68.000
150.110000	150.720000	56.000
150.290000	150.400000	32.000
150.450000	150.650000	44.000
150.700000	151.070000	44.000
150.770000	150.880000	33.000
151.120000	151.380000	44.000
151.340000	151.500000	68.000
151.340000	151.380000	32.000
151.430000	151.560000	44.000
151.430000	151.500000	58.000
151.610000	152.030000	44.000
151.770000	151.890000	68.000
151.770000	151.890000	32.000
151.940000	152.230000	60.000
151.940000	152.230000	56.000
152.080000	152.370000	32.000
152.280000	152.550000	63.000
152.420000	152.550000	68.000
152.600000	153.010000	63.000
152.740000	153.510000	32.000
153.060000	153.510000	68.000
153.060000	153.330000	75.000
153.380000	153.510000	75.000
153.560000	153.660000	50.000
153.710000	154.170000	70.000
153.710000	154.170000	28.000
153.710000	153.980000	75.000
153.710000	153.980000	39.000
153.710000	153.980000	32.000
154.030000	154.170000	65.000
154.030000	154.170000	63.000
154.380000	154.630000	78.000
154.380000	154.630000	71.000
154.380000	154.630000	35.000
154.680000	154.850000	61.000
154.680000	154.850000	46.000
154.900000	155.140000	75.000
154.900000	155.140000	60.000
154.900000	155.140000	40.000
154.900000	155.140000	28.000
155.330000	155.920000	68.000
155.330000	155.620000	63.000
155.330000	155.620000	32.000
155.670000	155.920000	56.000
155.970000	156.270000	60.000
155.970000	156.140000	57.000
156.190000	156.580000	56.000
156.320000	156.580000	59.000
156.320000	156.580000	39.000
156.320000	156.580000	32.000
156.630000	156.770000	44.000
156.820000	157.090000	44.000
156.970000	157.090000	63.000
157.300000	157.420000	58.000
157.300000	157.420000	56.000
157.470000	157.590000	59.000
157.470000	157.590000	32.000
157.810000	158.070000	61.000
157.810000	157.920000	56.000
157.970000	158.070000	51.000
158.120000	158.420000	68.000
158.120000	158.230000	32.000
158.280000	158.420000	44.000
158.470000	158.860000	44.000
158.470000	158.550000	67.000
158.600000	158.900000	29.000
158.600000	158.860000	67.000
158.600000	158.860000	32.000
158.950000	159.400000	39.000
158.950000	159.230000	75.000
158.950000	159.230000	70.000
158.950000	159.230000	27.000
159.280000	159.400000	70.000
159.620000	159.870000	61.000
159.620000	159.740000	59.000
159.620000	159.740000	28.000
159.790000	159.870000	42.000
159.790000	159.870000	39.000
159.920000	160.110000	39.000
160.160000	160.860000	68.000
160.160000	160.380000	75.000
160.160000	160.380000	32.000
160.160000	160.380000	28.000
160.430000	161.170000	56.000
160.580000	161.170000	32.000
160.910000	161.170000	37.000
161.220000	161.340000	68.000
161.220000	161.340000	38.000
161.390000	161.840000	65.000
161.390000	161.520000	75.000
161.390000	161.520000	68.000
161.390000	161.520000	32.000
161.570000	162.020000	41.000
161.570000	161.840000	48.000
161.570000	161.840000	37.000
161.890000	162.670000	65.000
161.890000	162.020000	60.000
161.890000	162.020000	56.000
162.070000	162.490000	41.000
162.070000	162.360000	77.000
162.070000	162.360000	46.000
162.410000	162.670000	56.000
162.720000	163.470000	67.000
162.720000	163.470000	60.000
162.720000	163.000000	63.000
162.720000	163.000000	55.000
162.720000	163.000000	29.000
162.720000	163.000000	26.000
163.050000	163.140000	52.000
163.190000	163.470000	39.000
163.190000	163.470000	36.000
163.520000	164.130000	67.000
163.520000	164.130000	60.000
163.850000	164.130000	55.000
163.850000	163.960000	51.000
164.010000	164.130000	65.000
164.180000	164.620000	41.000
164.180000	164.440000	72.000
164.180000	164.440000	68.000
164.180000	164.440000	45.000
164.180000	164.440000	38.000
164.490000	164.790000	68.000
164.840000	165.100000	77.000
164.840000	165.100000	70.000
164.840000	165.100000	41.000
164.840000	165.100000	30.000
165.150000	165.270000	58.000
165.320000	165.620000	75.000
165.320000	165.620000	72.000
165.320000	165.620000	71.000
165.320000	165.620000	41.000
165.670000	165.760000	72.000
165.810000	166.090000	46.000
165.810000	166.090000	41.000
166.140000	166.400000	46.000
166.140000	166.400000	44.000
166.450000	166.730000	56.000
166.450000	166.730000	46.000
166.780000	166.980000	46.000
166.780000	166.980000	40.000
167.190000	167.230000	33.000
167.440000	167.640000	42.000
168.090000	168.170000	54.000
168.410000	168.610000	43.000
168.410000	168.610000	35.000
168.750000	168.990000	47.000
168.750000	168.990000	38.000
169.200000	169.360000	23.000
169.410000	169.530000	48.000
169.910000	170.180000	73.000
169.910000	170.180000	58.000
169.910000	170.180000	43.000
169.910000	170.180000	42.000
170.370000	170.650000	79.000
170.370000	170.650000	74.000
170.370000	170.650000	43.000
170.880000	170.960000	58.000
170.880000	170.960000	32.000
171.010000	171.280000	46.000
171.010000	171.280000	44.000
171.010000	171.280000	33.000
171.420000	171.940000	80.000
171.420000	171.630000	78.000
171.420000	171.630000	75.000
171.420000	171.630000	44.000
171.420000	171.630000	38.000
171.680000	171.940000	76.000
171.680000	171.940000	56.000
171.990000	172.250000	71.000
171.990000	172.250000	40.000
172.300000	172.440000	40.000
172.300000	172.360000	71.000
172.410000	172.440000	54.000
172.490000	172.760000	71.000
172.490000	172.760000	40.000
172.950000	173.530000	62.000
172.950000	173.400000	70.000
172.950000	173.400000	69.000
172.950000	173.400000	58.000
172.950000	173.400000	57.000
172.950000	173.400000	40.000
173.450000	173.530000	66.000
173.450000	173.530000	54.000
173.580000	173.870000	73.000
173.580000	173.790000	35.000
173.840000	174.180000	66.000
173.840000	173.870000	61.000
173.920000	174.180000	47.000
174.390000	174.520000	74.000
174.390000	174.520000	38.000
174.390000	174.520000	35.000
174.570000	174.840000	60.000
174.570000	174.840000	35.000
174.890000	175.030000	61.000
175.190000	175.490000	73.000
175.190000	175.490000	61.000
175.190000	175.490000	35.000
175.540000	175.860000	35.000
175.780000	175.860000	58.000
175.910000	176.010000	75.000
175.910000	176.010000	68.000
176.180000	176.400000	52.000
176.180000	176.400000	47.000
176.520000	177.120000	68.000
176.520000	176.970000	64.000
176.700000	176.760000	52.000
176.810000	176.970000	35.000
177.170000	177.440000	42.000
177.170000	177.310000	45.000
177.360000	177.610000	54.000
177.490000	177.610000	42.000
177.850000	178.090000	56.000
178.000000	178.090000	32.000
178.320000	178.450000	68.000
178.320000	178.450000	32.000
178.500000	178.930000	69.000
178.500000	178.730000	45.000
178.780000	179.080000	64.000
178.780000	178.930000	57.000
178.980000	179.350000	71.000
178.980000	179.350000	59.000
179.130000	179.350000	47.000
179.400000	179.560000	78.000
179.400000	179.560000	57.000
179.400000	179.560000	35.000
179.770000	180.050000	80.000
179.770000	180.050000	56.000
179.770000	180.050000	40.000
180.180000	180.240000	59.000
180.290000	180.400000	58.000
180.450000	180.550000	35.000
180.760000	180.890000	43.000
181.150000	182.010000	59.000
181.400000	181.680000	79.000
181.400000	181.680000	43.000
181.400000	181.680000	40.000
181.400000	181.680000	35.000
181.730000	181.890000	47.000
182.060000	182.330000	37.000
182.060000	182.210000	68.000
182.380000	182.640000	59.000
182.570000	182.640000	71.000
182.570000	182.640000	40.000
182.690000	182.840000	26.000
182.890000	183.320000	28.000
182.890000	183.160000	62.000
182.890000	183.160000	60.000
183.210000	183.320000	78.000
183.210000	183.320000	47.000
183.210000	183.320000	44.000
183.370000	183.520000	40.000
183.570000	183.960000	57.000
183.570000	183.830000	62.000
183.570000	183.830000	33.000
183.570000	183.830000	28.000
183.880000	183.960000	66.000
184.010000	184.300000	35.000
184.010000	184.230000	42.000
184.280000	184.300000	66.000
184.350000	184.600000	35.000
184.650000	184.860000	55.000
184.910000	185.270000	62.000
184.910000	184.950000	54.000
185.000000	185.270000	71.000
185.320000	185.450000	78.000
185.320000	185.450000	71.000
185.650000	185.800000	57.000
185.650000	185.800000	47.000
185.850000	185.930000	59.000
185.980000	186.160000	35.000
186.210000	186.300000	67.000
186.210000	186.300000	55.000
186.350000	186.930000	38.000
186.350000	186.590000	56.000
186.640000	187.230000	80.000
186.640000	186.930000	90.000
186.640000	186.930000	83.000
186.640000	186.930000	45.000
186.980000	187.280000	61.000
186.980000	187.230000	56.000
187.330000	187.590000	37.000
187.470000	187.590000	75.000
187.470000	187.590000	68.000
187.470000	187.590000	32.000
187.640000	187.880000	67.000
187.640000	187.880000	55.000
187.640000	187.880000	47.000
187.640000	187.880000	42.000
188.030000	188.100000	68.000
188.030000	188.100000	56.000
188.330000	188.560000	81.000
188.330000	188.560000	71.000
188.330000	188.560000	57.000
188.330000	188.560000	56.000
188.330000	188.560000	35.000
188.610000	189.070000	42.000
188.610000	188.910000	71.000
188.610000	188.910000	35.000
188.960000	189.070000	54.000
189.120000	189.560000	71.000
189.120000	189.220000	55.000
189.270000	189.850000	59.000
189.270000	189.560000	52.000
189.610000	189.850000	54.000
189.610000	189.850000	47.000
189.900000	190.100000	57.000
189.900000	190.050000	59.000
190.150000	190.210000	53.000
190.260000	190.720000	28.000
190.260000	190.510000	80.000
190.260000	190.510000	71.000
190.260000	190.510000	64.000
190.260000	190.510000	35.000
190.560000	191.070000	64.000
190.560000	190.720000	42.000
190.770000	191.190000	73.000
190.770000	191.070000	47.000
190.770000	191.070000	40.000
191.120000	191.520000	64.000
191.240000	191.590000	76.000
191.240000	191.520000	80.000
191.240000	191.520000	73.000
191.240000	191.520000	42.000
191.240000	191.520000	40.000
191.640000	192.180000	75.000
191.640000	192.180000	70.000
191.640000	192.180000	39.000
191.640000	192.180000	35.000
191.640000	192.180000	28.000
192.280000	192.440000	56.000
192.600000	192.900000	58.000
192.600000	192.900000	53.000
192.950000	193.190000	60.000
192.950000	193.190000	51.000
192.950000	193.190000	44.000
193.290000	193.400000	60.000
193.450000	193.750000	51.000
193.620000	193.750000	71.000
193.620000	193.750000	32.000
193.800000	194.060000	63.000
193.800000	193.860000	56.000
193.910000	194.060000	58.000
194.110000	194.360000	58.000
194.110000	194.360000	32.000
194.410000	194.520000	60.000
194.410000	194.520000	56.000
194.570000	194.710000	60.000
194.570000	194.710000	55.000
194.760000	194.860000	63.000
194.760000	194.860000	32.000
195.230000	195.330000	23.000
195.380000	195.520000	42.000
195.570000	196.030000	39.000
195.880000	196.030000	70.000
195.880000	196.030000	65.000
196.240000	196.370000	35.000
196.420000	196.510000	65.000
196.420000	196.510000	60.000
196.560000	196.740000	61.000
196.560000	196.740000	39.000
196.890000	197.030000	80.000
196.890000	197.030000	56.000
197.080000	197.170000	58.000
197.220000	197.500000	44.000
197.220000	197.500000	42.000
197.220000	197.500000	40.000
197.550000	197.820000	75.000
197.550000	197.820000	44.000
197.870000	198.150000	56.000
197.870000	198.150000	43.000
198.310000	198.480000	72.000
198.310000	198.480000	32.000
198.530000	198.670000	66.000
198.530000	198.670000	63.000
198.530000	198.670000	62.000
198.800000	198.970000	63.000
198.800000	198.970000	47.000
198.800000	198.970000	32.000
199.080000	199.130000	75.000
199.180000	199.290000	44.000
199.340000	199.460000	32.000
199.440000	199.600000	65.000
199.510000	199.600000	63.000
199.510000	199.600000	60.000
199.510000	199.600000	58.000
199.650000	199.700000	69.000
199.830000	200.430000	63.000
199.830000	200.120000	72.000
199.830000	200.120000	71.000
199.830000	200.120000	65.000
199.830000	200.120000	60.000
200.170000	200.430000	58.000
200.170000	200.430000	32.000
200.480000	200.760000	68.000
200.480000	200.760000	61.000
200.480000	200.760000	58.000
200.480000	200.760000	57.000
200.810000	201.070000	70.000
200.810000	201.070000	55.000
200.810000	201.070000	39.000
201.120000	201.270000	71.000
201.120000	201.270000	65.000
201.120000	201.270000	58.000
201.320000	201.440000	46.000
201.490000	201.750000	71.000
201.490000	201.750000	65.000
201.490000	201.750000	59.000
201.490000	201.750000	39.000
201.490000	201.750000	28.000
202.010000	202.100000	28.000
202.150000	202.310000	60.000
202.360000	202.730000	60.000
202.450000	203.080000	68.000
202.450000	202.730000	32.000
202.780000	203.080000	56.000
202.990000	203.080000	44.000
202.990000	203.080000	40.000
203.130000	203.230000	56.000
203.130000	203.230000	53.000
203.280000	204.020000	65.000
203.450000	203.910000	56.000
203.450000	203.720000	55.000
203.450000	203.720000	41.000
203.770000	203.910000	80.000
203.770000	203.910000	75.000
203.770000	203.910000	37.000
203.960000	204.020000	56.000
204.070000	204.230000	58.000
204.070000	204.230000	41.000
204.280000	204.370000	80.000
204.280000	204.370000	56.000
204.420000	204.540000	41.000
204.590000	205.020000	67.000
204.590000	205.020000	55.000
204.590000	204.890000	63.000
204.940000	205.020000	60.000
205.070000	205.360000	51.000
205.070000	205.360000	48.000
205.070000	205.360000	33.000
205.610000	205.670000	63.000
205.870000	206.320000	53.000
205.870000	206.010000	52.000
205.870000	206.010000	35.000
206.060000	206.530000	68.000
206.060000	206.320000	65.000
206.060000	206.320000	60.000
206.370000	206.530000	56.000
206.370000	206.530000	41.000
206.370000	206.530000	21.000
206.720000	206.990000	71.000
206.720000	206.990000	59.000
206.720000	206.990000	58.000
207.210000	207.330000	58.000
207.380000	207.950000	60.000
207.380000	207.630000	67.000
207.380000	207.630000	63.000
207.680000	207.950000	63.000
207.680000	207.950000	58.000
207.680000	207.950000	48.000
207.680000	207.950000	41.000
207.680000	207.950000	28.000
208.000000	208.130000	46.000
208.000000	208.130000	41.000
208.180000	208.260000	60.000
208.310000	208.610000	72.000
208.310000	208.610000	60.000
208.530000	208.920000	65.000
208.660000	208.920000	73.000
208.660000	208.920000	46.000
208.970000	209.120000	71.000
208.970000	209.120000	65.000
209.320000	209.570000	77.000
209.320000	209.570000	70.000
209.320000	209.570000	34.000
209.620000	209.900000	34.000
209.950000	210.550000	51.000
210.270000	210.550000	39.000
210.270000	210.550000	35.000
210.270000	210.550000	32.000
210.600000	211.180000	42.000
210.600000	210.860000	77.000
210.600000	210.860000	46.000
210.910000	211.230000	68.000
210.910000	211.180000	75.000
210.910000	211.180000	70.000
210.910000	211.180000	65.000
210.910000	211.180000	61.000
210.910000	211.180000	39.000
210.910000	211.180000	28.000
210.910000	211.180000	23.000
211.280000	211.850000	63.000
211.280000	211.720000	68.000
211.280000	211.720000	32.000
211.280000	211.530000	72.000
211.580000	211.720000	70.000
211.580000	211.720000	39.000
211.770000	211.850000	51.000
211.770000	211.850000	44.000
211.900000	212.200000	80.000
211.900000	212.200000	73.000
211.900000	212.200000	42.000
211.900000	212.200000	33.000
212.390000	212.750000	32.000
212.570000	212.750000	71.000
212.570000	212.750000	59.000
212.570000	212.750000	41.000
212.800000	213.340000	72.000
212.900000	213.180000	60.000
213.070000	213.180000	44.000
213.390000	213.500000	73.000
213.390000	213.500000	60.000
213.390000	213.500000	57.000
213.550000	213.830000	68.000
213.550000	213.830000	62.000
213.550000	213.830000	29.000
213.550000	213.830000	22.000
213.880000	214.370000	39.000
213.880000	214.160000	70.000
213.880000	214.160000	44.000
214.210000	214.370000	63.000
214.210000	214.370000	34.000
214.210000	214.370000	24.000
214.550000	214.820000	75.000
214.550000	214.820000	35.000
214.550000	214.820000	25.000
215.050000	215.150000	77.000
215.200000	215.450000	35.000
215.870000	216.170000	35.000
215.870000	216.090000	68.000
216.510000	216.750000	80.000
216.510000	216.750000	49.000
216.800000	217.250000	73.000
216.800000	217.250000	70.000
216.800000	217.250000	38.000
216.800000	217.250000	34.000
216.800000	217.250000	33.000
216.800000	217.250000	30.000
217.440000	217.730000	43.000
217.850000	218.060000	68.000
217.850000	218.060000	47.000
217.850000	218.060000	42.000
217.850000	218.060000	32.000
218.110000	218.400000	25.000
218.110000	218.400000	21.000
218.450000	218.930000	78.000
218.450000	218.730000	68.000
218.450000	218.730000	63.000
218.450000	218.730000	37.000
219.200000	219.380000	53.000
219.200000	219.380000	37.000
219.430000	219.570000	38.000
219.620000	220.370000	56.000
219.620000	219.910000	87.000
219.960000	220.370000	68.000
220.090000	220.370000	44.000
220.090000	220.370000	37.000
220.420000	220.900000	63.000
220.420000	220.690000	70.000
220.420000	220.570000	23.000
220.740000	220.900000	65.000
220.740000	220.900000	32.000
221.070000	221.550000	32.000
221.070000	221.320000	75.000
221.070000	221.320000	65.000
221.370000	221.550000	58.000
221.710000	222.160000	28.000
221.710000	221.990000	65.000
221.710000	221.990000	58.000
221.710000	221.990000	42.000
222.040000	222.640000	58.000
222.040000	222.330000	70.000
222.210000	222.330000	65.000
222.380000	222.540000	70.000
222.380000	222.540000	39.000
222.380000	222.540000	35.000
222.380000	222.540000	28.000
222.590000	222.640000	70.000
222.690000	222.980000	46.000
223.030000	223.160000	70.000
223.030000	223.160000	39.000
223.210000	223.290000	71.000
223.210000	223.290000	59.000
223.340000	224.280000	44.000
223.530000	224.280000	56.000
223.680000	224.280000	32.000
223.680000	223.940000	65.000
224.330000	224.610000	65.000
224.330000	224.570000	49.000
224.330000	224.570000	40.000
224.660000	224.760000	53.000
224.810000	225.600000	68.000
224.810000	225.260000	75.000
224.810000	225.260000	57.000
224.810000	225.260000	46.000
224.810000	225.260000	37.000
225.310000	225.600000	37.000
225.650000	225.910000	51.000
225.960000	226.740000	44.000
225.960000	226.120000	65.000
226.170000	226.570000	32.000
226.310000	226.510000	46.000
226.310000	226.510000	37.000
226.620000	226.910000	32.000
226.960000	227.230000	39.000
226.960000	227.180000	72.000
227.280000	227.420000	72.000
227.470000	227.870000	56.000
227.470000	227.870000	39.000
227.920000	228.350000	68.000
227.920000	228.350000	60.000
227.920000	228.350000	39.000
227.920000	228.350000	28.000
228.400000	228.540000	56.000
228.590000	228.700000	56.000
228.590000	228.700000	51.000
228.750000	228.870000	55.000
228.920000	229.190000	57.000
228.920000	229.190000	32.000
229.240000	229.410000	54.000
229.460000	229.540000	70.000
229.590000	229.990000	39.000
229.590000	229.850000	35.000
230.250000	230.500000	60.000
230.250000	230.500000	44.000
230.250000	230.500000	39.000
230.250000	230.500000	28.000
230.550000	230.710000	46.000
230.550000	230.710000	39.000
230.760000	231.020000	68.000
230.760000	231.020000	54.000
230.760000	231.020000	23.000
231.070000	231.150000	54.000
231.200000	231.480000	32.000
231.420000	231.800000	56.000
231.420000	231.480000	63.000
231.420000	231.480000	60.000
231.530000	231.800000	68.000
231.530000	231.800000	63.000
231.530000	231.800000	32.000
231.850000	232.150000	72.000
231.850000	232.150000	71.000
231.850000	232.150000	60.000
231.850000	232.150000	46.000
232.200000	232.660000	39.000
232.200000	232.460000	72.000
232.850000	233.120000	67.000
232.850000	233.120000	63.000
232.850000	233.120000	28.000
232.850000	232.970000	33.000
233.020000	233.120000	71.000
233.360000	233.460000	60.000
233.360000	233.460000	54.000
233.510000	233.650000	56.000
233.700000	234.100000	68.000
233.830000	234.100000	56.000
233.830000	233.950000	53.000
234.000000	234.100000	60.000
234.000000	234.100000	51.000
234.240000	234.440000	58.000
234.240000	234.440000	32.000
234.490000	234.630000	53.000
234.490000	234.630000	30.000
234.490000	234.630000	23.000
234.680000	234.770000	70.000
234.820000	235.090000	58.000
235.000000	235.090000	65.000
235.140000	235.280000	39.000
235.490000	235.740000	60.000
235.490000	235.740000	46.000
235.490000	235.740000	39.000
235.790000	235.910000	58.000
235.960000	236.400000	56.000
235.960000	236.260000	68.000
235.960000	236.110000	65.000
236.160000	236.260000	51.000
236.380000	236.400000	65.000
236.450000	236.580000	52.000
236.630000	236.740000	63.000
236.630000	236.740000	60.000
236.790000	237.060000	56.000
236.970000	237.060000	60.000
237.170000	237.400000	44.000
237.310000	237.400000	32.000
237.450000	237.710000	39.000
237.450000	237.710000	35.000
237.760000	237.910000	75.000
238.090000	238.380000	60.000
238.090000	238.380000	46.000
238.090000	238.380000	39.000
238.430000	238.610000	46.000
238.660000	238.720000	68.000
238.770000	238.910000	63.000
238.770000	238.910000	60.000
238.770000	238.910000	48.000
238.960000	239.370000	56.000
238.960000	239.040000	63.000
239.090000	239.370000	44.000
239.090000	239.200000	51.000
239.250000	239.520000	63.000
239.250000	239.370000	68.000
239.250000	239.370000	32.000
239.420000	239.690000	56.000
239.570000	240.030000	32.000
239.570000	239.690000	63.000
239.740000	240.340000	39.000
239.740000	239.920000	35.000
240.080000	240.340000	47.000
240.080000	240.340000	27.000
240.390000	240.540000	75.000
240.390000	240.540000	65.000
240.390000	240.540000	39.000
240.730000	241.030000	65.000
240.730000	240.860000	60.000
240.910000	241.030000	39.000
240.910000	241.030000	28.000
241.080000	241.680000	56.000
241.080000	241.680000	44.000
241.080000	241.520000	70.000
241.080000	241.520000	60.000
241.080000	241.520000	39.000
241.730000	241.850000	43.000
241.900000	242.360000	63.000
241.900000	242.000000	32.000
242.050000	242.360000	56.000
242.050000	242.290000	60.000
242.410000	242.510000	32.000
242.590000	242.660000	65.000
242.710000	242.980000	60.000
242.710000	242.980000	46.000
242.710000	242.980000	35.000
243.030000	243.160000	25.000
243.370000	243.640000	39.000
243.370000	243.510000	74.000
243.560000	244.150000	75.000
243.870000	243.980000	68.000
243.870000	243.980000	39.000
244.030000	244.150000	71.000
244.200000	244.280000	56.000
244.330000	244.610000	47.000
244.330000	244.610000	43.000
244.330000	244.610000	32.000
244.660000	245.130000	56.000
244.660000	244.820000	71.000
244.870000	245.270000	32.000
245.180000	245.270000	63.000
245.180000	245.270000	28.000
245.320000	245.590000	56.000
245.320000	245.590000	40.000
245.640000	245.760000	65.000
245.810000	245.920000	39.000
245.970000	246.240000	75.000
245.970000	246.240000	35.000
245.970000	246.240000	27.000
246.290000	246.560000	61.000
246.290000	246.560000	59.000
246.290000	246.560000	45.000
246.290000	246.560000	39.000
246.610000	247.210000	60.000
246.770000	246.880000	68.000
246.930000	247.370000	68.000
246.930000	247.210000	75.000
246.930000	247.210000	53.000
246.930000	247.210000	46.000
246.930000	247.210000	32.000
247.260000	247.730000	44.000
247.420000	247.520000	58.000
247.420000	247.520000	32.000
247.570000	247.730000	60.000
247.570000	247.730000	56.000
248.080000	248.370000	65.000
248.080000	248.180000	32.000
248.230000	248.370000	27.000
248.420000	248.700000	39.000
249.220000	249.480000	60.000
249.220000	249.350000	33.000
249.400000	249.480000	56.000
249.530000	250.130000	56.000
249.530000	249.670000	59.000
249.720000	249.810000	32.000
250.180000	250.350000	41.000
250.180000	250.350000	23.000
250.400000	250.460000	51.000
250.510000	250.780000	47.000
250.510000	250.780000	46.000
250.510000	250.780000	39.000
250.830000	250.960000	65.000
250.830000	250.960000	42.000
250.830000	250.960000	27.000
251.010000	251.260000	46.000
251.010000	251.260000	39.000
251.310000	251.630000	61.000
251.310000	251.440000	72.000
251.310000	251.440000	28.000
251.680000	251.760000	35.000
251.810000	252.080000	60.000
251.810000	251.940000	69.000
251.810000	251.940000	28.000
252.130000	252.950000	44.000
252.130000	252.730000	51.000
252.130000	252.410000	71.000
252.460000	252.950000	32.000
252.460000	252.730000	75.000
252.460000	252.730000	68.000
252.780000	252.950000	25.000
253.000000	253.060000	44.000
253.110000	253.390000	65.000
253.110000	253.390000	47.000
253.110000	253.390000	42.000
253.110000	253.390000	39.000
253.440000	253.570000	75.000
253.770000	254.030000	46.000
253.770000	254.030000	42.000
253.770000	254.030000	39.000
254.280000	254.410000	60.000
254.600000	255.320000	56.000
254.600000	254.850000	63.000
254.730000	255.010000	44.000
254.900000	255.320000	32.000
254.900000	255.010000	68.000
254.900000	255.010000	63.000
255.060000	255.540000	68.000
255.370000	255.540000	63.000
255.710000	255.990000	39.000
255.710000	255.990000	35.000
255.710000	255.990000	28.000
256.040000	256.150000	67.000
256.040000	256.150000	40.000
256.360000	256.500000	39.000
256.550000	256.630000	39.000
256.680000	256.860000	46.000
256.910000	256.980000	60.000
257.030000	257.150000	77.000
257.030000	257.150000	23.000
257.350000	257.610000	44.000
257.350000	257.480000	60.000
257.530000	258.150000	63.000
257.530000	257.800000	68.000
257.530000	257.610000	32.000
257.660000	258.250000	44.000
257.850000	258.150000	32.000
257.850000	257.920000	68.000
258.200000	258.250000	60.000
258.300000	258.570000	75.000
258.300000	258.570000	39.000
258.300000	258.570000	35.000
258.620000	258.730000	67.000
258.950000	259.210000	72.000
258.950000	259.210000	67.000
258.950000	259.210000	35.000
258.950000	259.210000	27.000
259.260000	259.710000	60.000
259.590000	259.710000	30.000
259.760000	260.500000	68.000
259.890000	260.500000	56.000
259.890000	260.180000	51.000
259.890000	260.040000	60.000
260.090000	260.180000	60.000
260.230000	260.690000	44.000
260.450000	260.500000	32.000
260.550000	260.760000	47.000
260.550000	260.690000	60.000
260.550000	260.690000	56.000
260.890000	261.150000	27.000
261.200000	261.330000	39.000
261.200000	261.330000	35.000
261.200000	261.330000	28.000
261.380000	261.790000	39.000
261.540000	261.790000	67.000
261.540000	261.790000	63.000
261.540000	261.790000	27.000
261.840000	262.020000	46.000
261.840000	262.020000	39.000
262.070000	262.300000	60.000
262.180000	262.300000	58.000
262.180000	262.300000	28.000
262.180000	262.300000	23.000
262.350000	263.310000	56.000
262.350000	262.770000	65.000
262.500000	263.090000	68.000
262.500000	262.770000	32.000
263.140000	263.310000	54.000
263.360000	263.430000	65.000
263.360000	263.430000	44.000
263.480000	263.750000	51.000
263.990000	264.090000	39.000
264.140000	264.400000	51.000
264.300000	264.400000	39.000
264.300000	264.400000	23.000
264.790000	265.060000	60.000
264.790000	264.920000	67.000
264.790000	264.920000	28.000
264.970000	265.710000	56.000
264.970000	265.060000	63.000
265.110000	265.710000	63.000
265.110000	265.710000	32.000
265.440000	265.710000	75.000
265.440000	265.710000	70.000
265.760000	265.900000	56.000
265.950000	266.050000	51.000
265.950000	266.050000	46.000
266.100000	266.550000	39.000
266.390000	266.550000	23.000
266.600000	267.010000	51.000
266.600000	267.010000	46.000
266.750000	267.010000	34.000
266.750000	267.010000	27.000
267.060000	267.340000	39.000
267.390000	267.670000	63.000
267.390000	267.520000	60.000
267.390000	267.520000	32.000
267.570000	268.180000	56.000
267.720000	268.180000	32.000
267.720000	268.000000	68.000
268.050000	268.330000	68.000
268.230000	268.520000	60.000
268.230000	268.330000	56.000
268.380000	268.520000	32.000
268.380000	268.520000	23.000
268.570000	268.650000	60.000
268.700000	268.970000	51.000
268.890000	268.970000	75.000
269.020000	269.150000	65.000
269.200000	269.630000	51.000
269.580000	269.630000	65.000
269.750000	269.950000	59.000
269.750000	269.900000	42.000
270.000000	270.220000	60.000
270.330000	270.490000	68.000
270.330000	270.490000	32.000
270.540000	270.590000	44.000
270.640000	271.260000	44.000
270.640000	270.930000	42.000
270.980000	271.260000	51.000
271.310000	271.580000	72.000
271.310000	271.580000	63.000
271.310000	271.580000	32.000
271.310000	271.580000	27.000
271.630000	271.750000	28.000
271.970000	272.230000	75.000
271.970000	272.230000	44.000
271.970000	272.230000	39.000
272.520000	272.770000	44.000
272.520000	272.770000	42.000
272.520000	272.770000	28.000
272.920000	273.520000	32.000
273.780000	273.890000	74.000
273.940000	274.200000	88.000
273.940000	274.200000	75.000
273.940000	274.200000	71.000
274.250000	274.570000	75.000
274.250000	274.570000	74.000
274.250000	274.570000	71.000
274.250000	274.570000	68.000
274.620000	274.870000	75.000
274.620000	274.870000	71.000
274.920000	275.390000	69.000
274.920000	275.390000	60.000
274.920000	275.390000	57.000
274.920000	275.390000	56.000
275.440000	275.540000	70.000
275.440000	275.540000	58.000
275.790000	275.820000	76.000
275.870000	276.430000	63.000
275.870000	276.430000	56.000
275.870000	276.430000	53.000
275.870000	276.430000	49.000
275.870000	276.430000	46.000
