0.267029	0.267029	0.267
0.336689	0.336689	0.337
0.417959	0.417959	0.418
1.010068	1.010068	1.010
1.102948	1.102948	1.103
1.753107	1.753107	1.753
1.811156	1.811156	1.811
2.089796	2.089796	2.090
2.310385	2.310385	2.310
2.380045	2.380045	2.380
2.449705	2.449705	2.450
2.774785	2.774785	2.775
2.937324	2.937324	2.937
3.169524	3.169524	3.170
3.378503	3.378503	3.379
3.854512	3.854512	3.855
3.935782	3.935782	3.936
5.120000	5.120000	5.120
5.236100	5.236100	5.236
5.596009	5.596009	5.596
5.665669	5.665669	5.666
5.944308	5.944308	5.944
6.037188	6.037188	6.037
6.280998	6.280998	6.281
6.443537	6.443537	6.444
6.606077	6.606077	6.606
6.907937	6.907937	6.908
7.116916	7.116916	7.117
7.256236	7.256236	7.256
7.430385	7.430385	7.430
7.569705	7.569705	7.570
7.906395	7.906395	7.906
8.103764	8.103764	8.104
8.243084	8.243084	8.243
8.394014	8.394014	8.394
8.568163	8.568163	8.568
8.893243	8.893243	8.893
9.090612	9.090612	9.091
9.253152	9.253152	9.253
9.427302	9.427302	9.427
9.555011	9.555011	9.555
9.891701	9.891701	9.892
10.089070	10.089070	10.089
10.216780	10.216780	10.217
10.309660	10.309660	10.310
10.553469	10.553469	10.553
10.739229	10.739229	10.739
10.878549	10.878549	10.879
11.052698	11.052698	11.053
11.215238	11.215238	11.215
11.412608	11.412608	11.413
11.540317	11.540317	11.540
11.714467	11.714467	11.714
11.911837	11.911837	11.912
12.016327	12.016327	12.016
12.190476	12.190476	12.190
12.376236	12.376236	12.376
12.527166	12.527166	12.527
12.724535	12.724535	12.725
12.840635	12.840635	12.841
13.188934	13.188934	13.189
13.386304	13.386304	13.386
13.514014	13.514014	13.514
13.850703	13.850703	13.851
14.059683	14.059683	14.060
14.175782	14.175782	14.176
14.361542	14.361542	14.362
14.524082	14.524082	14.524
14.698231	14.698231	14.698
14.837551	14.837551	14.838
15.162630	15.162630	15.163
15.336780	15.336780	15.337
15.487710	15.487710	15.488
15.836009	15.836009	15.836
15.917279	15.917279	15.917
16.184308	16.184308	16.184
16.346848	16.346848	16.347
16.486168	16.486168	16.486
16.637098	16.637098	16.637
16.811247	16.811247	16.811
17.008617	17.008617	17.009
17.147937	17.147937	17.148
17.484626	17.484626	17.485
17.798095	17.798095	17.798
17.995465	17.995465	17.995
18.123175	18.123175	18.123
18.459864	18.459864	18.460
18.657234	18.657234	18.657
18.784943	18.784943	18.785
19.121633	19.121633	19.122
19.330612	19.330612	19.331
19.458322	19.458322	19.458
19.644082	19.644082	19.644
19.795011	19.795011	19.795
19.876281	19.876281	19.876
20.108481	20.108481	20.108
20.282630	20.282630	20.283
20.398730	20.398730	20.399
20.619320	20.619320	20.619
20.770249	20.770249	20.770
21.095329	21.095329	21.095
21.281088	21.281088	21.281
21.432018	21.432018	21.432
21.606168	21.606168	21.606
21.768707	21.768707	21.769
21.896417	21.896417	21.896
22.105397	22.105397	22.105
22.175057	22.175057	22.175
22.291156	22.291156	22.291
22.442086	22.442086	22.442
22.639456	22.639456	22.639
22.755556	22.755556	22.756
22.929705	22.929705	22.930
23.010975	23.010975	23.011
23.243175	23.243175	23.243
23.417324	23.417324	23.417
23.579864	23.579864	23.580
23.742404	23.742404	23.742
23.835283	23.835283	23.835
23.916553	23.916553	23.917
24.067483	24.067483	24.067
24.299683	24.299683	24.300
24.404172	24.404172	24.404
24.508662	24.508662	24.509
24.717642	24.717642	24.718
24.915011	24.915011	24.915
25.065941	25.065941	25.066
25.391020	25.391020	25.391
25.565170	25.565170	25.565
25.716100	25.716100	25.716
25.913469	25.913469	25.913
26.041179	26.041179	26.041
26.377868	26.377868	26.378
26.586848	26.586848	26.587
26.726168	26.726168	26.726
26.865488	26.865488	26.865
27.039637	27.039637	27.040
27.109297	27.109297	27.109
27.469206	27.469206	27.469
27.562086	27.562086	27.562
27.736236	27.736236	27.736
27.898776	27.898776	27.899
28.084535	28.084535	28.085
28.212245	28.212245	28.212
28.398005	28.398005	28.398
28.595374	28.595374	28.595
28.827574	28.827574	28.828
28.920454	28.920454	28.920
29.094603	29.094603	29.095
29.744762	29.744762	29.745
29.942132	29.942132	29.942
30.081451	30.081451	30.081
30.603900	30.603900	30.604
31.091519	31.091519	31.092
31.764898	31.764898	31.765
31.880998	31.880998	31.881
32.124807	32.124807	32.125
32.461497	32.461497	32.461
32.565986	32.565986	32.566
32.798186	32.798186	32.798
32.972336	32.972336	32.972
33.274195	33.274195	33.274
33.448345	33.448345	33.448
33.552834	33.552834	33.553
33.657324	33.657324	33.657
33.785034	33.785034	33.785
33.970794	33.970794	33.971
34.110113	34.110113	34.110
34.202993	34.202993	34.203
34.446803	34.446803	34.447
34.644172	34.644172	34.644
34.771882	34.771882	34.772
35.108571	35.108571	35.109
35.445261	35.445261	35.445
35.631020	35.631020	35.631
35.781950	35.781950	35.782
35.967710	35.967710	35.968
36.095419	36.095419	36.095
36.188299	36.188299	36.188
36.316009	36.316009	36.316
36.583039	36.583039	36.583
36.757188	36.757188	36.757
37.082268	37.082268	37.082
37.175147	37.175147	37.175
37.302857	37.302857	37.303
37.407347	37.407347	37.407
37.732426	37.732426	37.732
38.069116	38.069116	38.069
38.254875	38.254875	38.255
38.417415	38.417415	38.417
38.591565	38.591565	38.592
38.730884	38.730884	38.731
38.939864	38.939864	38.940
39.044354	39.044354	39.044
39.241723	39.241723	39.242
39.392653	39.392653	39.393
39.520363	39.520363	39.520
39.729342	39.729342	39.729
39.891882	39.891882	39.892
40.054422	40.054422	40.054
40.170522	40.170522	40.171
40.379501	40.379501	40.380
40.483991	40.483991	40.484
40.565261	40.565261	40.565
40.704580	40.704580	40.705
40.913560	40.913560	40.914
41.052880	41.052880	41.053
41.227029	41.227029	41.227
41.377959	41.377959	41.378
41.575329	41.575329	41.575
41.691429	41.691429	41.691
41.888798	41.888798	41.889
42.028118	42.028118	42.028
42.120998	42.120998	42.121
42.364807	42.364807	42.365
42.678277	42.678277	42.678
42.887256	42.887256	42.887
43.014966	43.014966	43.015
43.351655	43.351655	43.352
43.537415	43.537415	43.537
43.688345	43.688345	43.688
43.839274	43.839274	43.839
43.990204	43.990204	43.990
44.083084	44.083084	44.083
44.199184	44.199184	44.199
44.338503	44.338503	44.339
44.524263	44.524263	44.524
44.663583	44.663583	44.664
44.756463	44.756463	44.756
44.849342	44.849342	44.849
44.988662	44.988662	44.989
45.336961	45.336961	45.337
45.487891	45.487891	45.488
45.638821	45.638821	45.639
45.963900	45.963900	45.964
46.161270	46.161270	46.161
46.451519	46.451519	46.452
46.625669	46.625669	46.626
46.788209	46.788209	46.788
46.881088	46.881088	46.881
47.148118	47.148118	47.148
47.287438	47.287438	47.287
47.380317	47.380317	47.380
47.496417	47.496417	47.496
47.612517	47.612517	47.613
47.821497	47.821497	47.821
47.925986	47.925986	47.926
48.134966	48.134966	48.135
48.262676	48.262676	48.263
48.587755	48.587755	48.588
48.773515	48.773515	48.774
48.936054	48.936054	48.936
49.249524	49.249524	49.250
49.342404	49.342404	49.342
49.412063	49.412063	49.412
49.562993	49.562993	49.563
49.771973	49.771973	49.772
49.911293	49.911293	49.911
50.085442	50.085442	50.085
50.236372	50.236372	50.236
50.422132	50.422132	50.422
50.631111	50.631111	50.631
50.723991	50.723991	50.724
50.898141	50.898141	50.898
51.107120	51.107120	51.107
51.211610	51.211610	51.212
51.408980	51.408980	51.409
51.559909	51.559909	51.560
51.884989	51.884989	51.885
52.059138	52.059138	52.059
52.407438	52.407438	52.407
52.546757	52.546757	52.547
52.871837	52.871837	52.872
53.092426	53.092426	53.092
53.208526	53.208526	53.209
53.371066	53.371066	53.371
53.545215	53.545215	53.545
54.067664	54.067664	54.068
54.206984	54.206984	54.207
54.590113	54.590113	54.590
54.729433	54.729433	54.729
54.880363	54.880363	54.880
55.251882	55.251882	55.252
55.402812	55.402812	55.403
55.553741	55.553741	55.554
56.203900	56.203900	56.204
56.261950	56.261950	56.262
56.331610	56.331610	56.332
56.528980	56.528980	56.529
57.039819	57.039819	57.040
57.504218	57.504218	57.504
58.224036	58.224036	58.224
58.560726	58.560726	58.561
58.723265	58.723265	58.723
58.885805	58.885805	58.886
59.234104	59.234104	59.234
59.408254	59.408254	59.408
59.570794	59.570794	59.571
59.756553	59.756553	59.757
59.895873	59.895873	59.896
60.093243	60.093243	60.093
60.290612	60.290612	60.291
60.395102	60.395102	60.395
60.546032	60.546032	60.546
60.859501	60.859501	60.860
61.172971	61.172971	61.173
61.532880	61.532880	61.533
61.788299	61.788299	61.788
62.032109	62.032109	62.032
62.194649	62.194649	62.195
62.508118	62.508118	62.508
62.600998	62.600998	62.601
62.647438	62.647438	62.647
62.879637	62.879637	62.880
63.018957	63.018957	63.019
63.169887	63.169887	63.170
63.262766	63.262766	63.263
63.390476	63.390476	63.390
63.506576	63.506576	63.507
63.599456	63.599456	63.599
63.831655	63.831655	63.832
64.029025	64.029025	64.029
64.179955	64.179955	64.180
64.272834	64.272834	64.273
64.493424	64.493424	64.493
64.690794	64.690794	64.691
64.818503	64.818503	64.819
65.143583	65.143583	65.144
65.352562	65.352562	65.353
65.805351	65.805351	65.805
66.165261	66.165261	66.165
66.443900	66.443900	66.444
66.664490	66.664490	66.664
66.815420	66.815420	66.815
67.152109	67.152109	67.152
67.337868	67.337868	67.338
67.488798	67.488798	67.489
67.651338	67.651338	67.651
67.802268	67.802268	67.802
67.895147	67.895147	67.895
68.127347	68.127347	68.127
68.301497	68.301497	68.301
68.464036	68.464036	68.464
68.626576	68.626576	68.627
68.800726	68.800726	68.801
69.149025	69.149025	69.149
69.276735	69.276735	69.277
69.462494	69.462494	69.462
69.729524	69.729524	69.730
69.799184	69.799184	69.799
69.973333	69.973333	69.973
70.182313	70.182313	70.182
70.356463	70.356463	70.356
70.449342	70.449342	70.449
70.542222	70.542222	70.542
70.669932	70.669932	70.670
70.844082	70.844082	70.844
70.971791	70.971791	70.972
71.099501	71.099501	71.100
71.436190	71.436190	71.436
71.691610	71.691610	71.692
71.935419	71.935419	71.935
72.086349	72.086349	72.086
72.411429	72.411429	72.411
72.597188	72.597188	72.597
72.759728	72.759728	72.760
73.073197	73.073197	73.073
73.456327	73.456327	73.456
73.711746	73.711746	73.712
74.071655	74.071655	74.072
74.594104	74.594104	74.594
74.721814	74.721814	74.722
75.046893	75.046893	75.047
75.232653	75.232653	75.233
75.395193	75.395193	75.395
75.720272	75.720272	75.720
75.824762	75.824762	75.825
75.940862	75.940862	75.941
76.068571	76.068571	76.069
76.196281	76.196281	76.196
76.370431	76.370431	76.370
76.695510	76.695510	76.696
76.950930	76.950930	76.951
77.206349	77.206349	77.206
77.368889	77.368889	77.369
77.484989	77.484989	77.485
78.204807	78.204807	78.205
78.309297	78.309297	78.309
78.738866	78.738866	78.739
78.831746	78.831746	78.832
78.866576	78.866576	78.867
79.447075	79.447075	79.447
79.783764	79.783764	79.784
79.969524	79.969524	79.970
80.108844	80.108844	80.109
80.271383	80.271383	80.271
80.457143	80.457143	80.457
80.631293	80.631293	80.631
80.782222	80.782222	80.782
80.967982	80.967982	80.968
81.107302	81.107302	81.107
81.223401	81.223401	81.223
81.339501	81.339501	81.340
81.467211	81.467211	81.467
81.618141	81.618141	81.618
81.757460	81.757460	81.757
82.094150	82.094150	82.094
82.187029	82.187029	82.187
82.419229	82.419229	82.419
82.546939	82.546939	82.547
82.604989	82.604989	82.605
82.755918	82.755918	82.756
82.930068	82.930068	82.930
83.092608	83.092608	83.093
83.266757	83.266757	83.267
83.417687	83.417687	83.418
83.533787	83.533787	83.534
83.742766	83.742766	83.743
83.940136	83.940136	83.940
84.067846	84.067846	84.068
84.195556	84.195556	84.196
84.265215	84.265215	84.265
84.392925	84.392925	84.393
84.485805	84.485805	84.486
84.729615	84.729615	84.730
85.043084	85.043084	85.043
85.194014	85.194014	85.194
85.263673	85.263673	85.264
85.391383	85.391383	85.391
85.716463	85.716463	85.716
85.797732	85.797732	85.798
85.879002	85.879002	85.879
86.029932	86.029932	86.030
86.099592	86.099592	86.100
86.227302	86.227302	86.227
86.355011	86.355011	86.355
86.563991	86.563991	86.564
86.691701	86.691701	86.692
86.865850	86.865850	86.866
87.005170	87.005170	87.005
87.341859	87.341859	87.342
87.655329	87.655329	87.655
87.806259	87.806259	87.806
87.992018	87.992018	87.992
88.305488	88.305488	88.305
88.491247	88.491247	88.491
88.630567	88.630567	88.631
88.978866	88.978866	88.979
89.153016	89.153016	89.153
89.292336	89.292336	89.292
89.443265	89.443265	89.443
89.617415	89.617415	89.617
89.954104	89.954104	89.954
90.163084	90.163084	90.163
90.279184	90.279184	90.279
90.441723	90.441723	90.442
90.615873	90.615873	90.616
90.940952	90.940952	90.941
91.126712	91.126712	91.127
91.277642	91.277642	91.278
91.382132	91.382132	91.382
91.475011	91.475011	91.475
91.602721	91.602721	91.603
91.927800	91.927800	91.928
92.125170	92.125170	92.125
92.252880	92.252880	92.253
92.577959	92.577959	92.578
92.786939	92.786939	92.787
92.891429	92.891429	92.891
93.228118	93.228118	93.228
93.553197	93.553197	93.553
93.738957	93.738957	93.739
93.889887	93.889887	93.890
93.982766	93.982766	93.983
94.087256	94.087256	94.087
94.203356	94.203356	94.203
94.447166	94.447166	94.447
94.737415	94.737415	94.737
94.865125	94.865125	94.865
95.190204	95.190204	95.190
95.294694	95.294694	95.295
95.375964	95.375964	95.376
95.503673	95.503673	95.504
95.689433	95.689433	95.689
95.863583	95.863583	95.864
95.956463	95.956463	95.956
96.177052	96.177052	96.177
96.374422	96.374422	96.374
96.548571	96.548571	96.549
96.595011	96.595011	96.595
96.711111	96.711111	96.711
96.850431	96.850431	96.850
97.024580	97.024580	97.025
97.291610	97.291610	97.292
97.372880	97.372880	97.373
97.500590	97.500590	97.501
97.651519	97.651519	97.652
97.837279	97.837279	97.837
97.941769	97.941769	97.942
98.034649	98.034649	98.035
98.162358	98.162358	98.162
98.359728	98.359728	98.360
98.499048	98.499048	98.499
98.603537	98.603537	98.604
98.708027	98.708027	98.708
98.812517	98.812517	98.813
99.009887	99.009887	99.010
99.149206	99.149206	99.149
99.346576	99.346576	99.347
99.474286	99.474286	99.474
99.567166	99.567166	99.567
99.636825	99.636825	99.637
99.810975	99.810975	99.811
99.985125	99.985125	99.985
100.124444	100.124444	100.124
100.252154	100.252154	100.252
100.461134	100.461134	100.461
100.670113	100.670113	100.670
100.786213	100.786213	100.786
100.925533	100.925533	100.926
101.122902	101.122902	101.123
101.273832	101.273832	101.274
101.447982	101.447982	101.448
101.656961	101.656961	101.657
101.784671	101.784671	101.785
101.970431	101.970431	101.970
102.109751	102.109751	102.110
102.272290	102.272290	102.272
102.446440	102.446440	102.446
102.771519	102.771519	102.772
102.968889	102.968889	102.969
103.131429	103.131429	103.131
103.270748	103.270748	103.271
103.433288	103.433288	103.433
103.804807	103.804807	103.805
103.897687	103.897687	103.898
104.141497	104.141497	104.141
104.652336	104.652336	104.652
105.151565	105.151565	105.152
105.279274	105.279274	105.279
105.453424	105.453424	105.453
105.824943	105.824943	105.825
106.126803	106.126803	106.127
106.347392	106.347392	106.347
106.475102	106.475102	106.475
106.567982	106.567982	106.568
106.788571	106.788571	106.789
106.985941	106.985941	106.986
107.287800	107.287800	107.288
107.461950	107.461950	107.462
107.775420	107.775420	107.775
107.984399	107.984399	107.984
108.123719	108.123719	108.124
108.448798	108.448798	108.449
108.541678	108.541678	108.542
108.669388	108.669388	108.669
108.773878	108.773878	108.774
108.959637	108.959637	108.960
109.110567	109.110567	109.111
109.424036	109.424036	109.424
109.621406	109.621406	109.621
109.772336	109.772336	109.772
110.085805	110.085805	110.086
110.178685	110.178685	110.179
110.271565	110.271565	110.272
110.422494	110.422494	110.422
110.468934	110.468934	110.469
110.573424	110.573424	110.573
110.735964	110.735964	110.736
110.828844	110.828844	110.829
110.979773	110.979773	110.980
111.072653	111.072653	111.073
111.386122	111.386122	111.386
111.734422	111.734422	111.734
112.047891	112.047891	112.048
112.233651	112.233651	112.234
112.407800	112.407800	112.408
112.547120	112.547120	112.547
112.698050	112.698050	112.698
113.023129	113.023129	113.023
113.220499	113.220499	113.220
113.348209	113.348209	113.348
113.441088	113.441088	113.441
113.568798	113.568798	113.569
113.684898	113.684898	113.685
113.789388	113.789388	113.789
114.021587	114.021587	114.022
114.358277	114.358277	114.358
114.451156	114.451156	114.451
114.671746	114.671746	114.672
114.869116	114.869116	114.869
115.020045	115.020045	115.020
115.321905	115.321905	115.322
115.414785	115.414785	115.415
115.484444	115.484444	115.484
115.658594	115.658594	115.659
115.832744	115.832744	115.833
115.972063	115.972063	115.972
116.308753	116.308753	116.309
116.413243	116.413243	116.413
116.494512	116.494512	116.495
116.645442	116.645442	116.645
116.807982	116.807982	116.808
116.982132	116.982132	116.982
117.063401	117.063401	117.063
117.295601	117.295601	117.296
117.469751	117.469751	117.470
117.562630	117.562630	117.563
117.945760	117.945760	117.946
118.270839	118.270839	118.271
118.456599	118.456599	118.457
118.607528	118.607528	118.608
118.712018	118.712018	118.712
118.932608	118.932608	118.933
119.037098	119.037098	119.037
119.129977	119.129977	119.130
119.257687	119.257687	119.258
119.594376	119.594376	119.594
119.687256	119.687256	119.687
119.884626	119.884626	119.885
120.081995	120.081995	120.082
120.558005	120.558005	120.558
120.650884	120.650884	120.651
120.825034	120.825034	120.825
120.883084	120.883084	120.883
121.080454	121.080454	121.080
121.219773	121.219773	121.220
121.556463	121.556463	121.556
121.765442	121.765442	121.765
121.881542	121.881542	121.882
122.044082	122.044082	122.044
122.206621	122.206621	122.207
122.520091	122.520091	122.520
122.705850	122.705850	122.706
122.810340	122.810340	122.810
123.054150	123.054150	123.054
123.193469	123.193469	123.193
123.379229	123.379229	123.379
123.518549	123.518549	123.519
123.727528	123.727528	123.728
123.843628	123.843628	123.844
123.948118	123.948118	123.948
124.180317	124.180317	124.180
124.296417	124.296417	124.296
124.482177	124.482177	124.482
124.679546	124.679546	124.680
124.830476	124.830476	124.830
125.120726	125.120726	125.121
125.352925	125.352925	125.353
125.527075	125.527075	125.527
125.643175	125.643175	125.643
125.828934	125.828934	125.829
125.863764	125.863764	125.864
125.921814	125.921814	125.922
126.037914	126.037914	126.038
126.130794	126.130794	126.131
126.235283	126.235283	126.235
126.432653	126.432653	126.433
126.479093	126.479093	126.479
126.560363	126.560363	126.560
126.815782	126.815782	126.816
127.106032	127.106032	127.106
127.315011	127.315011	127.315
127.465941	127.465941	127.466
127.767800	127.767800	127.768
127.825850	127.825850	127.826
127.988390	127.988390	127.988
128.127710	128.127710	128.128
128.278639	128.278639	128.279
128.452789	128.452789	128.453
128.684989	128.684989	128.685
128.812698	128.812698	128.813
128.975238	128.975238	128.975
129.102948	129.102948	129.103
129.184218	129.184218	129.184
129.451247	129.451247	129.451
129.764717	129.764717	129.765
129.950476	129.950476	129.950
130.113016	130.113016	130.113
130.414875	130.414875	130.415
130.623855	130.623855	130.624
130.716735	130.716735	130.717
130.937324	130.937324	130.937
131.088254	131.088254	131.088
131.274014	131.274014	131.274
131.599093	131.599093	131.599
131.738413	131.738413	131.738
132.075102	132.075102	132.075
132.388571	132.388571	132.389
132.551111	132.551111	132.551
132.736871	132.736871	132.737
132.934240	132.934240	132.934
133.061950	133.061950	133.062
133.247710	133.247710	133.248
133.421859	133.421859	133.422
133.596009	133.596009	133.596
133.712109	133.712109	133.712
133.897868	133.897868	133.898
134.025578	134.025578	134.026
134.246168	134.246168	134.246
134.373878	134.373878	134.374
134.722177	134.722177	134.722
135.047256	135.047256	135.047
135.209796	135.209796	135.210
135.395556	135.395556	135.396
135.488435	135.488435	135.488
135.685805	135.685805	135.686
135.906395	135.906395	135.906
136.196644	136.196644	136.197
136.359184	136.359184	136.359
136.452063	136.452063	136.452
136.544943	136.544943	136.545
136.637823	136.637823	136.638
136.870023	136.870023	136.870
137.009342	137.009342	137.009
137.195102	137.195102	137.195
137.346032	137.346032	137.346
137.531791	137.531791	137.532
137.647891	137.647891	137.648
138.031020	138.031020	138.031
138.332880	138.332880	138.333
138.530249	138.530249	138.530
138.681179	138.681179	138.681
139.006259	139.006259	139.006
139.331338	139.331338	139.331
139.505488	139.505488	139.505
139.656417	139.656417	139.656
139.749297	139.749297	139.749
139.993107	139.993107	139.993
140.190476	140.190476	140.190
140.283356	140.283356	140.283
140.654875	140.654875	140.655
140.747755	140.747755	140.748
140.945125	140.945125	140.945
141.165714	141.165714	141.166
141.293424	141.293424	141.293
141.397914	141.397914	141.398
141.630113	141.630113	141.630
141.862313	141.862313	141.862
142.129342	142.129342	142.129
142.291882	142.291882	142.292
142.454422	142.454422	142.454
142.628571	142.628571	142.629
142.942041	142.942041	142.942
143.290340	143.290340	143.290
143.383220	143.383220	143.383
143.557370	143.557370	143.557
143.627029	143.627029	143.627
143.812789	143.812789	143.813
143.963719	143.963719	143.964
144.114649	144.114649	144.115
144.253968	144.253968	144.254
144.602268	144.602268	144.602
144.753197	144.753197	144.753
144.904127	144.904127	144.904
145.031837	145.031837	145.032
145.113107	145.113107	145.113
145.264036	145.264036	145.264
145.449796	145.449796	145.450
145.542676	145.542676	145.543
145.763265	145.763265	145.763
145.902585	145.902585	145.903
146.181224	146.181224	146.181
146.541134	146.541134	146.541
146.715283	146.715283	146.715
146.854603	146.854603	146.855
147.051973	147.051973	147.052
147.179683	147.179683	147.180
147.365442	147.365442	147.365
147.504762	147.504762	147.505
147.829841	147.829841	147.830
148.003991	148.003991	148.004
148.143311	148.143311	148.143
148.329070	148.329070	148.329
148.480000	148.480000	148.480
148.781859	148.781859	148.782
148.979229	148.979229	148.979
149.304308	149.304308	149.304
149.443628	149.443628	149.444
149.768707	149.768707	149.769
149.942857	149.942857	149.943
150.105397	150.105397	150.105
150.302766	150.302766	150.303
150.430476	150.430476	150.430
150.511746	150.511746	150.512
150.616236	150.616236	150.616
150.674286	150.674286	150.674
150.755556	150.755556	150.756
150.964535	150.964535	150.965
151.103855	151.103855	151.104
151.196735	151.196735	151.197
151.405714	151.405714	151.406
151.603084	151.603084	151.603
151.754014	151.754014	151.754
151.916553	151.916553	151.917
152.067483	152.067483	152.067
152.299683	152.299683	152.300
152.404172	152.404172	152.404
152.601542	152.601542	152.602
152.717642	152.717642	152.718
152.810522	152.810522	152.811
153.054331	153.054331	153.054
153.367800	153.367800	153.368
153.425850	153.425850	153.426
153.541950	153.541950	153.542
153.716100	153.716100	153.716
153.843810	153.843810	153.844
154.017959	154.017959	154.018
154.215329	154.215329	154.215
154.366259	154.366259	154.366
154.552018	154.552018	154.552
154.668118	154.668118	154.668
154.888707	154.888707	154.889
155.004807	155.004807	155.005
155.329887	155.329887	155.330
155.422766	155.422766	155.423
155.666576	155.666576	155.667
155.968435	155.968435	155.968
156.038095	156.038095	156.038
156.154195	156.154195	156.154
156.305125	156.305125	156.305
156.432834	156.432834	156.433
156.502494	156.502494	156.502
156.618594	156.618594	156.619
156.815964	156.815964	156.816
157.117823	157.117823	157.118
157.210703	157.210703	157.211
157.291973	157.291973	157.292
157.384853	157.384853	157.385
157.454512	157.454512	157.455
157.617052	157.617052	157.617
157.791202	157.791202	157.791
157.953741	157.953741	157.954
158.162721	158.162721	158.163
158.278821	158.278821	158.279
158.487800	158.487800	158.488
158.592290	158.592290	158.592
158.940590	158.940590	158.941
159.137959	159.137959	159.138
159.254059	159.254059	159.254
159.451429	159.451429	159.451
159.602358	159.602358	159.602
159.915828	159.915828	159.916
160.229297	160.229297	160.229
160.426667	160.426667	160.427
160.565986	160.565986	160.566
160.902676	160.902676	160.903
161.100045	161.100045	161.100
161.204535	161.204535	161.205
161.378685	161.378685	161.379
161.564444	161.564444	161.564
161.866304	161.866304	161.866
162.063673	162.063673	162.064
162.214603	162.214603	162.215
162.388753	162.388753	162.389
162.528073	162.528073	162.528
162.620952	162.620952	162.621
162.702222	162.702222	162.702
162.818322	162.818322	162.818
163.027302	163.027302	163.027
163.189841	163.189841	163.190
163.282721	163.282721	163.283
163.514921	163.514921	163.515
163.607800	163.607800	163.608
163.828390	163.828390	163.828
164.002540	164.002540	164.003
164.165079	164.165079	164.165
164.478549	164.478549	164.479
164.664308	164.664308	164.664
164.826848	164.826848	164.827
165.140317	165.140317	165.140
165.314467	165.314467	165.314
165.407347	165.407347	165.407
165.662766	165.662766	165.663
165.802086	165.802086	165.802
166.138776	166.138776	166.139
166.440635	166.440635	166.441
166.788934	166.788934	166.789
166.870204	166.870204	166.870
167.021134	167.021134	167.021
167.090794	167.090794	167.091
167.276553	167.276553	167.277
167.427483	167.427483	167.427
167.752562	167.752562	167.753
168.077642	168.077642	168.078
168.275011	168.275011	168.275
168.402721	168.402721	168.403
168.495601	168.495601	168.496
168.739410	168.739410	168.739
169.041270	169.041270	169.041
169.192200	169.192200	169.192
169.389569	169.389569	169.390
169.575329	169.575329	169.575
169.714649	169.714649	169.715
169.900408	169.900408	169.900
170.364807	170.364807	170.365
170.446077	170.446077	170.446
170.782766	170.782766	170.783
170.864036	170.864036	170.864
171.003356	171.003356	171.003
171.107846	171.107846	171.108
171.328435	171.328435	171.328
171.409705	171.409705	171.410
171.630295	171.630295	171.630
171.839274	171.839274	171.839
171.978594	171.978594	171.979
172.164354	172.164354	172.164
172.292063	172.292063	172.292
172.477823	172.477823	172.478
172.640363	172.640363	172.640
172.791293	172.791293	172.791
172.930612	172.930612	172.931
173.046712	173.046712	173.047
173.441451	173.441451	173.441
173.569161	173.569161	173.569
173.905850	173.905850	173.906
174.219320	174.219320	174.219
174.381859	174.381859	174.382
174.439909	174.439909	174.440
174.567619	174.567619	174.568
174.881088	174.881088	174.881
175.078458	175.078458	175.078
175.148118	175.148118	175.148
175.194558	175.194558	175.195
175.461587	175.461587	175.462
175.531247	175.531247	175.531
175.867937	175.867937	175.868
176.030476	176.030476	176.030
176.169796	176.169796	176.170
176.285896	176.285896	176.286
176.518095	176.518095	176.518
176.808345	176.808345	176.808
177.005714	177.005714	177.006
177.156644	177.156644	177.157
177.470113	177.470113	177.470
177.667483	177.667483	177.667
177.830023	177.830023	177.830
177.980952	177.980952	177.981
178.131882	178.131882	178.132
178.213152	178.213152	178.213
178.294422	178.294422	178.294
178.410522	178.410522	178.411
178.642721	178.642721	178.643
178.770431	178.770431	178.770
178.967800	178.967800	178.968
179.118730	179.118730	179.119
179.397370	179.397370	179.397
179.594739	179.594739	179.595
179.768889	179.768889	179.769
179.884989	179.884989	179.885
180.082358	180.082358	180.082
180.279728	180.279728	180.280
180.430658	180.430658	180.431
180.593197	180.593197	180.593
180.744127	180.744127	180.744
181.138866	181.138866	181.139
181.254966	181.254966	181.255
181.394286	181.394286	181.394
181.487166	181.487166	181.487
181.730975	181.730975	181.731
181.835465	181.835465	181.835
182.044444	182.044444	182.044
182.241814	182.241814	182.242
182.381134	182.381134	182.381
182.555283	182.555283	182.555
182.659773	182.659773	182.660
182.891973	182.891973	182.892
182.984853	182.984853	182.985
183.193832	183.193832	183.194
183.356372	183.356372	183.356
183.553741	183.553741	183.554
183.669841	183.669841	183.670
183.855601	183.855601	183.856
183.994921	183.994921	183.995
184.331610	184.331610	184.332
184.645079	184.645079	184.645
184.819229	184.819229	184.819
184.993379	184.993379	184.993
185.109478	185.109478	185.109
185.306848	185.306848	185.307
185.480998	185.480998	185.481
185.620317	185.620317	185.620
185.840907	185.840907	185.841
185.957007	185.957007	185.957
186.316916	186.316916	186.317
186.479456	186.479456	186.479
186.618776	186.618776	186.619
186.978685	186.978685	186.979
187.280544	187.280544	187.281
187.454694	187.454694	187.455
187.628844	187.628844	187.629
187.733333	187.733333	187.733
187.802993	187.802993	187.803
187.919093	187.919093	187.919
188.139683	188.139683	188.140
188.313832	188.313832	188.314
188.487982	188.487982	188.488
188.592472	188.592472	188.592
188.801451	188.801451	188.801
188.940771	188.940771	188.941
189.022041	189.022041	189.022
189.114921	189.114921	189.115
189.265850	189.265850	189.266
189.358730	189.358730	189.359
189.602540	189.602540	189.603
189.881179	189.881179	189.881
190.136599	190.136599	190.137
190.264308	190.264308	190.264
190.345578	190.345578	190.346
190.542948	190.542948	190.543
190.763537	190.763537	190.764
190.914467	190.914467	190.914
191.227937	191.227937	191.228
191.576236	191.576236	191.576
191.634286	191.634286	191.634
191.715556	191.715556	191.716
191.866485	191.866485	191.866
192.272834	192.272834	192.273
192.493424	192.493424	192.493
192.586304	192.586304	192.586
192.702404	192.702404	192.702
192.946213	192.946213	192.946
193.073923	193.073923	193.074
193.282902	193.282902	193.283
193.445442	193.445442	193.445
193.596372	193.596372	193.596
193.700862	193.700862	193.701
193.921451	193.921451	193.921
194.142041	194.142041	194.142
194.246531	194.246531	194.247
194.327800	194.327800	194.328
194.409070	194.409070	194.409
194.560000	194.560000	194.560
194.896689	194.896689	194.897
195.105669	195.105669	195.106
195.221769	195.221769	195.222
195.372698	195.372698	195.373
195.558458	195.558458	195.558
195.883537	195.883537	195.884
196.069297	196.069297	196.069
196.231837	196.231837	196.232
196.545306	196.545306	196.545
196.661406	196.661406	196.661
196.765896	196.765896	196.766
196.881995	196.881995	196.882
197.079365	197.079365	197.079
197.207075	197.207075	197.207
197.299955	197.299955	197.300
197.543764	197.543764	197.544
197.868844	197.868844	197.869
197.950113	197.950113	197.950
198.205533	198.205533	198.206
198.298413	198.298413	198.298
198.577052	198.577052	198.577
198.693152	198.693152	198.693
198.797642	198.797642	198.798
199.006621	199.006621	199.007
199.169161	199.169161	199.169
199.378141	199.378141	199.378
199.494240	199.494240	199.494
199.703220	199.703220	199.703
199.819320	199.819320	199.819
200.028299	200.028299	200.028
200.167619	200.167619	200.168
200.283719	200.283719	200.284
200.469478	200.469478	200.469
200.643628	200.643628	200.644
200.817778	200.817778	200.818
201.131247	201.131247	201.131
201.328617	201.328617	201.329
201.479546	201.479546	201.480
201.572426	201.572426	201.572
201.793016	201.793016	201.793
201.897506	201.897506	201.898
201.990385	201.990385	201.990
202.141315	202.141315	202.141
202.292245	202.292245	202.292
202.431565	202.431565	202.432
202.524444	202.524444	202.524
202.779864	202.779864	202.780
203.104943	203.104943	203.105
203.279093	203.279093	203.279
203.441633	203.441633	203.442
203.557732	203.557732	203.558
203.650612	203.650612	203.651
203.743492	203.743492	203.743
203.952472	203.952472	203.952
204.056961	204.056961	204.057
204.265941	204.265941	204.266
204.405261	204.405261	204.405
204.544580	204.544580	204.545
204.741950	204.741950	204.742
204.916100	204.916100	204.916
205.055420	205.055420	205.055
205.403719	205.403719	205.404
205.717188	205.717188	205.717
206.053878	206.053878	206.054
206.216417	206.216417	206.216
206.355737	206.355737	206.356
206.564717	206.564717	206.565
206.715646	206.715646	206.716
206.820136	206.820136	206.820
207.040726	207.040726	207.041
207.191655	207.191655	207.192
207.284535	207.284535	207.285
207.470295	207.470295	207.470
207.528345	207.528345	207.528
207.679274	207.679274	207.679
207.992744	207.992744	207.993
208.166893	208.166893	208.167
208.306213	208.306213	208.306
208.503583	208.503583	208.504
208.642902	208.642902	208.643
208.828662	208.828662	208.829
208.967982	208.967982	208.968
209.153741	209.153741	209.154
209.316281	209.316281	209.316
209.490431	209.490431	209.490
209.618141	209.618141	209.618
209.734240	209.734240	209.734
209.954830	209.954830	209.955
210.047710	210.047710	210.048
210.268299	210.268299	210.268
210.372789	210.372789	210.373
210.442449	210.442449	210.442
210.604989	210.604989	210.605
210.732698	210.732698	210.733
210.906848	210.906848	210.907
211.034558	211.034558	211.035
211.266757	211.266757	211.267
211.359637	211.359637	211.360
211.475737	211.475737	211.476
211.568617	211.568617	211.569
211.777596	211.777596	211.778
211.893696	211.893696	211.894
212.241995	212.241995	212.242
212.381315	212.381315	212.381
212.497415	212.497415	212.497
212.752834	212.752834	212.753
212.880544	212.880544	212.881
213.043084	213.043084	213.043
213.217234	213.217234	213.217
213.321723	213.321723	213.322
213.542313	213.542313	213.542
213.879002	213.879002	213.879
213.995102	213.995102	213.995
214.204082	214.204082	214.204
214.401451	214.401451	214.401
214.552381	214.552381	214.552
214.645261	214.645261	214.645
214.865850	214.865850	214.866
214.970340	214.970340	214.970
215.040000	215.040000	215.040
215.190930	215.190930	215.191
215.388299	215.388299	215.388
215.504399	215.504399	215.504
215.701769	215.701769	215.702
215.864308	215.864308	215.864
216.154558	216.154558	216.155
216.328707	216.328707	216.329
216.502857	216.502857	216.503
216.804717	216.804717	216.805
216.897596	216.897596	216.898
217.303946	217.303946	217.304
217.431655	217.431655	217.432
217.779955	217.779955	217.780
217.838005	217.838005	217.838
217.872834	217.872834	217.873
218.105034	218.105034	218.105
218.453333	218.453333	218.453
218.778413	218.778413	218.778
218.859683	218.859683	218.860
218.940952	218.940952	218.941
219.091882	219.091882	219.092
219.416961	219.416961	219.417
219.625941	219.625941	219.626
219.730431	219.730431	219.730
219.927800	219.927800	219.928
220.078730	220.078730	220.079
220.415420	220.415420	220.415
220.612789	220.612789	220.613
220.717279	220.717279	220.717
220.821769	220.821769	220.822
221.065578	221.065578	221.066
221.355828	221.355828	221.356
221.553197	221.553197	221.553
221.715737	221.715737	221.716
222.029206	222.029206	222.029
222.226576	222.226576	222.227
222.400726	222.400726	222.401
222.690975	222.690975	222.691
222.807075	222.807075	222.807
222.888345	222.888345	222.888
223.027664	223.027664	223.028
223.108934	223.108934	223.109
223.201814	223.201814	223.202
223.329524	223.329524	223.330
223.666213	223.666213	223.666
223.805533	223.805533	223.806
223.979683	223.979683	223.980
224.327982	224.327982	224.328
224.641451	224.641451	224.641
224.850431	224.850431	224.850
225.303220	225.303220	225.303
225.407710	225.407710	225.408
225.639909	225.639909	225.640
225.825669	225.825669	225.826
225.953379	225.953379	225.953
226.162358	226.162358	226.162
226.301678	226.301678	226.302
226.406168	226.406168	226.406
226.615147	226.615147	226.615
226.777687	226.777687	226.778
226.940227	226.940227	226.940
227.033107	227.033107	227.033
227.253696	227.253696	227.254
227.474286	227.474286	227.474
227.927075	227.927075	227.927
228.252154	228.252154	228.252
228.449524	228.449524	228.450
228.577234	228.577234	228.577
228.739773	228.739773	228.740
228.913923	228.913923	228.914
229.041633	229.041633	229.042
229.239002	229.239002	229.239
229.355102	229.355102	229.355
229.587302	229.587302	229.587
229.889161	229.889161	229.889
230.086531	230.086531	230.087
230.225850	230.225850	230.226
230.400000	230.400000	230.400
230.539320	230.539320	230.539
230.748299	230.748299	230.748
231.061769	231.061769	231.062
231.189478	231.189478	231.189
231.398458	231.398458	231.398
231.526168	231.526168	231.526
231.851247	231.851247	231.851
231.897687	231.897687	231.898
232.048617	232.048617	232.049
232.187937	232.187937	232.188
232.501406	232.501406	232.501
232.698776	232.698776	232.699
232.838095	232.838095	232.838
233.012245	233.012245	233.012
233.163175	233.163175	233.163
233.360544	233.360544	233.361
233.499864	233.499864	233.500
233.697234	233.697234	233.697
233.824943	233.824943	233.825
233.906213	233.906213	233.906
233.975873	233.975873	233.976
234.150023	234.150023	234.150
234.242902	234.242902	234.243
234.289342	234.289342	234.289
234.486712	234.486712	234.487
234.591202	234.591202	234.591
234.660862	234.660862	234.661
234.811791	234.811791	234.812
234.985941	234.985941	234.986
235.125261	235.125261	235.125
235.322630	235.322630	235.323
235.473560	235.473560	235.474
235.520000	235.520000	235.520
235.787029	235.787029	235.787
236.007619	236.007619	236.008
236.100499	236.100499	236.100
236.321088	236.321088	236.321
236.437188	236.437188	236.437
236.773878	236.773878	236.774
236.959637	236.959637	236.960
237.110567	237.110567	237.111
237.157007	237.157007	237.157
237.435646	237.435646	237.436
237.749116	237.749116	237.749
237.958095	237.958095	237.958
238.109025	238.109025	238.109
238.422494	238.422494	238.422
238.759184	238.759184	238.759
238.956553	238.956553	238.957
239.072653	239.072653	239.073
239.177143	239.177143	239.177
239.409342	239.409342	239.409
239.560272	239.560272	239.560
239.734422	239.734422	239.734
240.071111	240.071111	240.071
240.384580	240.384580	240.385
240.581950	240.581950	240.582
240.767710	240.767710	240.768
240.907029	240.907029	240.907
241.069569	241.069569	241.070
241.162449	241.162449	241.162
241.394649	241.394649	241.395
241.592018	241.592018	241.592
241.719728	241.719728	241.720
241.800998	241.800998	241.801
241.882268	241.882268	241.882
242.044807	242.044807	242.045
242.404717	242.404717	242.405
242.485986	242.485986	242.486
242.706576	242.706576	242.707
243.020045	243.020045	243.020
243.217415	243.217415	243.217
243.542494	243.542494	243.542
243.670204	243.670204	243.670
243.763084	243.763084	243.763
243.855964	243.855964	243.856
244.006893	244.006893	244.007
244.192653	244.192653	244.193
244.320363	244.320363	244.320
244.657052	244.657052	244.657
244.970522	244.970522	244.971
245.063401	245.063401	245.063
245.179501	245.179501	245.180
245.318821	245.318821	245.319
245.620680	245.620680	245.621
245.806440	245.806440	245.806
246.270839	246.270839	246.271
246.595918	246.595918	246.596
246.770068	246.770068	246.770
246.909388	246.909388	246.909
247.257687	247.257687	247.258
247.559546	247.559546	247.560
247.814966	247.814966	247.815
247.919456	247.919456	247.919
248.058776	248.058776	248.059
248.221315	248.221315	248.221
248.407075	248.407075	248.407
248.569615	248.569615	248.570
248.720544	248.720544	248.721
248.883084	248.883084	248.883
249.196553	249.196553	249.197
249.382313	249.382313	249.382
249.510023	249.510023	249.510
249.858322	249.858322	249.858
250.183401	250.183401	250.183
250.276281	250.276281	250.276
250.508481	250.508481	250.508
250.624580	250.624580	250.625
250.717460	250.717460	250.717
250.810340	250.810340	250.810
251.019320	251.019320	251.019
251.135420	251.135420	251.135
251.472109	251.472109	251.472
251.681088	251.681088	251.681
251.797188	251.797188	251.797
251.994558	251.994558	251.995
252.110658	252.110658	252.111
252.447347	252.447347	252.447
252.540227	252.540227	252.540
252.772426	252.772426	252.772
253.109116	253.109116	253.109
253.434195	253.434195	253.434
253.608345	253.608345	253.608
253.759274	253.759274	253.759
253.945034	253.945034	253.945
254.072744	254.072744	254.073
254.212063	254.212063	254.212
254.444263	254.444263	254.444
254.583583	254.583583	254.584
254.722902	254.722902	254.723
254.908662	254.908662	254.909
255.047982	255.047982	255.048
255.373061	255.373061	255.373
255.698141	255.698141	255.698
255.918730	255.918730	255.919
256.023220	256.023220	256.023
256.208980	256.208980	256.209
256.336689	256.336689	256.337
256.522449	256.522449	256.522
256.684989	256.684989	256.685
256.777868	256.777868	256.778
257.010068	257.010068	257.010
257.207438	257.207438	257.207
257.335147	257.335147	257.335
257.509297	257.509297	257.509
257.648617	257.648617	257.649
257.962086	257.962086	257.962
258.298776	258.298776	258.299
258.612245	258.612245	258.612
258.786395	258.786395	258.786
258.937324	258.937324	258.937
259.250794	259.250794	259.251
259.575873	259.575873	259.576
259.761633	259.761633	259.762
259.796463	259.796463	259.796
259.889342	259.889342	259.889
260.075102	260.075102	260.075
260.214422	260.214422	260.214
260.539501	260.539501	260.540
260.632381	260.632381	260.632
260.876190	260.876190	260.876
261.189660	261.189660	261.190
261.387029	261.387029	261.387
261.514739	261.514739	261.515
261.839819	261.839819	261.840
261.932698	261.932698	261.933
262.083628	262.083628	262.084
262.164898	262.164898	262.165
262.350658	262.350658	262.351
262.489977	262.489977	262.490
262.815057	262.815057	262.815
262.919546	262.919546	262.920
262.977596	262.977596	262.978
263.128526	263.128526	263.129
263.337506	263.337506	263.338
263.476825	263.476825	263.477
263.790295	263.790295	263.790
263.987664	263.987664	263.988
264.126984	264.126984	264.127
264.301134	264.301134	264.301
264.440454	264.440454	264.440
264.661043	264.661043	264.661
264.765533	264.765533	264.766
264.962902	264.962902	264.963
265.090612	265.090612	265.091
265.206712	265.206712	265.207
265.264762	265.264762	265.265
265.438912	265.438912	265.439
265.531791	265.531791	265.532
265.752381	265.752381	265.752
266.089070	266.089070	266.089
266.402540	266.402540	266.403
266.588299	266.588299	266.588
266.739229	266.739229	266.739
266.901769	266.901769	266.902
267.052698	267.052698	267.053
267.145578	267.145578	267.146
267.377778	267.377778	267.378
267.563537	267.563537	267.564
267.702857	267.702857	267.703
267.900227	267.900227	267.900
268.039546	268.039546	268.040
268.376236	268.376236	268.376
268.434286	268.434286	268.434
268.573605	268.573605	268.574
268.701315	268.701315	268.701
269.014785	269.014785	269.015
269.200544	269.200544	269.201
269.363084	269.363084	269.363
269.572063	269.572063	269.572
269.664943	269.664943	269.665
269.757823	269.757823	269.758
269.990023	269.990023	269.990
270.199002	270.199002	270.199
270.303492	270.303492	270.303
270.407982	270.407982	270.408
270.524082	270.524082	270.524
270.651791	270.651791	270.652
270.976871	270.976871	270.977
271.081361	271.081361	271.081
271.301950	271.301950	271.302
271.615419	271.615419	271.615
271.801179	271.801179	271.801
271.963719	271.963719	271.964
272.103039	272.103039	272.103
272.265578	272.265578	272.266
272.520998	272.520998	272.521
272.613878	272.613878	272.614
272.811247	272.811247	272.811
272.915737	272.915737	272.916
273.252426	273.252426	273.252
273.554286	273.554286	273.554
273.925805	273.925805	273.926
274.239274	274.239274	274.239
274.564354	274.564354	274.564
274.738503	274.738503	274.739
275.423492	275.423492	275.423
275.829841	275.829841	275.830
