0.023220	0.023220	3
0.394739	0.394739	4
1.010068	1.010068	1
1.683447	1.683447	2
2.240726	2.240726	3
2.763175	2.763175	4
3.378503	3.378503	1
3.993832	3.993832	2
4.632381	4.632381	3
5.259320	5.259320	4
5.932698	5.932698	1
6.606077	6.606077	2
7.267846	7.267846	3
7.918005	7.918005	4
8.579773	8.579773	1
9.241542	9.241542	2
9.891701	9.891701	3
10.553469	10.553469	4
11.192018	11.192018	1
11.865397	11.865397	2
12.527166	12.527166	3
13.188934	13.188934	4
13.827483	13.827483	1
14.512472	14.512472	2
15.162630	15.162630	3
15.824399	15.824399	4
16.474558	16.474558	1
17.124717	17.124717	2
17.798095	17.798095	3
18.448254	18.448254	4
19.110023	19.110023	1
19.783401	19.783401	2
20.433560	20.433560	3
21.106939	21.106939	4
21.757098	21.757098	1
22.430476	22.430476	2
23.080635	23.080635	3
23.754014	23.754014	4
24.392562	24.392562	1
25.054331	25.054331	2
25.716100	25.716100	3
26.366259	26.366259	4
27.028027	27.028027	1
27.701406	27.701406	2
28.386395	28.386395	3
29.071383	29.071383	4
29.767982	29.767982	1
30.441361	30.441361	2
31.103129	31.103129	3
31.753288	31.753288	4
32.449887	32.449887	1
33.111655	33.111655	2
33.773424	33.773424	3
34.435193	34.435193	4
35.120181	35.120181	1
35.770340	35.770340	2
36.420499	36.420499	3
37.070658	37.070658	4
37.732426	37.732426	1
38.405805	38.405805	2
39.044354	39.044354	3
39.717732	39.717732	4
40.391111	40.391111	1
41.041270	41.041270	2
41.691429	41.691429	3
42.353197	42.353197	4
43.003356	43.003356	1
43.665125	43.665125	2
44.326893	44.326893	3
44.988662	44.988662	4
45.650431	45.650431	1
46.300590	46.300590	2
46.950748	46.950748	3
47.600907	47.600907	4
48.262676	48.262676	1
48.924444	48.924444	2
49.574603	49.574603	3
50.224762	50.224762	4
50.898141	50.898141	1
51.548299	51.548299	2
52.198458	52.198458	3
52.860227	52.860227	4
53.521995	53.521995	1
54.206984	54.206984	2
54.857143	54.857143	3
55.530522	55.530522	4
56.192290	56.192290	1
56.854059	56.854059	2
57.527438	57.527438	3
58.200816	58.200816	4
58.874195	58.874195	1
59.559184	59.559184	2
60.220952	60.220952	3
60.871111	60.871111	4
61.544490	61.544490	1
62.194649	62.194649	2
62.856417	62.856417	3
63.518186	63.518186	4
64.168345	64.168345	1
64.818503	64.818503	2
65.480272	65.480272	3
66.142041	66.142041	4
66.803810	66.803810	1
67.477188	67.477188	2
68.127347	68.127347	3
68.789116	68.789116	4
69.439274	69.439274	1
70.112653	70.112653	2
70.774422	70.774422	3
71.424580	71.424580	4
72.074739	72.074739	1
72.748118	72.748118	2
73.398277	73.398277	3
74.048435	74.048435	4
74.710204	74.710204	1
75.383583	75.383583	2
76.056961	76.056961	3
76.730340	76.730340	4
77.392109	77.392109	1
78.065488	78.065488	2
78.738866	78.738866	3
79.423855	79.423855	4
80.097234	80.097234	1
80.770612	80.770612	2
81.443991	81.443991	3
82.105760	82.105760	4
82.767528	82.767528	1
83.417687	83.417687	2
84.067846	84.067846	3
84.706395	84.706395	4
85.368163	85.368163	1
86.018322	86.018322	2
86.668481	86.668481	3
87.330249	87.330249	4
87.980408	87.980408	1
88.642177	88.642177	2
89.292336	89.292336	3
89.942494	89.942494	4
90.604263	90.604263	1
91.266032	91.266032	2
91.916190	91.916190	3
92.566349	92.566349	4
93.216508	93.216508	1
93.878277	93.878277	2
94.528435	94.528435	3
95.178594	95.178594	4
95.840363	95.840363	1
96.513741	96.513741	2
97.175510	97.175510	3
97.825669	97.825669	4
98.487438	98.487438	1
99.137596	99.137596	2
99.799365	99.799365	3
100.449524	100.449524	4
101.111293	101.111293	1
101.784671	101.784671	2
102.446440	102.446440	3
103.119819	103.119819	4
103.793197	103.793197	1
104.466576	104.466576	2
105.139955	105.139955	3
105.801723	105.801723	4
106.451882	106.451882	1
107.032381	107.032381	2
107.624490	107.624490	3
108.239819	108.239819	4
108.843537	108.843537	1
109.458866	109.458866	2
110.097415	110.097415	3
110.724354	110.724354	4
111.374512	111.374512	1
112.024671	112.024671	2
112.674830	112.674830	3
113.336599	113.336599	4
114.009977	114.009977	1
114.671746	114.671746	2
115.310295	115.310295	3
115.960454	115.960454	4
116.633832	116.633832	1
117.283991	117.283991	2
117.934150	117.934150	3
118.595918	118.595918	4
119.246077	119.246077	1
119.896236	119.896236	2
120.546395	120.546395	3
121.208163	121.208163	4
121.869932	121.869932	1
122.520091	122.520091	2
123.181859	123.181859	3
123.843628	123.843628	4
124.493787	124.493787	1
125.143946	125.143946	2
125.805714	125.805714	3
126.467483	126.467483	4
127.129252	127.129252	1
127.802630	127.802630	2
128.452789	128.452789	3
129.114558	129.114558	4
129.764717	129.764717	1
130.414875	130.414875	2
131.076644	131.076644	3
131.738413	131.738413	4
132.400181	132.400181	1
133.050340	133.050340	2
133.700499	133.700499	3
134.373878	134.373878	4
135.035646	135.035646	1
135.674195	135.674195	2
136.347574	136.347574	3
136.997732	136.997732	4
137.659501	137.659501	1
138.321270	138.321270	2
138.983039	138.983039	3
139.644807	139.644807	4
140.306576	140.306576	1
140.956735	140.956735	2
141.630113	141.630113	3
142.280272	142.280272	4
142.942041	142.942041	1
143.615420	143.615420	2
144.253968	144.253968	3
144.892517	144.892517	4
145.542676	145.542676	1
146.204444	146.204444	2
146.842993	146.842993	3
147.493152	147.493152	4
148.131701	148.131701	1
148.793469	148.793469	2
149.443628	149.443628	3
150.093787	150.093787	4
150.743946	150.743946	1
151.417324	151.417324	2
152.067483	152.067483	3
152.706032	152.706032	4
153.356190	153.356190	1
154.017959	154.017959	2
154.668118	154.668118	3
155.318277	155.318277	4
155.968435	155.968435	1
156.630204	156.630204	2
157.280363	157.280363	3
157.953741	157.953741	4
158.603900	158.603900	1
159.254059	159.254059	2
159.904218	159.904218	3
160.554376	160.554376	4
161.204535	161.204535	1
161.866304	161.866304	2
162.516463	162.516463	3
163.178231	163.178231	4
163.840000	163.840000	1
164.490159	164.490159	2
165.128707	165.128707	3
165.790476	165.790476	4
166.440635	166.440635	1
167.090794	167.090794	2
167.740952	167.740952	3
168.391111	168.391111	4
169.052880	169.052880	1
169.714649	169.714649	2
170.353197	170.353197	3
170.991746	170.991746	4
171.630295	171.630295	1
172.268844	172.268844	2
172.919002	172.919002	3
173.557551	173.557551	4
174.219320	174.219320	1
174.869478	174.869478	2
175.508027	175.508027	3
176.158186	176.158186	4
176.796735	176.796735	1
177.470113	177.470113	2
178.120272	178.120272	3
178.758821	178.758821	4
179.408980	179.408980	1
180.070748	180.070748	2
180.732517	180.732517	3
181.382676	181.382676	4
182.032834	182.032834	1
182.671383	182.671383	2
183.344762	183.344762	3
183.994921	183.994921	4
184.633469	184.633469	1
185.295238	185.295238	2
185.957007	185.957007	3
186.618776	186.618776	4
187.280544	187.280544	1
187.930703	187.930703	2
188.580862	188.580862	3
189.254240	189.254240	4
189.904399	189.904399	1
190.566168	190.566168	2
191.216327	191.216327	3
191.878095	191.878095	4
192.574694	192.574694	1
193.259683	193.259683	2
193.909841	193.909841	3
194.560000	194.560000	4
195.210159	195.210159	1
195.871927	195.871927	2
196.533696	196.533696	3
197.207075	197.207075	4
197.857234	197.857234	1
198.507392	198.507392	2
199.157551	199.157551	3
199.819320	199.819320	4
200.481088	200.481088	1
201.131247	201.131247	2
201.781406	201.781406	3
202.443175	202.443175	4
203.104943	203.104943	1
203.755102	203.755102	2
204.405261	204.405261	3
205.055420	205.055420	4
205.717188	205.717188	1
206.367347	206.367347	2
207.029116	207.029116	3
207.656054	207.656054	4
208.306213	208.306213	1
208.944762	208.944762	2
209.606531	209.606531	3
210.268299	210.268299	4
210.930068	210.930068	1
211.568617	211.568617	2
212.230385	212.230385	3
212.880544	212.880544	4
213.530703	213.530703	1
214.192472	214.192472	2
214.842630	214.842630	3
215.504399	215.504399	4
216.142948	216.142948	1
216.793107	216.793107	2
217.454875	217.454875	3
218.105034	218.105034	4
218.766803	218.766803	1
219.416961	219.416961	2
220.067120	220.067120	3
220.717279	220.717279	4
221.367438	221.367438	1
222.029206	222.029206	2
222.667755	222.667755	3
223.317914	223.317914	4
223.968073	223.968073	1
224.641451	224.641451	2
225.291610	225.291610	3
225.953379	225.953379	4
226.603537	226.603537	1
227.265306	227.265306	2
227.915465	227.915465	3
228.577234	228.577234	4
229.227392	229.227392	1
229.877551	229.877551	2
230.527710	230.527710	3
231.189478	231.189478	4
231.839637	231.839637	1
232.501406	232.501406	2
233.151565	233.151565	3
233.813333	233.813333	4
234.463492	234.463492	1
235.113651	235.113651	2
235.775420	235.775420	3
236.437188	236.437188	4
237.087347	237.087347	1
237.749116	237.749116	2
238.422494	238.422494	3
239.072653	239.072653	4
239.722812	239.722812	1
240.396190	240.396190	2
241.057959	241.057959	3
241.708118	241.708118	4
242.369887	242.369887	1
243.008435	243.008435	2
243.658594	243.658594	3
244.308753	244.308753	4
244.970522	244.970522	1
245.632290	245.632290	2
246.270839	246.270839	3
246.909388	246.909388	4
247.547937	247.547937	1
248.209705	248.209705	2
248.871474	248.871474	3
249.510023	249.510023	4
250.171791	250.171791	1
250.810340	250.810340	2
251.460499	251.460499	3
252.110658	252.110658	4
252.760816	252.760816	1
253.422585	253.422585	2
254.072744	254.072744	3
254.722902	254.722902	4
255.361451	255.361451	1
256.023220	256.023220	2
256.673379	256.673379	3
257.323537	257.323537	4
257.973696	257.973696	1
258.612245	258.612245	2
259.239184	259.239184	3
259.877732	259.877732	4
260.527891	260.527891	1
261.189660	261.189660	2
261.828209	261.828209	3
262.489977	262.489977	4
263.116916	263.116916	1
263.778685	263.778685	2
264.428844	264.428844	3
265.090612	265.090612	4
265.740771	265.740771	1
266.390930	266.390930	2
267.041088	267.041088	3
267.702857	267.702857	4
268.364626	268.364626	1
269.003175	269.003175	2
269.653333	269.653333	3
270.303492	270.303492	4
270.953651	270.953651	1
271.615420	271.615420	2
272.265578	272.265578	3
272.904127	272.904127	4
273.542676	273.542676	1
274.158005	274.158005	2
274.784943	274.784943	3
275.423492	275.423492	4
276.062041	276.062041	1
