0.570000	1.310000	32.000
0.570000	0.760000	68.000
0.570000	0.760000	61.000
0.810000	1.200000	68.000
0.810000	0.930000	75.000
0.980000	1.310000	58.000
0.980000	1.200000	61.000
1.360000	1.520000	44.000
1.570000	2.100000	68.000
1.570000	1.940000	51.000
1.660000	2.220000	32.000
1.660000	2.100000	63.000
1.660000	1.940000	58.000
1.990000	2.100000	58.000
2.430000	3.400000	51.000
2.570000	3.130000	70.000
2.570000	3.130000	63.000
2.570000	3.130000	32.000
2.570000	3.010000	68.000
2.570000	3.010000	61.000
2.760000	3.700000	44.000
2.760000	3.130000	58.000
2.760000	3.010000	75.000
3.180000	3.880000	32.000
3.180000	3.400000	77.000
3.180000	3.400000	68.000
3.450000	4.040000	63.000
3.450000	3.880000	68.000
3.750000	4.040000	44.000
4.130000	4.910000	68.000
4.130000	4.850000	61.000
4.130000	4.300000	58.000
4.350000	4.850000	70.000
4.350000	4.580000	32.000
4.630000	5.320000	44.000
4.630000	4.910000	37.000
4.630000	4.850000	73.000
4.630000	4.850000	58.000
4.960000	6.070000	85.000
4.960000	5.800000	71.000
4.960000	5.320000	76.000
4.960000	5.320000	32.000
5.230000	5.320000	37.000
5.520000	5.800000	92.000
5.520000	5.800000	78.000
5.520000	5.800000	61.000
5.520000	5.800000	56.000
5.520000	5.800000	47.000
5.850000	6.660000	61.000
5.850000	6.070000	77.000
5.850000	6.070000	64.000
6.120000	6.350000	75.000
6.120000	6.350000	71.000
6.120000	6.350000	33.000
6.400000	6.660000	73.000
6.400000	6.660000	55.000
6.710000	6.960000	75.000
6.710000	6.960000	68.000
7.010000	7.290000	54.000
7.010000	7.140000	66.000
7.340000	7.590000	54.000
7.640000	8.200000	37.000
7.640000	8.030000	68.000
8.080000	8.200000	68.000
8.250000	8.460000	58.000
8.370000	8.460000	32.000
8.510000	8.650000	75.000
8.510000	8.650000	56.000
8.700000	9.340000	34.000
8.700000	8.800000	56.000
8.850000	9.070000	61.000
9.120000	9.340000	59.000
9.390000	10.110000	39.000
9.390000	9.930000	56.000
9.390000	9.840000	75.000
9.980000	10.110000	76.000
10.160000	10.230000	68.000
10.280000	10.500000	57.000
10.280000	10.500000	56.000
10.550000	10.800000	68.000
10.550000	10.800000	54.000
10.850000	11.110000	70.000
10.850000	11.110000	63.000
10.850000	11.110000	32.000
11.160000	11.680000	73.000
11.160000	11.680000	68.000
11.160000	11.680000	37.000
11.730000	12.010000	56.000
11.730000	12.010000	50.000
11.730000	12.010000	49.000
11.730000	12.010000	36.000
12.060000	12.550000	50.000
12.060000	12.340000	75.000
12.060000	12.340000	48.000
12.060000	12.340000	34.000
12.390000	12.550000	48.000
12.600000	12.900000	61.000
12.600000	12.900000	56.000
12.600000	12.900000	48.000
12.600000	12.900000	47.000
12.600000	12.900000	41.000
12.600000	12.900000	34.000
12.950000	13.730000	39.000
12.950000	13.410000	73.000
12.950000	13.410000	70.000
12.950000	13.410000	68.000
12.950000	13.410000	32.000
13.460000	13.780000	70.000
13.460000	13.730000	63.000
13.460000	13.730000	34.000
13.830000	13.980000	44.000
13.830000	13.980000	34.000
14.100000	14.310000	52.000
14.100000	14.310000	39.000
14.100000	14.310000	32.000
14.360000	14.570000	58.000
14.360000	14.570000	32.000
14.360000	14.520000	53.000
14.620000	14.910000	66.000
14.620000	14.910000	32.000
14.620000	14.760000	54.000
14.810000	15.170000	39.000
14.960000	15.800000	51.000
15.220000	16.070000	32.000
15.220000	15.800000	63.000
15.220000	15.440000	70.000
15.490000	15.800000	75.000
15.490000	15.800000	70.000
15.850000	16.070000	53.000
16.120000	16.320000	54.000
16.120000	16.320000	42.000
16.370000	16.840000	41.000
16.370000	16.610000	75.000
16.370000	16.610000	68.000
16.370000	16.610000	32.000
16.660000	17.500000	53.000
16.660000	17.200000	65.000
16.890000	17.200000	60.000
16.890000	17.200000	37.000
17.250000	17.790000	72.000
17.250000	17.500000	65.000
17.250000	17.500000	34.000
17.550000	17.790000	54.000
17.840000	18.060000	56.000
17.840000	18.060000	44.000
18.110000	18.530000	42.000
18.110000	18.380000	92.000
18.110000	18.330000	56.000
18.110000	18.330000	34.000
18.430000	18.960000	61.000
18.430000	18.850000	54.000
18.430000	18.530000	66.000
18.580000	18.640000	42.000
18.580000	18.640000	34.000
18.690000	18.960000	58.000
18.690000	18.960000	42.000
19.010000	19.590000	61.000
19.010000	19.270000	60.000
19.010000	19.270000	30.000
19.320000	19.890000	73.000
19.320000	19.590000	62.000
19.320000	19.590000	37.000
19.640000	19.890000	61.000
19.940000	20.040000	61.000
19.940000	20.040000	43.000
20.090000	20.770000	61.000
20.090000	20.690000	71.000
20.090000	20.690000	55.000
20.090000	20.430000	62.000
20.480000	20.690000	64.000
20.480000	20.690000	34.000
20.820000	20.920000	64.000
20.820000	20.920000	34.000
21.030000	21.310000	52.000
21.030000	21.160000	61.000
21.210000	21.310000	40.000
21.210000	21.310000	33.000
21.360000	21.590000	58.000
21.640000	22.440000	77.000
21.640000	22.240000	44.000
21.640000	21.840000	84.000
21.890000	22.350000	53.000
21.890000	22.240000	58.000
22.290000	22.530000	58.000
22.580000	22.710000	55.000
22.580000	22.710000	32.000
22.760000	23.400000	34.000
22.760000	22.800000	56.000
22.850000	23.110000	61.000
22.850000	23.110000	56.000
23.160000	24.340000	56.000
23.160000	23.400000	46.000
23.450000	24.620000	68.000
23.450000	24.020000	84.000
23.450000	24.020000	76.000
23.450000	24.020000	75.000
23.450000	24.020000	57.000
23.450000	24.020000	39.000
24.070000	24.890000	75.000
24.070000	24.340000	77.000
24.070000	24.290000	80.000
24.070000	24.290000	44.000
24.390000	24.890000	54.000
24.390000	24.620000	58.000
24.390000	24.620000	44.000
24.670000	25.180000	32.000
24.940000	25.180000	63.000
24.940000	25.180000	39.000
25.230000	25.500000	40.000
25.420000	26.080000	56.000
25.550000	25.770000	35.000
25.820000	26.380000	32.000
26.130000	26.670000	40.000
26.130000	26.380000	57.000
26.430000	26.670000	68.000
26.720000	26.970000	57.000
26.720000	26.970000	56.000
27.020000	27.560000	70.000
27.020000	27.560000	57.000
27.020000	27.560000	56.000
27.020000	27.560000	40.000
27.020000	27.560000	39.000
27.610000	27.880000	73.000
27.610000	27.880000	70.000
27.610000	27.880000	34.000
27.930000	28.130000	75.000
27.930000	28.130000	44.000
28.360000	28.460000	56.000
28.510000	28.760000	32.000
28.510000	28.700000	54.000
28.810000	29.340000	37.000
28.810000	29.170000	76.000
28.810000	29.170000	75.000
28.810000	29.170000	68.000
28.810000	29.170000	57.000
28.810000	29.170000	32.000
29.390000	30.110000	68.000
29.390000	29.580000	37.000
29.390000	29.580000	32.000
29.630000	30.360000	34.000
29.630000	29.930000	80.000
29.630000	29.930000	75.000
29.980000	30.360000	61.000
30.270000	30.510000	58.000
30.610000	31.090000	61.000
30.610000	31.090000	57.000
30.610000	31.090000	56.000
30.610000	31.090000	39.000
31.140000	31.400000	54.000
31.140000	31.400000	46.000
31.450000	31.660000	54.000
31.710000	31.970000	55.000
31.710000	31.920000	44.000
32.020000	32.240000	70.000
32.020000	32.240000	63.000
32.020000	32.240000	32.000
32.290000	32.740000	73.000
32.290000	32.740000	68.000
32.290000	32.740000	37.000
32.910000	33.150000	50.000
33.200000	33.740000	92.000
33.200000	33.740000	85.000
33.200000	33.740000	56.000
33.200000	33.740000	49.000
33.200000	33.740000	48.000
33.200000	33.740000	34.000
33.790000	34.060000	41.000
34.110000	34.640000	39.000
34.110000	34.450000	66.000
34.110000	34.450000	56.000
34.500000	34.640000	73.000
34.690000	34.950000	58.000
34.690000	34.950000	46.000
35.000000	35.130000	68.000
35.000000	35.130000	45.000
35.180000	35.240000	68.000
35.180000	35.240000	63.000
35.290000	35.510000	32.000
35.290000	35.420000	52.000
35.560000	35.790000	53.000
35.840000	36.590000	39.000
35.840000	36.140000	74.000
35.840000	36.140000	55.000
35.840000	36.140000	54.000
35.840000	36.140000	32.000
36.190000	36.710000	70.000
36.190000	36.360000	51.000
36.410000	36.710000	58.000
36.410000	36.710000	51.000
36.760000	36.990000	64.000
36.760000	36.990000	63.000
36.760000	36.990000	60.000
36.760000	36.990000	52.000
36.760000	36.990000	51.000
36.760000	36.990000	44.000
37.040000	37.280000	53.000
37.040000	37.220000	65.000
37.330000	37.560000	54.000
37.330000	37.560000	42.000
37.610000	38.150000	41.000
37.610000	37.830000	68.000
37.610000	37.830000	56.000
37.880000	38.150000	72.000
37.880000	38.150000	60.000
37.880000	38.150000	58.000
37.880000	38.150000	53.000
38.200000	38.450000	53.000
38.200000	38.350000	65.000
38.200000	38.350000	37.000
38.500000	38.940000	61.000
38.500000	38.750000	65.000
38.500000	38.750000	56.000
38.500000	38.750000	54.000
38.990000	39.220000	61.000
39.100000	39.220000	56.000
39.100000	39.220000	44.000
39.270000	39.710000	61.000
39.270000	39.350000	56.000
39.400000	39.710000	46.000
39.400000	39.600000	42.000
39.400000	39.540000	77.000
39.650000	40.440000	42.000
39.650000	39.710000	58.000
39.760000	40.210000	61.000
39.760000	39.950000	55.000
39.760000	39.950000	54.000
40.000000	40.210000	58.000
40.000000	40.210000	37.000
40.490000	41.440000	73.000
40.490000	41.120000	80.000
40.490000	41.120000	58.000
40.490000	41.120000	37.000
41.170000	41.630000	64.000
41.490000	41.630000	73.000
41.810000	42.320000	43.000
41.810000	42.050000	73.000
41.810000	42.050000	64.000
42.100000	42.620000	64.000
42.100000	42.320000	76.000
42.100000	42.320000	37.000
42.370000	42.620000	55.000
42.370000	42.620000	52.000
42.590000	42.940000	61.000
42.590000	42.620000	40.000
42.670000	42.940000	77.000
42.670000	42.940000	58.000
42.670000	42.940000	43.000
42.990000	43.770000	44.000
42.990000	43.530000	76.000
42.990000	43.530000	75.000
42.990000	43.530000	57.000
42.990000	43.530000	53.000
43.580000	43.770000	32.000
43.820000	44.520000	34.000
43.820000	44.110000	61.000
43.820000	44.110000	56.000
44.160000	44.520000	61.000
44.160000	44.400000	75.000
44.160000	44.400000	62.000
44.450000	44.520000	68.000
44.570000	44.720000	61.000
44.570000	44.720000	46.000
44.770000	45.610000	58.000
44.770000	45.550000	74.000
44.770000	45.300000	57.000
44.770000	45.300000	56.000
44.770000	45.300000	42.000
45.350000	45.610000	46.000
45.350000	45.550000	55.000
45.660000	45.910000	58.000
45.660000	45.910000	55.000
45.660000	45.910000	54.000
45.960000	46.460000	54.000
45.960000	46.210000	32.000
46.260000	46.460000	70.000
46.260000	46.460000	39.000
46.560000	47.710000	83.000
46.560000	47.420000	59.000
46.560000	47.100000	58.000
46.560000	47.100000	54.000
46.560000	47.100000	44.000
47.150000	48.010000	71.000
47.150000	47.420000	39.000
47.470000	48.010000	32.000
48.060000	48.310000	84.000
48.060000	48.310000	72.000
48.060000	48.310000	71.000
48.360000	48.490000	83.000
48.540000	49.470000	56.000
48.540000	48.880000	84.000
48.540000	48.880000	72.000
48.540000	48.880000	71.000
48.930000	49.220000	32.000
48.930000	49.160000	59.000
48.930000	49.160000	37.000
49.270000	49.470000	68.000
49.270000	49.470000	37.000
49.270000	49.470000	32.000
49.520000	49.770000	71.000
49.520000	49.770000	59.000
49.520000	49.770000	39.000
49.820000	50.060000	59.000
49.820000	50.060000	41.000
50.110000	51.010000	42.000
50.110000	50.670000	70.000
50.110000	50.380000	58.000
50.430000	50.670000	58.000
50.720000	51.010000	37.000
50.720000	50.900000	70.000
50.720000	50.900000	58.000
50.720000	50.900000	54.000
51.060000	51.120000	59.000
51.170000	51.260000	58.000
51.170000	51.260000	43.000
51.310000	51.530000	61.000
51.630000	51.860000	58.000
51.760000	51.860000	37.000
51.910000	52.450000	68.000
51.910000	52.450000	56.000
51.910000	52.350000	44.000
52.400000	52.720000	44.000
52.500000	52.900000	56.000
52.500000	52.720000	68.000
52.500000	52.720000	61.000
52.500000	52.720000	32.000
52.770000	53.620000	68.000
52.770000	53.040000	84.000
52.950000	53.320000	56.000
52.950000	53.320000	34.000
53.090000	54.380000	61.000
53.090000	53.320000	37.000
53.370000	53.620000	56.000
53.670000	55.020000	66.000
53.670000	54.750000	54.000
53.670000	54.180000	39.000
54.430000	54.750000	73.000
54.800000	55.020000	58.000
55.070000	55.320000	69.000
55.170000	55.320000	54.000
55.170000	55.320000	32.000
55.370000	55.900000	37.000
55.370000	55.530000	53.000
55.580000	56.200000	54.000
55.580000	55.900000	56.000
55.580000	55.900000	49.000
55.950000	56.200000	44.000
56.140000	56.390000	56.000
56.300000	56.530000	46.000
56.300000	56.390000	68.000
56.300000	56.390000	37.000
56.440000	56.530000	56.000
56.580000	56.800000	68.000
56.580000	56.800000	49.000
56.580000	56.800000	46.000
56.850000	56.920000	50.000
56.970000	57.100000	49.000
56.970000	57.100000	44.000
57.150000	57.820000	42.000
57.150000	57.620000	73.000
57.150000	57.620000	69.000
57.150000	57.620000	64.000
57.150000	57.620000	58.000
57.150000	57.620000	57.000
57.670000	58.160000	69.000
57.670000	58.010000	57.000
57.870000	58.010000	42.000
58.060000	58.570000	35.000
58.060000	58.160000	57.000
58.210000	58.290000	58.000
58.340000	58.570000	57.000
58.620000	58.830000	57.000
58.880000	59.220000	68.000
58.880000	59.220000	56.000
58.880000	59.220000	40.000
58.880000	59.140000	69.000
59.270000	59.400000	68.000
59.450000	59.870000	56.000
59.450000	59.580000	40.000
59.630000	60.320000	69.000
59.630000	60.320000	37.000
59.630000	59.870000	68.000
59.920000	60.320000	57.000
59.920000	60.320000	56.000
60.370000	60.580000	56.000
60.370000	60.580000	44.000
60.370000	60.580000	37.000
60.830000	61.030000	39.000
60.940000	61.170000	58.000
60.940000	61.170000	54.000
60.940000	61.030000	66.000
61.080000	61.170000	39.000
61.220000	61.320000	66.000
61.220000	61.320000	58.000
61.220000	61.320000	54.000
61.370000	61.620000	66.000
61.370000	61.620000	54.000
61.510000	62.030000	45.000
61.670000	62.090000	61.000
61.670000	62.090000	52.000
61.670000	62.030000	66.000
61.670000	62.030000	53.000
62.140000	62.340000	54.000
62.140000	62.260000	61.000
62.390000	64.320000	44.000
62.390000	63.820000	68.000
62.390000	63.220000	61.000
62.390000	63.220000	55.000
62.390000	63.220000	51.000
63.870000	64.110000	68.000
63.870000	64.110000	39.000
64.160000	64.320000	68.000
64.470000	64.740000	68.000
64.470000	64.740000	57.000
64.470000	64.740000	44.000
64.470000	64.740000	39.000
64.790000	65.290000	58.000
64.790000	65.010000	68.000
64.790000	65.010000	54.000
64.790000	65.010000	37.000
65.060000	65.290000	68.000
65.060000	65.290000	51.000
65.340000	65.580000	32.000
65.340000	65.430000	65.000
65.630000	65.900000	54.000
65.950000	66.130000	68.000
65.950000	66.130000	37.000
66.180000	66.470000	57.000
66.180000	66.470000	55.000
66.520000	66.650000	56.000
66.590000	66.780000	37.000
66.700000	66.850000	32.000
66.700000	66.780000	58.000
66.700000	66.780000	50.000
66.900000	67.010000	56.000
67.060000	67.270000	56.000
67.140000	67.680000	34.000
67.320000	67.390000	56.000
67.440000	67.680000	58.000
67.730000	68.260000	76.000
67.730000	68.260000	75.000
67.730000	68.260000	57.000
67.730000	68.260000	56.000
67.730000	68.260000	39.000
68.310000	68.600000	75.000
68.310000	68.600000	69.000
68.310000	68.600000	68.000
68.310000	68.600000	56.000
68.310000	68.600000	46.000
68.650000	68.880000	56.000
68.930000	69.170000	73.000
69.070000	69.480000	51.000
69.070000	69.170000	54.000
69.220000	69.480000	63.000
69.220000	69.480000	58.000
69.220000	69.480000	32.000
69.530000	70.000000	73.000
69.530000	70.000000	68.000
69.530000	70.000000	37.000
70.050000	70.450000	44.000
70.050000	70.120000	49.000
70.170000	70.450000	68.000
70.170000	70.450000	62.000
70.170000	70.450000	50.000
70.170000	70.450000	48.000
70.170000	70.450000	32.000
70.640000	71.270000	34.000
70.730000	70.990000	49.000
70.730000	70.990000	48.000
71.040000	71.470000	61.000
71.040000	71.270000	56.000
71.040000	71.270000	50.000
71.040000	71.270000	41.000
71.520000	71.880000	39.000
71.650000	72.430000	75.000
71.650000	72.180000	70.000
71.650000	71.880000	61.000
71.930000	72.430000	68.000
71.930000	72.180000	82.000
71.930000	72.180000	61.000
71.930000	72.180000	46.000
72.230000	72.430000	73.000
72.230000	72.370000	56.000
72.570000	72.770000	70.000
72.570000	72.770000	44.000
72.570000	72.770000	39.000
72.820000	73.370000	32.000
72.820000	73.090000	53.000
73.140000	73.240000	54.000
73.290000	73.730000	39.000
73.420000	73.930000	70.000
73.780000	74.290000	32.000
73.780000	73.930000	63.000
74.080000	74.520000	44.000
74.080000	74.290000	71.000
74.080000	74.290000	70.000
74.080000	74.290000	64.000
74.080000	74.290000	52.000
74.080000	74.290000	51.000
74.340000	74.520000	65.000
74.340000	74.520000	60.000
74.340000	74.520000	53.000
74.570000	74.760000	66.000
74.570000	74.640000	54.000
74.690000	74.860000	54.000
74.690000	74.760000	60.000
74.980000	75.230000	68.000
74.980000	75.090000	56.000
75.140000	75.230000	56.000
75.280000	75.500000	65.000
75.280000	75.500000	53.000
75.550000	75.750000	54.000
75.550000	75.750000	37.000
75.800000	76.140000	81.000
75.800000	76.140000	73.000
75.800000	76.140000	72.000
75.800000	76.140000	66.000
75.800000	76.140000	65.000
75.800000	76.140000	34.000
76.190000	76.430000	55.000
76.350000	76.430000	67.000
76.480000	76.560000	75.000
76.480000	76.560000	68.000
76.610000	76.730000	68.000
76.610000	76.730000	56.000
76.780000	77.600000	42.000
76.780000	77.030000	71.000
76.780000	77.030000	49.000
76.780000	77.030000	46.000
77.080000	77.240000	54.000
77.380000	78.250000	58.000
77.380000	77.600000	70.000
77.650000	79.030000	73.000
77.650000	78.250000	70.000
77.650000	78.250000	60.000
77.650000	78.250000	37.000
77.650000	78.250000	34.000
77.650000	78.250000	30.000
78.300000	78.530000	61.000
78.300000	78.530000	58.000
78.580000	79.030000	61.000
78.790000	79.030000	62.000
79.180000	79.450000	34.000
79.730000	80.010000	40.000
80.060000	80.320000	70.000
80.060000	80.180000	58.000
80.230000	80.320000	58.000
80.370000	80.560000	75.000
80.370000	80.560000	44.000
80.610000	80.880000	68.000
80.930000	81.200000	51.000
80.930000	81.040000	68.000
81.090000	81.200000	58.000
81.090000	81.200000	32.000
81.250000	81.810000	56.000
81.250000	81.810000	34.000
81.570000	81.810000	73.000
81.570000	81.810000	61.000
81.860000	82.100000	61.000
81.860000	82.100000	46.000
82.210000	82.690000	75.000
82.210000	82.280000	39.000
82.330000	82.970000	56.000
82.330000	82.690000	80.000
82.330000	82.690000	51.000
82.330000	82.690000	46.000
82.330000	82.690000	42.000
82.740000	82.970000	76.000
83.020000	84.750000	44.000
83.220000	83.560000	60.000
83.220000	83.280000	72.000
83.330000	83.850000	32.000
83.330000	83.560000	72.000
83.610000	83.850000	76.000
83.610000	83.850000	75.000
83.610000	83.850000	39.000
83.900000	85.510000	73.000
83.900000	84.820000	68.000
83.900000	84.750000	63.000
83.900000	84.750000	53.000
83.900000	84.750000	37.000
84.800000	85.080000	61.000
84.870000	85.230000	58.000
84.870000	85.080000	54.000
84.870000	85.080000	44.000
84.870000	85.080000	37.000
85.130000	85.510000	68.000
85.130000	85.510000	61.000
85.280000	85.510000	58.000
85.280000	85.350000	44.000
85.560000	85.670000	32.000
85.810000	86.240000	68.000
85.810000	86.240000	37.000
85.810000	85.950000	58.000
85.810000	85.950000	32.000
86.000000	86.550000	44.000
86.290000	86.550000	37.000
86.290000	86.480000	73.000
86.290000	86.480000	68.000
86.680000	87.310000	61.000
86.680000	87.000000	54.000
86.680000	86.860000	58.000
86.680000	86.860000	44.000
86.910000	87.430000	44.000
86.910000	87.000000	58.000
87.180000	87.430000	51.000
87.180000	87.310000	58.000
87.360000	87.430000	32.000
87.480000	88.330000	80.000
87.480000	88.330000	44.000
87.480000	88.070000	37.000
87.480000	87.730000	58.000
87.970000	88.210000	58.000
88.260000	88.930000	37.000
88.380000	88.790000	73.000
88.380000	88.700000	81.000
88.380000	88.700000	34.000
88.750000	88.790000	85.000
88.840000	89.250000	85.000
88.980000	89.200000	58.000
89.060000	89.200000	37.000
89.440000	89.870000	68.000
89.440000	89.770000	37.000
89.440000	89.680000	63.000
89.440000	89.680000	32.000
89.730000	90.340000	44.000
89.820000	90.180000	58.000
89.920000	90.340000	80.000
89.920000	90.110000	37.000
90.230000	90.910000	56.000
90.390000	91.000000	44.000
90.390000	90.590000	37.000
90.770000	91.950000	75.000
90.770000	91.000000	82.000
90.770000	90.910000	37.000
90.960000	91.470000	56.000
91.050000	93.370000	80.000
91.050000	91.950000	87.000
91.050000	91.890000	44.000
91.050000	91.470000	83.000
91.050000	91.470000	54.000
91.050000	91.470000	47.000
91.650000	91.950000	68.000
91.650000	91.950000	59.000
91.650000	91.890000	63.000
91.650000	91.890000	32.000
92.000000	92.770000	76.000
92.000000	92.520000	68.000
92.000000	92.390000	59.000
92.000000	92.390000	45.000
92.000000	92.390000	38.000
92.570000	93.660000	68.000
92.570000	92.770000	64.000
92.570000	92.770000	57.000
92.570000	92.770000	26.000
92.820000	93.660000	71.000
92.820000	93.270000	63.000
92.820000	93.090000	32.000
93.140000	94.030000	56.000
93.140000	93.660000	87.000
93.420000	94.030000	80.000
93.420000	93.660000	75.000
93.420000	93.660000	59.000
93.420000	93.660000	44.000
93.710000	94.320000	83.000
93.710000	94.030000	68.000
93.710000	94.030000	37.000
94.080000	94.530000	80.000
94.080000	94.320000	71.000
94.080000	94.320000	34.000
94.700000	95.400000	82.000
94.700000	95.400000	42.000
94.700000	94.900000	49.000
94.700000	94.900000	39.000
94.950000	95.400000	73.000
94.950000	95.190000	58.000
95.240000	95.500000	58.000
95.450000	95.500000	42.000
95.450000	95.500000	37.000
95.550000	95.790000	61.000
95.840000	95.980000	46.000
95.840000	95.980000	43.000
96.150000	96.700000	61.000
96.150000	96.390000	58.000
96.150000	96.390000	43.000
96.440000	96.700000	44.000
96.440000	96.610000	75.000
96.660000	96.700000	68.000
96.750000	97.000000	61.000
96.750000	97.000000	44.000
96.750000	96.860000	58.000
97.050000	97.570000	68.000
97.050000	97.570000	61.000
97.050000	97.270000	34.000
97.050000	97.270000	32.000
97.320000	97.460000	56.000
97.510000	97.710000	65.000
97.510000	97.710000	56.000
97.510000	97.570000	34.000
97.760000	98.130000	34.000
97.920000	98.130000	56.000
97.920000	98.130000	41.000
98.180000	98.750000	51.000
98.400000	99.040000	78.000
98.400000	99.040000	39.000
98.800000	99.040000	61.000
98.800000	99.040000	46.000
99.090000	99.220000	44.000
99.270000	99.360000	32.000
99.410000	100.120000	44.000
99.410000	99.510000	60.000
99.410000	99.510000	46.000
99.670000	100.120000	32.000
100.170000	100.520000	68.000
100.170000	100.240000	37.000
100.290000	100.810000	56.000
100.380000	100.520000	77.000
100.380000	100.520000	41.000
100.570000	100.810000	77.000
100.570000	100.810000	68.000
100.570000	100.810000	65.000
100.570000	100.810000	32.000
100.860000	101.000000	68.000
100.860000	101.000000	34.000
101.050000	101.100000	68.000
101.050000	101.100000	61.000
101.150000	101.700000	61.000
101.150000	101.400000	56.000
101.150000	101.400000	53.000
101.150000	101.400000	50.000
101.150000	101.400000	46.000
101.450000	101.700000	49.000
101.570000	101.700000	69.000
101.750000	102.470000	42.000
101.750000	102.000000	69.000
101.750000	102.000000	68.000
101.750000	102.000000	57.000
101.750000	102.000000	56.000
102.050000	102.170000	57.000
102.310000	102.470000	70.000
102.310000	102.470000	69.000
102.310000	102.470000	58.000
102.520000	102.630000	52.000
102.520000	102.630000	42.000
102.680000	103.190000	35.000
102.680000	102.890000	58.000
102.680000	102.890000	57.000
103.240000	103.480000	78.000
103.240000	103.480000	58.000
103.240000	103.480000	57.000
103.240000	103.480000	51.000
103.530000	103.820000	69.000
103.530000	103.820000	68.000
103.530000	103.820000	56.000
103.530000	103.820000	40.000
103.870000	104.040000	69.000
103.870000	104.040000	66.000
103.870000	104.040000	64.000
103.870000	104.040000	56.000
104.090000	104.240000	56.000
104.090000	104.240000	40.000
104.290000	104.400000	66.000
104.290000	104.400000	54.000
104.450000	104.680000	84.000
104.450000	104.680000	75.000
104.450000	104.680000	68.000
104.450000	104.680000	37.000
104.730000	104.970000	57.000
105.020000	105.270000	37.000
105.020000	105.130000	68.000
105.440000	105.570000	61.000
105.620000	106.450000	61.000
105.620000	105.800000	54.000
105.620000	105.800000	39.000
105.620000	105.690000	66.000
105.850000	105.980000	66.000
105.850000	105.980000	54.000
106.030000	106.450000	73.000
106.030000	106.450000	66.000
106.030000	106.450000	54.000
106.200000	106.730000	52.000
106.200000	106.730000	45.000
106.780000	106.930000	54.000
106.980000	107.040000	54.000
107.090000	108.840000	68.000
107.090000	107.940000	44.000
107.090000	107.620000	55.000
107.670000	108.510000	56.000
107.990000	108.510000	58.000
107.990000	108.510000	49.000
108.620000	108.840000	80.000
108.620000	108.840000	61.000
108.620000	108.840000	44.000
108.890000	109.030000	68.000
109.080000	109.320000	74.000
109.080000	109.320000	65.000
109.080000	109.320000	56.000
109.370000	109.760000	56.000
109.370000	109.430000	80.000
109.480000	109.760000	44.000
109.810000	109.930000	68.000
109.980000	110.360000	44.000
109.980000	110.230000	75.000
109.980000	110.230000	58.000
109.980000	110.230000	28.000
110.410000	110.650000	46.000
110.410000	110.650000	44.000
110.700000	110.860000	59.000
110.910000	111.260000	64.000
110.910000	111.180000	47.000
110.910000	111.180000	43.000
110.910000	111.180000	33.000
111.310000	111.560000	64.000
111.310000	111.560000	43.000
111.310000	111.560000	33.000
111.610000	111.750000	44.000
111.800000	112.470000	45.000
111.800000	112.010000	78.000
112.060000	112.190000	78.000
112.240000	112.470000	78.000
112.240000	112.470000	33.000
112.740000	113.400000	62.000
112.740000	112.960000	79.000
113.010000	113.400000	55.000
113.130000	113.400000	79.000
113.450000	113.670000	76.000
113.450000	113.670000	69.000
113.450000	113.670000	59.000
113.450000	113.670000	55.000
113.450000	113.670000	33.000
113.720000	113.840000	56.000
113.890000	114.010000	33.000
114.060000	114.310000	68.000
114.060000	114.150000	56.000
114.200000	114.310000	56.000
114.360000	115.550000	69.000
114.550000	114.840000	38.000
114.960000	115.040000	57.000
115.090000	115.220000	45.000
115.090000	115.220000	40.000
115.270000	115.830000	35.000
115.270000	115.430000	57.000
115.600000	115.710000	62.000
115.880000	116.130000	59.000
115.880000	116.130000	50.000
115.880000	116.130000	42.000
116.180000	117.080000	57.000
116.390000	116.780000	81.000
116.390000	116.630000	76.000
116.390000	116.630000	40.000
116.830000	117.010000	58.000
116.830000	117.010000	47.000
117.060000	117.350000	76.000
117.130000	117.350000	70.000
117.130000	117.350000	58.000
117.130000	117.350000	57.000
117.400000	117.640000	55.000
117.690000	117.930000	64.000
117.690000	117.930000	33.000
118.050000	118.220000	50.000
118.140000	118.370000	38.000
118.270000	118.990000	50.000
118.270000	118.510000	62.000
118.420000	118.720000	38.000
118.560000	118.780000	69.000
118.890000	118.990000	38.000
119.040000	119.260000	62.000
119.150000	119.260000	59.000
119.150000	119.260000	50.000
119.310000	119.400000	51.000
119.450000	119.550000	26.000
119.600000	119.720000	51.000
119.600000	119.720000	38.000
119.770000	119.880000	68.000
119.770000	119.880000	50.000
119.930000	120.180000	68.000
119.930000	120.180000	53.000
119.930000	120.180000	38.000
120.410000	120.590000	68.000
120.410000	120.590000	38.000
120.640000	120.880000	74.000
120.640000	120.880000	69.000
120.640000	120.880000	38.000
120.930000	121.230000	71.000
120.930000	121.230000	70.000
120.930000	121.230000	65.000
120.930000	121.230000	53.000
120.930000	121.230000	52.000
120.930000	121.230000	51.000
121.280000	121.440000	66.000
121.280000	121.440000	54.000
121.560000	121.820000	75.000
121.560000	121.670000	68.000
121.720000	122.010000	47.000
121.720000	122.010000	40.000
121.720000	121.820000	50.000
121.980000	122.110000	52.000
122.160000	122.400000	65.000
122.160000	122.400000	53.000
122.160000	122.400000	52.000
122.450000	122.710000	45.000
122.450000	122.610000	52.000
122.660000	122.710000	52.000
122.760000	122.910000	66.000
122.760000	122.910000	54.000
122.960000	123.040000	74.000
123.090000	123.250000	43.000
123.090000	123.140000	74.000
123.300000	123.450000	57.000
123.500000	124.080000	42.000
123.500000	123.590000	57.000
123.640000	124.080000	66.000
123.640000	123.880000	54.000
123.930000	124.470000	54.000
123.930000	124.080000	57.000
123.930000	124.080000	50.000
124.130000	124.470000	66.000
124.240000	124.470000	73.000
124.240000	124.470000	26.000
124.520000	124.750000	67.000
124.520000	124.750000	55.000
124.520000	124.750000	47.000
124.800000	125.330000	66.000
124.800000	125.040000	69.000
124.800000	125.040000	57.000
125.090000	125.640000	59.000
125.090000	125.570000	43.000
125.380000	125.570000	56.000
125.380000	125.570000	55.000
125.690000	126.470000	59.000
125.690000	125.920000	71.000
125.690000	125.920000	50.000
125.970000	127.340000	62.000
125.970000	126.220000	61.000
125.970000	126.220000	55.000
126.270000	126.470000	26.000
126.520000	126.730000	55.000
126.780000	127.170000	56.000
126.780000	126.930000	63.000
126.980000	127.630000	32.000
126.980000	127.170000	63.000
127.540000	127.800000	53.000
127.540000	127.630000	62.000
127.680000	127.800000	34.000
127.850000	127.900000	56.000
127.850000	127.900000	50.000
127.950000	128.190000	53.000
127.950000	128.070000	61.000
128.120000	128.190000	41.000
128.240000	128.490000	59.000
128.540000	129.160000	57.000
128.720000	129.350000	69.000
128.720000	129.260000	78.000
129.210000	129.260000	57.000
129.210000	129.260000	42.000
129.400000	129.590000	76.000
129.400000	129.540000	69.000
129.720000	129.960000	62.000
130.010000	130.140000	59.000
130.290000	130.730000	62.000
130.290000	130.590000	57.000
130.290000	130.590000	47.000
130.290000	130.590000	40.000
130.890000	131.050000	57.000
131.190000	131.440000	45.000
131.360000	131.440000	61.000
131.490000	131.750000	57.000
131.800000	131.890000	56.000
131.940000	132.040000	67.000
132.090000	132.540000	78.000
132.090000	132.540000	76.000
132.090000	132.540000	69.000
132.090000	132.540000	58.000
132.090000	132.540000	38.000
132.760000	133.240000	66.000
132.760000	132.910000	57.000
132.760000	132.910000	26.000
132.960000	133.240000	57.000
132.960000	133.240000	35.000
133.290000	133.550000	65.000
133.600000	134.340000	57.000
133.600000	133.830000	43.000
133.600000	133.830000	35.000
133.880000	134.340000	40.000
133.880000	134.050000	76.000
133.880000	134.050000	69.000
133.880000	134.050000	34.000
134.100000	134.340000	81.000
134.500000	134.670000	57.000
134.500000	134.670000	40.000
134.780000	134.920000	57.000
135.090000	135.630000	67.000
135.090000	135.340000	78.000
135.090000	135.340000	57.000
135.090000	135.340000	55.000
135.390000	135.630000	55.000
135.680000	135.860000	57.000
135.680000	135.860000	39.000
135.910000	136.090000	70.000
135.910000	136.090000	66.000
136.300000	136.520000	58.000
136.300000	136.520000	57.000
136.620000	136.760000	57.000
136.900000	137.130000	85.000
136.900000	137.130000	78.000
136.900000	137.130000	42.000
137.180000	137.420000	66.000
137.180000	137.420000	62.000
137.180000	137.420000	35.000
137.470000	137.920000	57.000
137.690000	138.040000	85.000
137.690000	137.920000	76.000
138.090000	138.340000	85.000
138.090000	138.340000	76.000
138.390000	138.640000	76.000
138.390000	138.640000	43.000
138.690000	138.950000	85.000
138.690000	138.950000	76.000
138.690000	138.950000	69.000
139.000000	139.260000	76.000
139.310000	140.170000	45.000
139.630000	140.740000	33.000
139.630000	140.110000	69.000
139.630000	140.110000	64.000
140.220000	140.740000	61.000
140.520000	140.740000	73.000
140.790000	141.060000	65.000
140.790000	141.060000	64.000
141.110000	141.260000	38.000
141.310000	141.560000	62.000
141.310000	141.470000	39.000
141.610000	141.660000	62.000
141.750000	141.990000	62.000
142.040000	142.450000	62.000
142.200000	143.070000	74.000
142.610000	143.070000	62.000
142.610000	142.860000	57.000
142.960000	143.070000	38.000
143.120000	143.640000	62.000
143.120000	143.490000	74.000
143.120000	143.360000	57.000
143.120000	143.360000	47.000
143.540000	143.790000	45.000
143.540000	143.640000	74.000
143.690000	143.790000	63.000
143.840000	144.030000	62.000
143.840000	144.030000	59.000
144.140000	144.200000	62.000
144.320000	145.220000	62.000
144.450000	144.610000	63.000
144.860000	145.100000	63.000
144.860000	145.100000	50.000
144.860000	145.100000	47.000
145.270000	145.830000	62.000
145.270000	145.420000	63.000
145.270000	145.420000	59.000
145.580000	146.000000	38.000
145.880000	146.630000	62.000
145.880000	146.000000	47.000
146.180000	146.310000	59.000
146.470000	146.730000	93.000
146.470000	146.730000	45.000
146.780000	147.030000	50.000
147.080000	147.350000	84.000
147.080000	147.350000	81.000
147.080000	147.350000	77.000
147.400000	147.670000	78.000
147.400000	147.670000	57.000
147.720000	151.960000	75.000
147.720000	151.960000	68.000
147.720000	151.960000	62.000
147.720000	151.960000	48.000
147.720000	151.960000	32.000
147.720000	151.960000	31.000
147.720000	151.960000	30.000
147.720000	151.960000	28.000
147.720000	151.960000	27.000
147.720000	151.960000	26.000
147.720000	151.960000	25.000
147.720000	151.960000	22.000
147.720000	151.960000	21.000
