0.370000	0.900000	65.000
0.370000	0.710000	43.000
0.370000	0.520000	50.000
0.570000	2.770000	50.000
0.570000	0.900000	38.000
0.760000	1.280000	43.000
0.950000	1.280000	65.000
1.140000	1.670000	38.000
1.330000	2.410000	43.000
1.720000	2.210000	65.000
1.720000	2.050000	73.000
1.720000	2.050000	59.000
2.100000	2.580000	38.000
2.260000	2.580000	52.000
2.460000	2.770000	43.000
2.460000	2.580000	65.000
2.630000	2.770000	65.000
2.630000	2.770000	38.000
2.820000	3.150000	72.000
2.820000	3.150000	52.000
2.820000	3.150000	40.000
3.200000	3.690000	43.000
3.200000	3.520000	73.000
3.200000	3.520000	65.000
3.570000	4.070000	38.000
3.740000	4.260000	43.000
3.740000	3.880000	63.000
3.930000	4.070000	65.000
4.120000	5.540000	50.000
4.120000	4.640000	38.000
4.310000	5.370000	43.000
4.310000	4.640000	63.000
4.690000	5.180000	65.000
5.060000	5.540000	38.000
5.230000	5.540000	52.000
5.420000	5.920000	43.000
5.420000	5.740000	65.000
5.590000	5.920000	50.000
5.590000	5.920000	38.000
5.790000	6.130000	52.000
5.970000	6.130000	40.000
6.180000	6.660000	50.000
6.180000	6.480000	67.000
6.180000	6.480000	65.000
6.180000	6.480000	59.000
6.180000	6.480000	43.000
6.530000	7.590000	43.000
6.530000	7.030000	38.000
6.530000	6.660000	84.000
6.530000	6.660000	74.000
6.530000	6.660000	69.000
6.710000	7.590000	67.000
6.710000	7.030000	71.000
6.710000	7.030000	65.000
6.710000	7.030000	32.000
7.080000	7.400000	38.000
7.280000	7.590000	74.000
7.450000	7.590000	59.000
7.640000	8.890000	50.000
7.640000	7.760000	67.000
7.640000	7.760000	57.000
7.810000	9.080000	74.000
7.810000	8.890000	43.000
7.810000	8.340000	69.000
7.810000	8.340000	65.000
7.810000	8.340000	52.000
7.810000	8.340000	38.000
8.390000	9.080000	59.000
8.940000	9.440000	67.000
8.940000	9.080000	40.000
9.130000	9.440000	74.000
9.130000	9.440000	65.000
9.130000	9.440000	59.000
9.130000	9.440000	43.000
9.490000	10.160000	43.000
9.490000	9.960000	50.000
9.490000	9.610000	62.000
9.660000	9.960000	71.000
9.660000	9.960000	67.000
9.660000	9.960000	31.000
10.010000	10.910000	50.000
10.010000	10.530000	67.000
10.210000	11.640000	43.000
10.210000	10.530000	38.000
10.210000	10.530000	31.000
10.580000	10.910000	65.000
10.960000	12.900000	50.000
10.960000	11.070000	57.000
11.120000	11.270000	52.000
11.120000	11.270000	38.000
11.320000	11.440000	40.000
11.490000	11.640000	38.000
11.690000	12.000000	40.000
11.690000	12.000000	32.000
12.050000	12.540000	43.000
12.050000	12.360000	74.000
12.050000	12.360000	65.000
12.050000	12.360000	59.000
12.410000	12.900000	55.000
12.410000	12.900000	38.000
12.590000	13.460000	43.000
12.950000	13.270000	50.000
13.150000	13.270000	62.000
13.320000	13.630000	67.000
13.320000	13.460000	59.000
13.510000	14.740000	50.000
13.510000	14.180000	38.000
13.510000	14.000000	43.000
13.680000	14.000000	84.000
13.680000	14.000000	69.000
13.680000	14.000000	31.000
14.050000	14.550000	43.000
14.050000	14.180000	52.000
14.230000	14.550000	74.000
14.230000	14.550000	59.000
14.600000	15.290000	67.000
14.600000	14.930000	52.000
14.600000	14.930000	32.000
14.790000	14.930000	40.000
14.980000	17.860000	34.000
14.980000	15.480000	46.000
14.980000	15.290000	43.000
15.340000	15.650000	67.000
15.340000	15.650000	41.000
15.530000	16.020000	46.000
15.700000	16.390000	74.000
15.700000	15.830000	35.000
15.880000	16.020000	41.000
16.070000	17.120000	46.000
16.800000	17.120000	41.000
16.980000	17.290000	43.000
17.170000	17.480000	46.000
17.340000	17.480000	41.000
17.530000	18.580000	43.000
17.710000	17.860000	63.000
17.910000	18.390000	59.000
17.910000	18.220000	74.000
18.270000	18.960000	50.000
18.270000	18.580000	57.000
18.440000	18.750000	38.000
18.440000	18.580000	68.000
18.440000	18.580000	31.000
18.630000	20.060000	62.000
18.630000	18.960000	43.000
18.800000	19.700000	69.000
18.800000	19.330000	74.000
18.800000	19.330000	38.000
18.800000	19.330000	31.000
18.800000	18.960000	84.000
19.010000	21.690000	50.000
19.010000	20.060000	43.000
19.380000	19.700000	65.000
19.750000	20.240000	38.000
19.750000	19.870000	69.000
19.920000	20.060000	52.000
20.110000	21.690000	43.000
20.290000	20.790000	31.000
20.290000	20.420000	38.000
20.470000	20.790000	40.000
20.840000	21.160000	74.000
20.840000	21.160000	65.000
20.840000	21.160000	59.000
21.210000	21.690000	62.000
21.210000	21.330000	84.000
21.210000	21.330000	57.000
21.210000	21.330000	31.000
21.380000	21.890000	67.000
21.740000	23.510000	50.000
21.740000	22.060000	43.000
21.940000	22.980000	62.000
21.940000	22.410000	67.000
22.110000	23.510000	43.000
22.110000	22.240000	74.000
22.110000	22.240000	59.000
22.290000	23.510000	38.000
22.460000	22.980000	74.000
22.460000	22.790000	84.000
22.460000	22.790000	69.000
22.840000	22.980000	52.000
23.030000	24.240000	74.000
23.030000	23.710000	59.000
23.560000	24.080000	67.000
23.560000	23.710000	40.000
23.760000	25.550000	43.000
23.760000	24.080000	65.000
23.760000	24.080000	59.000
23.760000	24.080000	50.000
24.130000	24.810000	50.000
24.290000	24.610000	71.000
24.860000	25.550000	31.000
25.230000	25.920000	50.000
25.230000	25.550000	65.000
25.600000	27.160000	43.000
25.600000	25.920000	38.000
25.760000	26.090000	52.000
25.970000	26.260000	65.000
26.140000	27.160000	50.000
26.140000	26.260000	57.000
26.310000	26.630000	52.000
26.310000	26.630000	38.000
26.470000	26.630000	40.000
26.680000	27.160000	74.000
26.680000	26.980000	59.000
27.030000	27.350000	38.000
27.030000	27.160000	84.000
27.030000	27.160000	69.000
27.210000	27.350000	71.000
27.210000	27.350000	67.000
27.400000	27.890000	43.000
27.400000	27.520000	31.000
27.570000	27.890000	50.000
27.770000	28.790000	62.000
27.940000	28.240000	67.000
27.940000	28.070000	74.000
27.940000	28.070000	59.000
27.940000	28.070000	43.000
28.120000	28.790000	50.000
28.120000	28.240000	57.000
28.290000	29.340000	43.000
28.290000	28.790000	74.000
28.290000	28.790000	38.000
28.290000	28.620000	84.000
28.290000	28.620000	69.000
28.670000	29.340000	31.000
28.670000	28.790000	52.000
28.840000	29.340000	59.000
28.840000	29.170000	74.000
29.220000	29.550000	52.000
29.390000	29.550000	40.000
29.600000	32.450000	34.000
29.600000	29.920000	74.000
29.600000	29.920000	43.000
29.600000	29.920000	31.000
29.970000	30.430000	41.000
29.970000	30.090000	67.000
30.140000	30.630000	46.000
30.480000	30.630000	41.000
30.680000	32.450000	46.000
31.410000	31.530000	41.000
31.580000	31.900000	43.000
31.950000	32.080000	60.000
32.130000	32.990000	43.000
32.130000	32.450000	41.000
32.500000	32.990000	59.000
32.500000	32.810000	74.000
32.860000	33.170000	50.000
32.860000	32.990000	57.000
33.040000	33.350000	38.000
33.220000	33.920000	43.000
33.220000	33.350000	84.000
33.400000	33.920000	38.000
33.400000	33.550000	84.000
33.400000	33.550000	69.000
33.600000	34.290000	69.000
33.970000	34.290000	65.000
33.970000	34.290000	50.000
33.970000	34.290000	43.000
34.340000	35.370000	50.000
34.340000	35.370000	43.000
34.500000	34.650000	52.000
34.500000	34.650000	38.000
34.860000	35.370000	38.000
35.050000	35.740000	52.000
35.050000	35.550000	40.000
35.050000	35.370000	31.000
35.600000	36.100000	72.000
35.600000	35.910000	67.000
35.790000	36.170000	48.000
35.960000	36.170000	36.000
35.960000	36.100000	67.000
36.220000	36.830000	38.000
36.220000	36.470000	74.000
36.520000	36.830000	79.000
36.520000	36.830000	76.000
36.520000	36.830000	74.000
36.880000	37.010000	79.000
36.880000	37.010000	76.000
37.060000	37.360000	79.000
37.060000	37.360000	76.000
37.060000	37.360000	74.000
37.410000	37.560000	79.000
37.410000	37.560000	76.000
37.610000	37.910000	79.000
37.610000	37.910000	76.000
37.610000	37.910000	74.000
37.960000	38.090000	79.000
37.960000	38.090000	76.000
38.140000	38.440000	74.000
38.320000	38.630000	52.000
38.490000	38.990000	36.000
39.040000	39.360000	74.000
39.040000	39.360000	38.000
39.410000	39.710000	79.000
39.410000	39.710000	76.000
39.410000	39.710000	74.000
39.760000	39.880000	79.000
39.760000	39.880000	76.000
39.930000	40.230000	79.000
39.930000	40.230000	76.000
39.930000	40.230000	74.000
40.280000	40.430000	79.000
40.280000	40.430000	76.000
40.480000	40.790000	79.000
40.480000	40.790000	74.000
40.670000	40.790000	76.000
40.840000	40.960000	79.000
40.840000	40.960000	76.000
41.010000	41.300000	74.000
41.190000	41.490000	52.000
41.350000	41.490000	72.000
41.540000	41.860000	36.000
41.910000	42.580000	38.000
41.910000	42.230000	74.000
42.280000	42.580000	79.000
42.280000	42.580000	76.000
42.280000	42.580000	74.000
42.630000	42.770000	79.000
42.630000	42.770000	76.000
42.820000	43.110000	79.000
42.820000	43.110000	76.000
42.820000	43.110000	74.000
43.160000	43.300000	79.000
43.160000	43.300000	76.000
43.350000	43.660000	79.000
43.350000	43.660000	76.000
43.350000	43.660000	74.000
43.710000	43.840000	79.000
43.710000	43.840000	76.000
43.890000	44.010000	74.000
44.060000	44.770000	38.000
44.240000	44.580000	74.000
44.240000	44.580000	43.000
44.630000	47.490000	43.000
45.010000	45.140000	57.000
45.010000	45.140000	31.000
45.190000	46.240000	50.000
45.560000	45.890000	65.000
45.940000	46.240000	52.000
45.940000	46.240000	38.000
45.940000	46.240000	31.000
46.290000	46.420000	65.000
46.470000	46.760000	38.000
46.640000	46.960000	52.000
46.810000	46.960000	40.000
47.010000	47.490000	74.000
47.010000	47.320000	65.000
47.010000	47.320000	59.000
47.370000	47.490000	62.000
47.370000	47.490000	38.000
47.540000	47.840000	71.000
47.540000	47.840000	67.000
47.540000	47.840000	65.000
47.890000	48.040000	67.000
48.090000	49.520000	62.000
48.090000	48.400000	71.000
48.090000	48.400000	55.000
48.270000	48.400000	67.000
48.270000	48.400000	59.000
48.450000	50.410000	50.000
48.450000	49.150000	38.000
48.450000	48.570000	43.000
48.620000	51.320000	43.000
48.620000	49.520000	74.000
48.620000	49.150000	69.000
48.620000	48.960000	84.000
49.010000	49.150000	52.000
49.200000	49.870000	59.000
49.570000	49.870000	52.000
49.570000	49.870000	40.000
49.570000	49.870000	31.000
49.920000	50.230000	74.000
49.920000	50.230000	65.000
49.920000	50.230000	59.000
50.280000	50.760000	38.000
50.280000	50.410000	84.000
50.460000	50.950000	67.000
50.460000	50.760000	71.000
50.460000	50.760000	44.000
50.810000	50.950000	38.000
51.000000	51.700000	77.000
51.000000	51.320000	71.000
51.000000	51.320000	67.000
51.000000	51.320000	31.000
51.370000	52.420000	43.000
51.370000	51.700000	65.000
51.750000	52.060000	38.000
51.920000	52.060000	52.000
52.110000	52.240000	65.000
52.290000	52.420000	38.000
52.470000	52.800000	40.000
52.470000	52.800000	32.000
52.850000	53.160000	74.000
52.850000	53.160000	65.000
52.850000	53.160000	59.000
53.210000	54.080000	38.000
53.210000	53.890000	43.000
53.210000	53.330000	84.000
53.210000	53.330000	62.000
53.380000	53.700000	71.000
53.380000	53.700000	67.000
53.380000	53.700000	31.000
53.750000	53.890000	67.000
53.940000	54.250000	74.000
53.940000	54.250000	43.000
54.130000	54.250000	67.000
54.130000	54.250000	62.000
54.130000	54.250000	59.000
54.300000	55.530000	50.000
54.300000	54.980000	38.000
54.300000	54.430000	44.000
54.480000	55.360000	43.000
54.480000	54.980000	69.000
54.480000	54.800000	84.000
54.480000	54.800000	74.000
54.850000	54.980000	52.000
55.030000	55.360000	74.000
55.030000	55.360000	59.000
55.410000	55.730000	52.000
55.410000	55.730000	43.000
55.580000	55.730000	40.000
55.780000	58.670000	34.000
55.780000	56.280000	67.000
55.780000	56.280000	46.000
56.150000	56.440000	41.000
56.330000	56.820000	46.000
56.680000	56.820000	74.000
56.680000	56.820000	41.000
56.870000	57.930000	46.000
57.610000	57.740000	41.000
57.790000	58.100000	43.000
57.980000	58.290000	46.000
58.340000	58.670000	43.000
58.340000	58.670000	41.000
58.720000	59.210000	43.000
58.720000	59.020000	74.000
58.720000	59.020000	65.000
58.720000	59.020000	35.000
59.070000	59.570000	38.000
59.070000	59.390000	31.000
59.070000	59.210000	67.000
59.260000	59.760000	43.000
59.440000	61.230000	62.000
59.440000	59.570000	84.000
59.620000	60.510000	69.000
59.620000	60.130000	38.000
59.620000	59.760000	84.000
59.810000	60.870000	43.000
59.810000	60.130000	74.000
60.180000	61.410000	50.000
60.180000	60.510000	65.000
60.560000	60.870000	38.000
60.730000	60.870000	52.000
60.730000	60.870000	31.000
60.920000	61.230000	65.000
60.920000	61.230000	43.000
61.100000	61.410000	38.000
61.280000	61.600000	52.000
61.460000	61.600000	40.000
61.650000	62.690000	46.000
61.650000	62.140000	34.000
61.650000	61.970000	43.000
62.020000	62.330000	67.000
62.020000	62.330000	41.000
62.190000	62.490000	62.000
62.190000	62.330000	35.000
62.380000	64.540000	34.000
62.540000	64.540000	62.000
62.540000	62.690000	41.000
62.740000	63.610000	46.000
63.660000	63.980000	43.000
63.660000	63.810000	41.000
63.660000	63.810000	35.000
63.860000	64.170000	46.000
64.030000	64.170000	41.000
64.220000	65.620000	43.000
64.220000	64.540000	35.000
64.590000	65.060000	59.000
64.590000	64.910000	74.000
64.960000	65.260000	57.000
64.960000	65.260000	31.000
65.110000	65.620000	38.000
65.310000	65.620000	74.000
65.480000	67.240000	62.000
65.480000	66.370000	50.000
65.670000	66.720000	43.000
65.670000	66.370000	77.000
65.670000	66.000000	74.000
65.670000	66.000000	69.000
65.670000	66.000000	38.000
66.050000	66.370000	69.000
66.050000	66.370000	65.000
66.420000	67.240000	50.000
66.420000	66.520000	57.000
66.570000	66.910000	38.000
66.570000	66.720000	40.000
66.770000	67.240000	43.000
66.770000	67.080000	65.000
66.960000	67.240000	38.000
67.130000	67.430000	52.000
67.290000	68.180000	50.000
67.290000	67.430000	40.000
67.480000	68.180000	46.000
67.480000	68.180000	43.000
68.230000	69.500000	66.000
68.230000	68.580000	69.000
68.630000	68.770000	69.000
68.820000	69.130000	74.000
69.010000	69.130000	72.000
69.010000	69.130000	60.000
69.180000	69.710000	54.000
69.180000	69.500000	74.000
69.180000	69.500000	38.000
69.550000	69.890000	74.000
69.760000	70.250000	54.000
69.760000	70.090000	60.000
69.760000	69.890000	50.000
69.940000	70.430000	50.000
69.940000	70.090000	74.000
70.140000	70.250000	66.000
70.300000	70.430000	74.000
70.480000	70.800000	74.000
70.670000	71.920000	54.000
70.670000	71.170000	38.000
70.850000	71.170000	74.000
71.220000	71.530000	74.000
71.400000	71.530000	38.000
71.580000	71.720000	74.000
71.770000	72.060000	74.000
71.770000	72.060000	66.000
71.970000	72.060000	54.000
72.110000	72.430000	72.000
72.110000	72.430000	52.000
72.110000	72.430000	36.000
72.480000	72.630000	72.000
72.680000	72.990000	64.000
72.680000	72.990000	58.000
72.680000	72.810000	48.000
72.860000	73.170000	48.000
72.860000	72.990000	36.000
73.040000	73.730000	64.000
73.040000	73.570000	67.000
73.040000	73.170000	62.000
73.220000	73.350000	72.000
73.400000	73.570000	72.000
73.780000	74.090000	76.000
73.780000	74.090000	72.000
73.780000	73.910000	36.000
73.960000	74.090000	52.000
74.140000	74.460000	72.000
74.140000	74.460000	58.000
74.140000	74.250000	48.000
74.300000	74.810000	48.000
74.510000	74.810000	72.000
74.510000	74.640000	62.000
74.690000	75.010000	76.000
74.690000	75.010000	67.000
74.860000	75.010000	57.000
75.060000	75.520000	35.000
75.060000	75.330000	51.000
75.380000	75.890000	66.000
75.570000	76.070000	57.000
75.570000	75.890000	71.000
75.750000	75.890000	75.000
75.750000	75.890000	35.000
75.940000	76.260000	66.000
75.940000	76.260000	47.000
75.940000	76.070000	61.000
76.480000	76.790000	52.000
76.480000	76.790000	36.000
76.670000	77.510000	67.000
77.010000	77.330000	76.000
77.010000	77.330000	58.000
77.010000	77.330000	36.000
77.180000	77.510000	48.000
77.180000	77.330000	74.000
77.380000	77.700000	62.000
77.380000	77.510000	74.000
77.560000	77.700000	66.000
77.980000	78.250000	54.000
77.980000	78.050000	74.000
78.100000	78.420000	74.000
78.100000	78.420000	66.000
78.300000	78.420000	50.000
78.470000	78.810000	72.000
78.470000	78.600000	50.000
78.470000	78.600000	36.000
78.650000	79.150000	50.000
78.650000	78.810000	64.000
78.650000	78.810000	54.000
78.650000	78.810000	48.000
78.860000	79.150000	74.000
78.860000	79.150000	64.000
79.010000	79.330000	72.000
79.200000	79.330000	74.000
79.380000	80.050000	54.000
79.380000	79.890000	38.000
79.380000	79.680000	74.000
79.730000	79.890000	74.000
79.940000	80.250000	74.000
79.940000	80.050000	50.000
80.100000	80.430000	50.000
80.300000	80.790000	79.000
80.300000	80.430000	74.000
80.480000	80.790000	74.000
80.840000	81.510000	66.000
80.840000	80.980000	74.000
81.030000	81.340000	38.000
81.030000	81.150000	74.000
81.200000	81.510000	74.000
81.560000	81.870000	50.000
81.560000	81.680000	79.000
81.560000	81.680000	74.000
81.730000	81.870000	74.000
81.920000	82.090000	74.000
82.140000	82.240000	74.000
82.290000	82.600000	54.000
82.290000	82.420000	74.000
82.470000	82.980000	74.000
82.650000	82.980000	54.000
82.650000	82.790000	38.000
82.840000	83.160000	60.000
83.030000	83.160000	74.000
83.210000	83.330000	74.000
83.380000	83.710000	79.000
83.380000	83.710000	74.000
83.580000	83.710000	54.000
83.580000	83.710000	53.000
83.760000	84.070000	52.000
83.940000	84.070000	36.000
84.120000	84.210000	64.000
84.120000	84.210000	52.000
84.320000	84.780000	67.000
84.320000	84.440000	74.000
84.320000	84.440000	58.000
84.320000	84.440000	36.000
84.490000	84.990000	62.000
84.490000	84.990000	52.000
84.490000	84.780000	74.000
84.490000	84.780000	48.000
84.830000	84.990000	72.000
84.830000	84.990000	64.000
84.830000	84.990000	48.000
85.270000	85.530000	52.000
85.410000	86.270000	67.000
85.410000	85.530000	74.000
85.410000	85.530000	36.000
85.580000	86.070000	74.000
85.580000	85.720000	52.000
85.770000	86.270000	48.000
85.770000	86.070000	64.000
85.770000	86.070000	58.000
86.120000	86.460000	62.000
86.120000	86.270000	74.000
86.320000	86.620000	74.000
86.320000	86.620000	67.000
86.320000	86.620000	64.000
86.320000	86.460000	72.000
86.510000	86.620000	55.000
86.510000	86.620000	45.000
86.670000	87.170000	35.000
86.670000	87.000000	51.000
87.050000	87.730000	66.000
87.220000	87.730000	57.000
87.220000	87.550000	71.000
87.220000	87.350000	47.000
87.400000	87.730000	47.000
87.400000	87.550000	63.000
87.600000	87.910000	61.000
87.780000	87.910000	66.000
87.960000	88.080000	56.000
88.130000	88.450000	52.000
88.320000	88.620000	67.000
88.320000	88.450000	36.000
88.500000	88.620000	72.000
88.500000	88.620000	52.000
88.670000	89.180000	67.000
88.670000	88.980000	76.000
88.670000	88.980000	58.000
88.670000	88.980000	36.000
88.860000	89.180000	48.000
88.860000	88.980000	74.000
89.030000	89.360000	74.000
89.030000	89.360000	62.000
89.030000	89.180000	52.000
89.230000	89.360000	56.000
89.410000	89.550000	73.000
89.410000	89.550000	45.000
89.600000	89.900000	72.000
89.600000	89.900000	37.000
89.950000	90.090000	80.000
90.140000	90.470000	59.000
90.140000	90.470000	49.000
90.140000	90.280000	52.000
90.330000	90.820000	73.000
90.520000	90.820000	63.000
90.520000	90.820000	59.000
90.520000	90.630000	49.000
90.680000	90.820000	66.000
90.870000	91.000000	72.000
91.050000	92.090000	54.000
91.050000	91.540000	74.000
91.050000	91.540000	38.000
91.410000	91.720000	78.000
91.590000	91.720000	74.000
91.770000	92.090000	74.000
91.770000	92.090000	69.000
91.770000	92.090000	66.000
92.140000	92.840000	38.000
92.140000	92.660000	74.000
92.510000	93.200000	43.000
92.510000	92.660000	59.000
92.710000	92.840000	84.000
92.710000	92.840000	62.000
92.890000	93.410000	67.000
92.890000	93.200000	71.000
92.890000	93.200000	65.000
92.890000	93.200000	36.000
92.890000	93.200000	32.000
93.250000	93.560000	38.000
93.250000	93.410000	43.000
93.460000	94.510000	62.000
93.460000	93.740000	43.000
93.460000	93.560000	77.000
93.460000	93.560000	50.000
93.610000	93.930000	67.000
93.610000	93.740000	59.000
93.790000	94.510000	38.000
93.980000	94.510000	43.000
93.980000	94.320000	84.000
93.980000	94.320000	74.000
93.980000	94.320000	69.000
94.370000	94.510000	52.000
94.560000	97.460000	43.000
94.560000	95.250000	74.000
94.560000	95.250000	40.000
95.300000	95.610000	74.000
95.660000	96.150000	50.000
95.660000	95.780000	84.000
95.660000	95.780000	57.000
95.830000	96.150000	71.000
95.830000	96.150000	31.000
96.200000	96.720000	71.000
96.770000	97.090000	31.000
97.140000	97.640000	38.000
97.320000	97.640000	52.000
97.320000	97.640000	31.000
97.510000	97.820000	50.000
97.510000	97.640000	65.000
97.510000	97.640000	43.000
97.690000	101.460000	43.000
97.690000	98.180000	38.000
97.870000	98.180000	50.000
97.870000	98.180000	40.000
98.230000	98.540000	65.000
98.230000	98.540000	59.000
98.590000	99.080000	38.000
98.590000	98.710000	84.000
98.760000	99.270000	67.000
98.760000	99.080000	71.000
98.760000	99.080000	65.000
99.320000	99.620000	74.000
99.320000	99.450000	69.000
99.320000	99.450000	38.000
99.500000	99.620000	59.000
99.670000	100.730000	50.000
99.670000	99.800000	57.000
99.850000	100.370000	38.000
99.850000	100.170000	84.000
99.850000	100.170000	74.000
99.850000	100.170000	69.000
100.220000	100.370000	52.000
100.420000	100.730000	74.000
100.420000	100.730000	59.000
100.780000	101.090000	40.000
101.140000	104.020000	34.000
101.140000	101.640000	46.000
101.510000	101.640000	67.000
101.510000	101.640000	60.000
101.690000	102.560000	46.000
101.870000	101.990000	74.000
102.040000	102.560000	74.000
102.040000	102.190000	41.000
102.240000	102.930000	69.000
102.240000	102.560000	65.000
102.610000	103.300000	46.000
102.980000	103.100000	41.000
103.150000	103.470000	43.000
103.350000	104.020000	46.000
103.520000	103.660000	41.000
103.710000	107.320000	43.000
104.070000	104.570000	59.000
104.070000	104.400000	50.000
104.450000	104.750000	57.000
104.450000	104.750000	50.000
104.620000	104.750000	38.000
104.800000	105.500000	74.000
104.800000	105.130000	84.000
104.990000	105.870000	69.000
104.990000	105.500000	38.000
105.180000	105.500000	81.000
105.180000	105.500000	77.000
105.550000	105.870000	65.000
105.550000	105.870000	59.000
105.550000	105.870000	50.000
105.920000	106.230000	50.000
105.920000	106.030000	57.000
106.080000	106.410000	38.000
106.080000	106.230000	52.000
106.280000	106.590000	50.000
106.460000	106.590000	38.000
106.640000	106.950000	40.000
107.000000	109.870000	34.000
107.000000	108.050000	46.000
107.370000	107.680000	67.000
107.370000	107.500000	41.000
107.730000	108.410000	74.000
107.900000	108.050000	41.000
108.100000	109.500000	46.000
109.000000	109.310000	43.000
109.000000	109.310000	41.000
109.360000	109.500000	41.000
109.550000	110.240000	65.000
109.550000	109.870000	43.000
109.920000	113.560000	43.000
109.920000	110.600000	59.000
109.920000	110.240000	50.000
110.290000	110.790000	50.000
110.290000	110.600000	57.000
110.460000	110.600000	38.000
110.650000	111.350000	74.000
110.840000	111.720000	77.000
110.840000	111.720000	50.000
111.400000	111.720000	65.000
111.770000	112.070000	50.000
111.770000	111.880000	57.000
111.930000	112.800000	31.000
111.930000	112.070000	52.000
111.930000	112.070000	38.000
112.300000	112.800000	40.000
112.300000	112.800000	38.000
112.850000	113.560000	65.000
113.610000	113.930000	74.000
113.980000	114.320000	74.000
114.240000	114.320000	72.000
114.240000	114.320000	64.000
114.240000	114.320000	54.000
114.370000	115.100000	78.000
114.370000	114.700000	38.000
114.750000	115.100000	42.000
115.150000	115.480000	43.000
115.150000	115.370000	74.000
115.530000	115.870000	66.000
115.530000	115.870000	44.000
115.920000	116.250000	45.000
116.300000	116.640000	46.000
116.550000	117.000000	74.000
116.780000	117.000000	78.000
116.780000	117.000000	47.000
117.050000	117.370000	72.000
117.050000	117.370000	58.000
117.050000	117.370000	50.000
117.050000	117.370000	44.000
117.420000	117.750000	76.000
117.420000	117.750000	48.000
117.420000	117.750000	41.000
117.800000	118.140000	76.000
117.800000	118.140000	48.000
118.190000	118.520000	46.000
118.190000	118.440000	72.000
118.190000	118.440000	59.000
118.570000	118.910000	59.000
118.570000	118.910000	45.000
118.960000	119.300000	44.000
118.960000	119.300000	43.000
119.350000	119.570000	45.000
119.620000	119.720000	71.000
119.620000	119.720000	62.000
119.770000	119.840000	74.000
119.890000	119.960000	75.000
119.890000	119.960000	42.000
120.010000	120.180000	76.000
120.230000	120.430000	39.000
120.480000	120.830000	74.000
120.480000	120.830000	47.000
120.480000	120.830000	36.000
120.880000	121.200000	57.000
120.880000	121.200000	36.000
121.250000	121.600000	40.000
121.250000	121.470000	76.000
121.650000	122.000000	67.000
121.650000	121.880000	35.000
121.930000	122.000000	58.000
122.050000	122.360000	72.000
122.050000	122.360000	36.000
122.410000	122.640000	41.000
122.690000	122.850000	70.000
122.900000	123.210000	43.000
123.260000	123.390000	66.000
123.440000	123.580000	69.000
123.560000	123.580000	54.000
123.630000	123.890000	50.000
123.630000	123.790000	74.000
123.940000	124.030000	78.000
124.080000	124.280000	74.000
124.080000	124.280000	49.000
124.080000	124.280000	44.000
124.330000	124.540000	78.000
124.330000	124.540000	48.000
124.330000	124.540000	41.000
124.590000	125.040000	66.000
124.590000	124.660000	64.000
124.710000	125.040000	47.000
124.710000	125.040000	36.000
125.090000	125.430000	67.000
125.090000	125.430000	55.000
125.090000	125.430000	46.000
125.480000	125.830000	45.000
125.880000	126.200000	76.000
125.880000	126.090000	44.000
126.250000	126.590000	42.000
126.250000	126.490000	78.000
126.250000	126.490000	23.000
126.540000	126.590000	66.000
126.640000	126.980000	78.000
126.640000	126.980000	39.000
127.030000	127.240000	52.000
127.030000	127.240000	41.000
127.290000	127.400000	64.000
127.450000	127.770000	76.000
127.450000	127.770000	42.000
127.820000	128.140000	39.000
128.190000	128.530000	82.000
128.190000	128.530000	78.000
128.190000	128.530000	41.000
128.580000	128.920000	76.000
128.580000	128.920000	37.000
128.580000	128.830000	50.000
128.970000	129.310000	39.000
129.250000	129.390000	76.000
129.440000	129.750000	74.000
129.440000	129.580000	40.000
129.630000	129.670000	39.000
129.720000	129.750000	58.000
129.800000	130.170000	36.000
130.030000	130.170000	70.000
130.220000	130.500000	41.000
130.420000	130.500000	79.000
130.420000	130.500000	58.000
130.550000	130.740000	74.000
130.550000	130.740000	42.000
130.680000	130.740000	70.000
130.790000	131.010000	67.000
131.060000	131.260000	42.000
131.060000	131.140000	72.000
131.190000	131.390000	58.000
131.190000	131.260000	64.000
131.310000	131.390000	67.000
131.560000	131.640000	76.000
131.560000	131.640000	44.000
131.800000	132.010000	45.000
131.920000	132.010000	88.000
132.290000	132.550000	58.000
132.290000	132.390000	76.000
132.290000	132.390000	62.000
132.440000	132.640000	46.000
132.440000	132.550000	74.000
132.600000	132.750000	76.000
132.800000	133.010000	78.000
132.800000	133.010000	47.000
133.060000	133.140000	71.000
133.190000	133.390000	42.000
133.440000	133.760000	74.000
133.560000	133.890000	36.000
133.560000	133.760000	75.000
133.810000	133.890000	57.000
133.940000	134.270000	43.000
133.940000	134.160000	71.000
134.210000	134.270000	58.000
134.320000	134.670000	67.000
134.320000	134.670000	64.000
134.320000	134.670000	49.000
134.320000	134.670000	29.000
134.320000	134.670000	24.000
134.720000	135.040000	43.000
134.720000	134.950000	76.000
135.000000	135.440000	74.000
135.090000	135.330000	49.000
135.380000	135.440000	68.000
135.380000	135.440000	62.000
135.490000	135.700000	73.000
135.490000	135.700000	43.000
135.750000	135.880000	77.000
135.750000	135.880000	63.000
135.750000	135.880000	59.000
135.930000	136.200000	80.000
135.930000	136.200000	49.000
136.250000	136.480000	77.000
136.250000	136.480000	44.000
136.530000	136.980000	37.000
136.530000	136.850000	73.000
136.900000	136.980000	63.000
137.030000	137.240000	74.000
137.030000	137.240000	44.000
137.290000	137.450000	66.000
137.400000	137.620000	50.000
137.400000	137.450000	54.000
137.500000	137.620000	76.000
137.670000	137.730000	74.000
137.780000	138.110000	45.000
138.050000	138.110000	66.000
138.200000	138.490000	38.000
138.200000	138.350000	74.000
138.400000	138.490000	74.000
138.540000	138.890000	45.000
138.540000	138.720000	66.000
138.770000	138.890000	38.000
138.940000	139.120000	74.000
138.940000	139.120000	71.000
138.940000	139.120000	67.000
138.940000	139.120000	31.000
139.170000	139.490000	38.000
139.170000	139.300000	74.000
139.170000	139.300000	32.000
139.350000	139.490000	71.000
139.540000	139.650000	43.000
139.700000	140.020000	67.000
139.900000	141.000000	62.000
139.900000	140.220000	43.000
139.900000	140.020000	50.000
140.070000	140.220000	74.000
140.070000	140.220000	67.000
140.070000	140.220000	59.000
140.270000	140.610000	38.000
140.450000	141.000000	69.000
140.450000	140.790000	84.000
140.450000	140.610000	43.000
140.660000	141.000000	38.000
140.660000	140.790000	74.000
140.840000	141.000000	52.000
140.840000	141.000000	31.000
141.050000	141.750000	50.000
141.050000	141.750000	44.000
141.050000	141.750000	40.000
141.800000	142.300000	74.000
141.800000	142.110000	59.000
142.160000	142.500000	38.000
142.160000	142.300000	84.000
142.350000	142.670000	71.000
142.550000	142.670000	65.000
142.550000	142.670000	32.000
142.720000	142.870000	38.000
142.920000	143.640000	50.000
143.310000	143.640000	31.000
143.690000	145.090000	43.000
143.690000	144.000000	50.000
143.690000	143.800000	57.000
143.850000	144.000000	52.000
143.850000	144.000000	38.000
144.050000	144.190000	50.000
144.240000	144.360000	57.000
144.240000	144.360000	50.000
144.410000	144.730000	40.000
144.410000	144.730000	38.000
144.410000	144.730000	32.000
144.780000	145.270000	74.000
144.780000	145.090000	65.000
144.780000	145.090000	59.000
145.140000	146.220000	43.000
145.140000	145.640000	38.000
145.140000	145.270000	84.000
145.140000	145.270000	69.000
145.320000	146.220000	67.000
145.320000	145.640000	71.000
145.320000	145.640000	65.000
145.890000	146.010000	50.000
146.270000	146.750000	38.000
146.270000	146.380000	67.000
146.430000	148.080000	43.000
146.430000	146.750000	84.000
146.430000	146.750000	74.000
146.620000	146.750000	69.000
146.800000	146.940000	52.000
146.990000	147.330000	74.000
146.990000	147.330000	59.000
146.990000	147.330000	38.000
147.380000	147.700000	52.000
147.750000	150.650000	34.000
147.750000	148.820000	46.000
148.130000	148.440000	67.000
148.130000	148.440000	41.000
148.680000	148.820000	41.000
148.870000	149.920000	46.000
149.610000	149.720000	60.000
149.770000	150.100000	43.000
149.770000	149.920000	41.000
149.970000	150.650000	46.000
150.150000	150.280000	41.000
150.330000	153.970000	43.000
150.330000	151.030000	65.000
150.700000	151.390000	59.000
150.700000	151.190000	67.000
150.700000	151.030000	50.000
151.080000	152.520000	50.000
151.240000	151.390000	38.000
151.440000	151.770000	74.000
151.440000	151.580000	84.000
151.630000	152.520000	69.000
151.630000	152.140000	38.000
151.630000	151.770000	84.000
151.820000	152.140000	59.000
152.190000	152.520000	65.000
152.570000	152.880000	50.000
152.570000	152.670000	57.000
152.720000	153.040000	38.000
152.720000	152.880000	52.000
153.090000	153.240000	38.000
153.290000	153.600000	40.000
153.650000	156.510000	34.000
153.650000	154.690000	46.000
154.020000	154.140000	67.000
154.020000	154.140000	41.000
154.190000	154.320000	65.000
154.370000	154.500000	74.000
154.550000	155.050000	74.000
154.550000	154.690000	41.000
154.740000	155.770000	46.000
155.470000	155.590000	41.000
155.640000	155.940000	43.000
155.820000	156.510000	46.000
155.990000	156.150000	41.000
156.200000	156.510000	43.000
156.560000	157.620000	43.000
156.560000	157.250000	59.000
156.560000	156.890000	50.000
156.940000	157.620000	50.000
156.940000	157.050000	57.000
157.100000	157.420000	38.000
157.100000	157.250000	31.000
157.300000	157.620000	74.000
157.470000	157.990000	38.000
157.470000	157.990000	31.000
157.670000	158.710000	43.000
157.670000	157.990000	50.000
158.040000	158.350000	65.000
158.400000	158.710000	50.000
158.400000	158.520000	57.000
158.570000	158.710000	52.000
158.570000	158.710000	38.000
158.760000	159.980000	43.000
158.940000	159.440000	38.000
159.120000	160.160000	31.000
159.120000	159.440000	40.000
159.490000	159.810000	73.000
159.490000	159.810000	65.000
159.860000	161.280000	50.000
159.860000	160.160000	57.000
160.030000	160.530000	43.000
160.030000	160.350000	38.000
160.210000	160.350000	65.000
160.400000	160.890000	38.000
160.580000	161.420000	43.000
160.940000	161.280000	73.000
160.940000	161.280000	65.000
161.330000	161.620000	50.000
161.330000	161.420000	57.000
161.470000	161.620000	52.000
161.470000	161.620000	40.000
161.470000	161.620000	38.000
161.670000	162.160000	43.000
161.670000	161.820000	65.000
161.870000	162.160000	57.000
161.870000	162.160000	50.000
162.040000	162.370000	52.000
162.040000	162.160000	38.000
162.210000	162.370000	40.000
162.420000	162.890000	43.000
162.420000	162.730000	73.000
162.420000	162.730000	65.000
162.420000	162.730000	50.000
162.780000	164.200000	50.000
162.780000	162.890000	57.000
162.940000	163.470000	43.000
162.940000	163.280000	38.000
163.140000	163.470000	65.000
163.330000	163.840000	38.000
163.520000	164.360000	43.000
163.890000	164.200000	65.000
164.250000	165.640000	50.000
164.250000	164.570000	38.000
164.410000	164.570000	52.000
164.410000	164.570000	40.000
164.620000	164.930000	43.000
164.620000	164.750000	65.000
164.800000	165.300000	38.000
164.980000	165.300000	52.000
164.980000	165.300000	40.000
165.350000	165.640000	65.000
165.350000	165.640000	43.000
165.690000	165.980000	66.000
165.690000	165.980000	47.000
165.690000	165.810000	55.000
165.860000	166.150000	50.000
165.860000	165.980000	69.000
165.860000	165.980000	57.000
166.030000	166.150000	59.000
166.200000	166.680000	67.000
166.200000	166.500000	59.000
166.390000	166.500000	62.000
166.550000	166.680000	71.000
166.730000	166.850000	79.000
166.900000	167.010000	74.000
167.060000	167.360000	79.000
167.240000	167.360000	74.000
167.410000	167.520000	71.000
167.570000	167.900000	79.000
167.950000	168.080000	74.000
168.130000	168.820000	50.000
168.310000	169.570000	43.000
168.310000	168.820000	69.000
168.310000	168.460000	74.000
168.510000	168.820000	74.000
168.510000	168.820000	38.000
169.230000	169.940000	77.000
169.230000	169.570000	71.000
169.230000	169.570000	67.000
169.230000	169.570000	31.000
169.620000	171.020000	43.000
169.990000	171.750000	50.000
169.990000	170.100000	57.000
170.150000	170.470000	52.000
170.150000	170.470000	38.000
170.340000	170.660000	65.000
170.520000	171.020000	38.000
170.710000	171.020000	52.000
170.710000	171.020000	40.000
171.070000	171.750000	74.000
171.070000	171.750000	69.000
171.070000	171.390000	81.000
171.070000	171.390000	65.000
171.440000	174.650000	43.000
171.440000	171.750000	38.000
171.440000	171.750000	31.000
172.160000	172.480000	38.000
172.530000	172.850000	65.000
172.900000	173.190000	50.000
172.900000	173.000000	57.000
173.050000	173.190000	52.000
173.050000	173.190000	38.000
173.240000	173.340000	65.000
173.390000	173.920000	38.000
173.610000	173.920000	40.000
173.970000	174.650000	69.000
173.970000	174.300000	74.000
174.350000	174.650000	38.000
174.350000	174.650000	31.000
174.700000	185.480000	43.000
175.060000	176.850000	31.000
175.060000	175.370000	38.000
175.780000	176.280000	38.000
175.960000	176.280000	52.000
176.140000	176.470000	65.000
176.330000	176.850000	38.000
176.520000	176.850000	52.000
176.520000	176.850000	40.000
176.900000	185.480000	50.000
176.900000	178.820000	73.000
176.900000	178.820000	65.000
178.870000	185.480000	47.000
178.870000	185.480000	38.000
178.870000	185.480000	34.000
